TimeStamp,SimulationID,VirtualAgentRole,VerbalMode,LLMPrefUpdateWeight,ToM,DepthProcessing,FacialExpression,ParticipantPhysiologicalSensitivity,LLMHypothesis,AgentScore,PlayerScore,VirtualAgentBelief,RewardBoxID,SelectedBox,Language,Q1,Q2,Q3,Q4,Q5,Q6,Q7,Q8,AgentSuccess,AgentFail,AgentSelect,ParticipantSelect,VirutalAgentBelief,Simulation,0,1,2,3,4,5,6,7,8,9,10
202506111139,1,Partner,Verbal_NonVerbal,0.5,0,2,0,0.0,0,-1,-1,0,1,1,EN,,,,,,,,,0.0,1.0,0,1,1,0,0.5,0.5,0.5435994062433551,0.6337971017785978,0.7133876523027475,0.7409194189824099,0.7416965701508117,0.7445647255408883,0.7487873889117533,0.754842089075032,0.7625193385469612
202506111139,2,Partner,Verbal_NonVerbal,0.5,1,2,0,0.0,0,-1,-1,0,1,1,EN,,,,,,,,,0.0,1.0,1,1,1,1,0.5,0.5,0.5488900440388275,0.5901537101295856,0.6557494745591638,0.704542162634453,0.7128619446256685,0.6780789391323513,0.7993378586576009,0.8192281096638819,0.8369213010664225
202506111139,3,Adversary,Verbal_NonVerbal,0.5,0,2,0,0.0,0,1,-1,0,1,1,EN,,,,,,,,,1.0,0.0,1,1,1,2,0.5,0.5,0.5408207546875554,0.5779529823617741,0.6429550130226194,0.6970376870858364,0.5396810852825511,0.36621069241164406,0.4190485212640753,0.4516486501082088,0.4720514259908479
202506111139,4,Adversary,Verbal_NonVerbal,0.5,1,2,0,0.0,0,1,-1,0,1,1,EN,,,,,,,,,1.0,0.0,1,0,1,3,0.5,0.5,0.5359975008469436,0.54968608095008,0.5710430869600127,0.6165681950582856,0.5756688630845826,0.5650775311028754,0.6391806881098103,0.5576281846940904,0.5913213165589096
202506111139,5,Partner,Verbal_NonVerbal,0.5,0,2,0,0.0,0,1,1,1,0,0,EN,,,,,,,,,1.0,0.0,1,1,1,4,0.5,0.5,0.4573784444127302,0.41952537417486085,0.3733124013044289,0.3413395060872172,0.3054083664273393,0.27305228800734266,0.2650470831720046,0.25763761563061155,0.25321368209936285
202506111139,6,Partner,Verbal_NonVerbal,0.5,1,2,0,0.0,0,1,1,1,1,1,EN,,,,,,,,,1.0,0.0,1,1,1,5,0.5,0.5,0.5486897018647865,0.5898384143763418,0.6494057920300915,0.687466164049088,0.6730561845098657,0.6180554332005975,0.6438110847770437,0.6848161868691133,0.7442943668062886
202506111139,7,Adversary,Verbal_NonVerbal,0.5,0,2,0,0.0,0,-1,1,1,1,1,EN,,,,,,,,,0.0,1.0,1,1,1,6,0.5,0.5,0.5410079875423518,0.578194880844221,0.6139708708482319,0.651949775232811,0.6587236353943081,0.5932168765170346,0.5313392791954011,0.36786931819066,0.5118933844761444
202506111139,8,Adversary,Verbal_NonVerbal,0.5,1,2,0,0.0,0,1,-1,1,0,1,EN,,,,,,,,,1.0,0.0,1,1,1,7,0.5,0.5,0.4672874230423243,0.39156474752704196,0.4251519339930233,0.4419147928538186,0.39874540971677697,0.4600626874343322,0.5574904083607506,0.5270292180982427,0.5112476851172619
202506111139,9,Partner,Verbal_NonVerbal,0.5,0,2,0,0.0,0,1,1,1,0,0,EN,,,,,,,,,1.0,0.0,1,1,1,8,0.5,0.5,0.45774303753790596,0.4200073619446779,0.3968963939736004,0.3856890483886506,0.3801753724639345,0.36983644919413616,0.3597989143518958,0.35258317290168517,0.34867201815487664
202506111139,10,Partner,Verbal_NonVerbal,0.5,1,2,0,0.0,0,1,1,1,0,0,EN,,,,,,,,,1.0,0.0,0,1,1,9,0.5,0.5,0.45677988603121406,0.3780342145307117,0.30062900338792653,0.26452473867629056,0.2530577643668859,0.2312288725352994,0.21049686065706505,0.20524735636428784,0.2827413770338093
202506111139,11,Adversary,Verbal_NonVerbal,0.5,0,2,0,0.0,0,-1,1,1,0,0,EN,,,,,,,,,0.0,1.0,1,1,1,10,0.5,0.5,0.4594198766197903,0.3675522930077588,0.28601597021977604,0.24794974786287877,0.21237570364237623,0.24058215045431583,0.25924932883708923,0.23656801470556404,0.23322290263884257
202506111139,12,Adversary,Verbal_NonVerbal,0.5,1,2,0,0.0,0,-1,1,1,0,0,EN,,,,,,,,,0.0,1.0,1,1,1,11,0.5,0.5,0.4676264742103375,0.39894211684158637,0.3832350524215809,0.38642463985680764,0.40222007715433944,0.41112262528803656,0.4289916439685259,0.4297084676519992,0.40609852040031846
202506111139,13,Partner,Verbal_NonVerbal,0.5,0,2,0,0.0,0,1,1,1,1,1,EN,,,,,,,,,1.0,0.0,1,1,1,12,0.5,0.5,0.543380023174129,0.6335396920283294,0.7046616338341489,0.726377899000551,0.7307149657576433,0.735191504350066,0.5411608260250942,0.5538675578414277,0.5659447352211983
202506111139,14,Partner,Verbal_NonVerbal,0.5,1,2,0,0.0,0,1,1,1,0,0,EN,,,,,,,,,1.0,0.0,1,1,1,13,0.5,0.5,0.4563655386342196,0.3742534177425505,0.3140838383135725,0.2916683063201185,0.28417845314476275,0.2752463125080886,0.2643365424047435,0.25868026889035545,0.23307021005939094
202506111139,15,Adversary,Verbal_NonVerbal,0.5,0,2,0,0.0,0,-1,1,1,1,1,EN,,,,,,,,,0.0,1.0,1,1,1,14,0.5,0.5,0.5407489842816401,0.62992140398787,0.7012498952405191,0.7197408020997662,0.6980298819027464,0.6445061848760584,0.513451254260507,0.4468560466163766,0.44554486794129994
202506111139,16,Adversary,Verbal_NonVerbal,0.5,1,2,0,0.0,0,1,-1,1,0,1,EN,,,,,,,,,1.0,0.0,1,1,1,15,0.5,0.5,0.4652185634704263,0.3891935687961785,0.40257349855833496,0.4368948011522838,0.4576602684385641,0.43204377838731434,0.42773567286915776,0.553690750450437,0.5623786973904846
202506111139,17,Partner,Verbal_NonVerbal,0.5,0,2,0,0.0,0,1,1,1,1,1,EN,,,,,,,,,1.0,0.0,1,1,1,16,0.5,0.5,0.5432700093699112,0.5825477362629512,0.6537014989650347,0.6979856512861397,0.7032685764914866,0.7119772617632617,0.719810602143097,0.7261051653122756,0.7317893299947342
202506111139,18,Partner,Verbal_NonVerbal,0.5,1,2,0,0.0,0,1,1,1,0,0,EN,,,,,,,,,1.0,0.0,1,1,1,17,0.5,0.5,0.4527798088159221,0.4133402049409184,0.35589989210159173,0.3176485401105857,0.3102380019306288,0.3016376627288359,0.29324953996013897,0.2853099343710633,0.27733159565671667
202506111139,19,Adversary,Verbal_NonVerbal,0.5,0,2,0,0.0,0,-1,1,1,0,0,EN,,,,,,,,,0.0,1.0,1,1,1,18,0.5,0.5,0.4592831739667514,0.36748924350025197,0.3034423345755254,0.290698973789209,0.3119596987013972,0.33005006770871387,0.49830060642708085,0.543844495513867,0.4714648860010691
202506111139,20,Adversary,Verbal_NonVerbal,0.5,1,2,0,0.0,0,-1,1,1,1,1,EN,,,,,,,,,0.0,1.0,1,0,1,19,0.5,0.5,0.53561192367738,0.6162920445394683,0.6310779718514657,0.6826757429038626,0.6650254561786064,0.6814594473919723,0.7259362114765718,0.7305349726693932,0.5458123246134419
202506111139,21,Partner,Verbal_NonVerbal,0.5,0,2,0,0.0,0,1,1,1,1,1,EN,,,,,,,,,1.0,0.0,1,1,1,20,0.5,0.5,0.5434709972988987,0.633545054182741,0.6939765173576969,0.7093345977236702,0.7149013682166961,0.7227865965731177,0.7404798565599895,0.7565883924429896,0.7666929587577184
202506111139,22,Partner,Verbal_NonVerbal,0.5,1,2,0,0.0,0,1,1,1,0,0,EN,,,,,,,,,1.0,0.0,1,1,1,21,0.5,0.5,0.4504413356793941,0.3685810663779758,0.2989413941062917,0.266725527686286,0.4268666528546714,0.46216600893541776,0.4062076564647888,0.390550539764289,0.37371948975945013
202506111139,23,Adversary,Verbal_NonVerbal,0.5,0,2,0,0.0,0,-1,1,1,1,1,EN,,,,,,,,,0.0,1.0,1,1,1,22,0.5,0.5,0.5408484362469085,0.5780154565783765,0.6463611845122186,0.7074756479690826,0.7163363309426531,0.6860844021253816,0.6258613220825262,0.5464593878080799,0.4640646922873675
202506111139,24,Adversary,Verbal_NonVerbal,0.5,1,2,0,0.0,0,-1,1,1,0,0,EN,,,,,,,,,0.0,1.0,0,1,1,23,0.5,0.5,0.46161889626349206,0.381212489651955,0.36668306340175694,0.4399546305141418,0.34229394495135,0.30720011630727695,0.5370773336376197,0.4977908134390871,0.5649848753965345
202506111139,25,Partner,Verbal_NonVerbal,0.5,0,2,0,0.0,0,1,1,1,0,0,EN,,,,,,,,,1.0,0.0,1,1,1,24,0.5,0.5,0.45752913943997264,0.41972788130254896,0.36135037171414625,0.3313020387197023,0.3604720773113881,0.39204405219158467,0.41264292194437935,0.43353158783640394,0.45950588434731665
202506111139,26,Partner,Verbal_NonVerbal,0.5,1,2,0,0.0,0,-1,-1,1,1,0,EN,,,,,,,,,0.0,1.0,0,0,1,25,0.5,0.5,0.5479604139042031,0.6298516517938977,0.7024922744099784,0.7217117543180451,0.6823229337828126,0.6183811440330665,0.4564858144909028,0.4772936408169133,0.4782469298178225
202506111139,27,Adversary,Verbal_NonVerbal,0.5,0,2,0,0.0,0,-1,1,1,0,0,EN,,,,,,,,,0.0,1.0,1,1,1,26,0.5,0.5,0.4598318167090411,0.36801337894639247,0.2833001684659951,0.2545241617176499,0.2370076373087667,0.29845025201002107,0.5056602522350968,0.3918241890603021,0.3582194350757356
202506111139,28,Adversary,Verbal_NonVerbal,0.5,1,2,0,0.0,0,1,-1,1,0,1,EN,,,,,,,,,1.0,0.0,1,1,1,27,0.5,0.5,0.46899118096799713,0.45914726841496034,0.4360308321170412,0.3977140991843038,0.3435680955881123,0.33815611766366543,0.5983000736176827,0.6349480396309083,0.5534751816193262
202506111139,29,Partner,Verbal_NonVerbal,0.5,0,2,0,0.0,0,1,1,1,0,0,EN,,,,,,,,,1.0,0.0,1,1,1,28,0.5,0.5,0.4574742191015047,0.4196520061431851,0.3960079256949769,0.3842437714994491,0.3793277376005245,0.36784953367767337,0.3600388729500818,0.31826772802133046,0.2867613831674458
202506111139,31,Adversary,Verbal_NonVerbal,0.5,0,2,0,0.0,0,-1,1,1,0,0,EN,,,,,,,,,0.0,1.0,1,1,1,29,0.5,0.5,0.46012997710796927,0.4241462757747063,0.37591184156122165,0.318963752652152,0.3030181823496519,0.30142258445404246,0.27961104308845725,0.3136552194968169,0.31901702006496174
202506111139,32,Adversary,Verbal_NonVerbal,0.5,1,2,0,0.0,0,-1,1,1,1,1,EN,,,,,,,,,0.0,1.0,0,1,1,30,0.5,0.5,0.5392642263558783,0.6240682953038735,0.6361874890877212,0.682232663530966,0.674393701133454,0.6727256556637355,0.5514513062976523,0.645428307877736,0.6784339084999252
202506111139,33,Partner,Verbal_NonVerbal,0.5,0,2,0,0.0,0,1,1,1,0,0,EN,,,,,,,,,1.0,0.0,0,1,1,31,0.5,0.5,0.45801451058459736,0.3658872838573306,0.2816198513023222,0.25322955283712484,0.289055457528209,0.43102705951403014,0.5019037357175097,0.5052261304931928,0.5006954814580348
202506111139,34,Partner,Verbal_NonVerbal,0.5,1,2,0,0.0,0,1,1,1,0,0,EN,,,,,,,,,1.0,0.0,1,1,1,32,0.5,0.5,0.4568003285177913,0.41887452206720666,0.39281880952559856,0.3776671951985153,0.5126667190033917,0.4793741927112679,0.4061201980555327,0.3632632027496286,0.3253829194196021
202506111139,36,Adversary,Verbal_NonVerbal,0.5,1,2,0,0.0,0,-1,1,1,1,1,EN,,,,,,,,,0.0,1.0,1,0,1,33,0.5,0.5,0.534807049335274,0.6213681591591459,0.6519873804604603,0.697590419005442,0.7285609428842629,0.7231816113895209,0.8324339768992568,0.8310658976518338,0.8105913636207572
202506111139,37,Partner,Verbal_NonVerbal,0.5,0,2,0,0.0,0,1,1,1,1,1,EN,,,,,,,,,1.0,0.0,0,1,1,34,0.5,0.5,0.5433361612252513,0.5826512473240619,0.6528752692719405,0.6964365532879101,0.6969206894129132,0.7009596886593588,0.5329886130149303,0.5682105872806092,0.5912683318596871
202506111139,39,Adversary,Verbal_NonVerbal,0.5,0,2,0,0.0,0,-1,1,1,0,0,EN,,,,,,,,,0.0,1.0,1,1,1,35,0.5,0.5,0.4593657789123889,0.3675947820300999,0.30830563719321474,0.2977473338785752,0.263060561300248,0.25317641757033454,0.2225471354706321,0.22135598373760557,0.22064885106839674
202506111139,40,Adversary,Verbal_NonVerbal,0.5,1,2,0,0.0,0,0,0,1,0,-1,EN,,,,,,,,,0.0,0.0,1,1,1,36,0.5,0.5,0.4638469611326758,0.45279438697653906,0.5419506727841614,0.4612492217944254,0.45814587032070897,0.451286785542504,0.43605865911634545,0.5240217957086409,0.5109725663891029
202506111139,41,Partner,Verbal_NonVerbal,0.5,0,2,0,0.0,0,-1,-1,1,1,0,EN,,,,,,,,,0.0,1.0,1,1,1,37,0.5,0.5,0.5435716424314073,0.5829488633801502,0.6300873569913283,0.6615572863985223,0.6955213588881263,0.5620220209117576,0.4602075333054845,0.4599914599468574,0.44314269924405086
202506111139,42,Partner,Verbal_NonVerbal,0.5,1,2,0,0.0,0,1,1,1,0,0,EN,,,,,,,,,1.0,0.0,1,1,1,38,0.5,0.5,0.4518161683024451,0.37411342377975765,0.3035714418532884,0.26946286914612455,0.2587719567156334,0.25122851335544977,0.42680088215918977,0.3522315143612691,0.3455248198994255
202506111139,43,Adversary,Verbal_NonVerbal,0.5,0,2,0,0.0,0,-1,1,1,1,1,EN,,,,,,,,,0.0,1.0,0,1,1,39,0.5,0.5,0.5409895248185949,0.6300845946691455,0.7077445312076701,0.7362947237821226,0.5584404205067179,0.37642922903912,0.5187706427942977,0.5409861447558003,0.6220875669698345
202506111139,44,Adversary,Verbal_NonVerbal,0.5,1,2,0,0.0,0,-1,1,1,0,0,EN,,,,,,,,,0.0,1.0,1,1,1,40,0.5,0.5,0.46932530230661457,0.4599703830047507,0.4626569374917698,0.5529325449005593,0.49669830019566064,0.47446378138822237,0.4515381108852321,0.45638608945490355,0.4542998507444915
202506111139,45,Partner,Verbal_NonVerbal,0.5,0,2,0,0.0,0,1,1,1,0,0,EN,,,,,,,,,1.0,0.0,1,1,1,41,0.5,0.5,0.4574738321275708,0.4196475770737814,0.37034621442756904,0.33036284502189295,0.29657625542653276,0.27399041171159927,0.2742048375538161,0.33741036841274064,0.385458834800492
202506111139,46,Partner,Verbal_NonVerbal,0.5,1,2,0,0.0,0,1,1,1,0,0,EN,,,,,,,,,1.0,0.0,1,1,1,42,0.5,0.5,0.4566246974329523,0.41848460592036346,0.3868618823397126,0.3742014732058863,0.4541162460435331,0.49508489563926006,0.3971314247274146,0.39976284393262335,0.38934914426012857
202506111139,47,Adversary,Verbal_NonVerbal,0.5,0,2,0,0.0,0,-1,1,1,0,0,EN,,,,,,,,,0.0,1.0,1,1,1,43,0.5,0.5,0.46018048806440254,0.4242183968413413,0.3815319793864412,0.33406931453147864,0.29920902614311945,0.4533576824770036,0.6613951029328774,0.6097133379222972,0.4684206801631452
202506111139,48,Adversary,Verbal_NonVerbal,0.5,1,2,0,0.0,0,-1,1,1,1,1,EN,,,,,,,,,0.0,1.0,1,1,1,44,0.5,0.5,0.5358172080952652,0.6162510901597168,0.5970486288383376,0.6578136540850867,0.6830403022227332,0.7077800706169711,0.6966965440765677,0.7195147012811588,0.7379950857944254
202506111139,49,Partner,Verbal_NonVerbal,0.5,0,2,0,0.0,0,1,1,1,1,1,EN,,,,,,,,,1.0,0.0,1,1,1,45,0.5,0.5,0.5425494856039789,0.6327528092437888,0.7066536794111408,0.730928093580579,0.7321254534001957,0.7355286382110111,0.7417013465883248,0.7468248819446511,0.7537982069921478
202506111139,50,Partner,Verbal_NonVerbal,0.5,1,2,0,0.0,0,1,1,1,0,0,EN,,,,,,,,,1.0,0.0,1,1,1,46,0.5,0.5,0.45473593882876473,0.4159317692437142,0.3544715370419381,0.31300885428238334,0.2800939945939965,0.24906030450701255,0.23981376597596882,0.2230324305889906,0.2113781463836898
202506111139,51,Adversary,Verbal_NonVerbal,0.5,0,2,0,0.0,0,-1,1,1,0,0,EN,,,,,,,,,0.0,1.0,1,1,1,47,0.5,0.5,0.4593484581151319,0.3675486167670871,0.28234684570398744,0.264461135671724,0.242252873519171,0.2586843898392484,0.2788665039523717,0.25187066275009207,0.24805700085356205
202506111139,52,Adversary,Verbal_NonVerbal,0.5,1,2,0,0.0,0,-1,1,1,0,0,EN,,,,,,,,,0.0,1.0,1,1,1,48,0.5,0.5,0.46786734692715537,0.4006875629102576,0.39632595107304425,0.3995874965358844,0.41567029778471243,0.432192841500798,0.3952786492117863,0.4385356815231174,0.4677088044926729
202506111139,53,Partner,Verbal_NonVerbal,0.5,0,2,0,0.0,0,1,1,1,0,0,EN,,,,,,,,,1.0,0.0,1,1,1,49,0.5,0.5,0.45801781549007387,0.4203796495722504,0.3713569484281222,0.3388304088085823,0.33811327367288035,0.34048438313265045,0.3617085862037845,0.3263089873634984,0.2873005561278901
202506111139,54,Partner,Verbal_NonVerbal,0.5,1,2,0,0.0,0,1,1,1,1,1,EN,,,,,,,,,1.0,0.0,0,1,1,50,0.5,0.5,0.5466102990673746,0.5869965879114689,0.6462419114579439,0.6846248595424255,0.685476747051825,0.665788975225804,0.6972885946021108,0.7201866359954595,0.7278145409266689
202506111139,55,Adversary,Verbal_NonVerbal,0.5,0,2,0,0.0,0,-1,1,1,0,0,EN,,,,,,,,,0.0,1.0,1,1,1,51,0.5,0.5,0.45936071362612607,0.3675698227135613,0.30598538526079594,0.28664249168056904,0.31409223266748026,0.3985530463716084,0.3998220478447697,0.32613631934611903,0.31176921150800063
202506111139,56,Adversary,Verbal_NonVerbal,0.5,1,2,0,0.0,0,0,0,1,1,-1,EN,,,,,,,,,0.0,0.0,1,0,1,52,0.5,0.5,0.5364582142676001,0.5493392423958844,0.5727882718658072,0.6291800728068053,0.6163309418101736,0.575769943301366,0.41659273337098035,0.38570571193664865,0.4004347745172177
202506111139,57,Partner,Verbal_NonVerbal,0.5,0,2,0,0.0,0,1,1,1,0,0,EN,,,,,,,,,1.0,0.0,1,1,1,53,0.5,0.5,0.4580265104146119,0.42039739548774,0.371323206549944,0.33342685438634523,0.30131877008304764,0.27398574717469354,0.2655428820818052,0.29330225140321514,0.3178008510135219
202506111139,59,Adversary,Verbal_NonVerbal,0.5,0,2,0,0.0,0,-1,1,1,1,1,EN,,,,,,,,,0.0,1.0,1,1,1,54,0.5,0.5,0.5408391012328974,0.6298348515939721,0.7128575030626307,0.7335767883368247,0.7372105937822332,0.7336378686209164,0.7527524466199931,0.7307480121606809,0.6757321360125761
202506111139,60,Adversary,Verbal_NonVerbal,0.5,1,2,0,0.0,0,0,0,1,0,-1,EN,,,,,,,,,0.0,0.0,1,1,1,55,0.5,0.5,0.46494022447338246,0.45417035245406373,0.5343585499228399,0.4338120696087076,0.3746472690879766,0.37009163900501263,0.535651165500524,0.6224077966237105,0.6018283917162031
202506111139,61,Partner,Verbal_NonVerbal,0.5,0,2,0,0.0,0,1,1,1,0,0,EN,,,,,,,,,1.0,0.0,1,1,1,56,0.5,0.5,0.4573611848575658,0.36480538868686097,0.28439057924466343,0.2585428069634796,0.30373917027749925,0.39005826366525853,0.421041129366477,0.42391384853081876,0.4266256424939259
202506111139,62,Partner,Verbal_NonVerbal,0.5,1,2,0,0.0,0,1,1,1,0,0,EN,,,,,,,,,1.0,0.0,1,1,1,57,0.5,0.5,0.4550371739856913,0.3759220881977995,0.29788136268804816,0.2653269384255255,0.25671458721913737,0.248054710437472,0.24333547131811192,0.21848485032895865,0.24988464109364678
202506111139,63,Adversary,Verbal_NonVerbal,0.5,0,2,0,0.0,0,-1,1,1,0,0,EN,,,,,,,,,0.0,1.0,1,1,1,58,0.5,0.5,0.4593940550724501,0.4231770782928065,0.383511623418247,0.3238210318037739,0.28310733141671407,0.27560532872595284,0.2729730044349845,0.2716772630280172,0.44661563389965303
202506111139,64,Adversary,Verbal_NonVerbal,0.5,1,2,0,0.0,0,-1,1,1,0,0,EN,,,,,,,,,0.0,1.0,1,1,1,59,0.5,0.5,0.46683239863765214,0.38857054461076995,0.4249547450823942,0.4661063644337833,0.4473976102297898,0.4925174099646499,0.46939994104216193,0.4010466861360596,0.35699286157941884
202506111139,66,Partner,Verbal_NonVerbal,0.5,1,2,0,0.0,0,1,1,1,1,1,EN,,,,,,,,,1.0,0.0,0,1,1,60,0.5,0.5,0.5468729629172663,0.6266364575542033,0.6886231478690034,0.6488206762754297,0.5904280976874771,0.5684670406524213,0.5312023169265611,0.527049900191543,0.5304038381949728
202506111139,67,Adversary,Verbal_NonVerbal,0.5,0,2,0,0.0,0,-1,1,1,1,1,EN,,,,,,,,,0.0,1.0,0,1,1,61,0.5,0.5,0.5408935304628335,0.6296620842940176,0.6958678295057343,0.728235817655463,0.557779750911666,0.37417102913347156,0.5205556969170373,0.5392183167754746,0.6124165260023975
202506111139,68,Adversary,Verbal_NonVerbal,0.5,1,2,0,0.0,0,1,-1,1,0,1,EN,,,,,,,,,1.0,0.0,1,1,1,62,0.5,0.5,0.4659648118090877,0.455736990128878,0.5134861169608621,0.561878651090379,0.6655660585851397,0.5941414962251643,0.5753459572159142,0.6590304124802404,0.7148578878814972
202506111139,69,Partner,Verbal_NonVerbal,0.5,0,2,0,0.0,0,1,1,1,0,0,EN,,,,,,,,,1.0,0.0,0,1,1,63,0.5,0.5,0.45786261507346027,0.36517900032912587,0.2965644213688293,0.2804138300290546,0.32177599506749044,0.35492019185049184,0.5122564958984064,0.4258705880666085,0.365199486387596
202506111139,70,Partner,Verbal_NonVerbal,0.5,1,2,0,0.0,0,1,1,1,1,1,EN,,,,,,,,,1.0,0.0,0,0,1,64,0.5,0.5,0.5476324680837833,0.5881404133756843,0.6271612636489124,0.6524064551162062,0.6532151921176543,0.6305296155254374,0.49986100958926405,0.6239394278584254,0.715504793800614
202506111139,71,Adversary,Verbal_NonVerbal,0.5,0,2,0,0.0,0,-1,1,1,0,0,EN,,,,,,,,,0.0,1.0,1,1,1,65,0.5,0.5,0.45929115786831676,0.3673430917534265,0.28566792036558847,0.25459543277644764,0.27057158038827117,0.2887169909321461,0.290037509183411,0.32410510802965453,0.31446208456294455
202506111139,72,Adversary,Verbal_NonVerbal,0.5,1,2,0,0.0,0,0,0,1,0,-1,EN,,,,,,,,,0.0,0.0,1,1,1,66,0.5,0.5,0.46656412080805315,0.3860836237634418,0.3857078192936514,0.4155476437909601,0.44176744983797367,0.45820613740385013,0.47748427138748695,0.5592406436590944,0.5646895874118147
202506111139,73,Partner,Verbal_NonVerbal,0.5,0,2,0,0.0,0,1,1,1,1,1,EN,,,,,,,,,1.0,0.0,1,1,1,67,0.5,0.5,0.5431356217065988,0.5823614232416215,0.6429044194366887,0.6915650501051307,0.7013100366397946,0.7027963474765472,0.7078698494979239,0.720695005897131,0.7313928396331913
202506111139,74,Partner,Verbal_NonVerbal,0.5,1,2,0,0.0,0,1,1,1,1,1,EN,,,,,,,,,1.0,0.0,0,1,1,68,0.5,0.5,0.5507222962861844,0.6327966662958335,0.7081560502355236,0.7375211368063007,0.7204944465414431,0.6580129274525216,0.683090746850624,0.6862309989686357,0.7156946964633987
202506111139,75,Adversary,Verbal_NonVerbal,0.5,0,2,0,0.0,0,-1,1,1,1,1,EN,,,,,,,,,0.0,1.0,1,1,1,69,0.5,0.5,0.5410059957745579,0.6299139534543368,0.7016447884188205,0.7175569094891328,0.7179355892807157,0.7080369062194636,0.7350700617999536,0.7216063183300608,0.6741316999959829
202506111139,76,Adversary,Verbal_NonVerbal,0.5,1,2,0,0.0,0,-1,1,1,0,0,EN,,,,,,,,,0.0,1.0,1,1,1,70,0.5,0.5,0.4680186288973898,0.4020003866647965,0.39293256559410905,0.37904884612326345,0.3726752458684802,0.354955212763141,0.34897454551396995,0.46243484858950584,0.47460466062528006
202506111139,77,Partner,Verbal_NonVerbal,0.5,0,2,0,0.0,0,1,1,1,0,0,EN,,,,,,,,,1.0,0.0,1,1,1,71,0.5,0.5,0.4574901039104315,0.36487479045241117,0.2906255765135521,0.2691576010260572,0.2483801088443419,0.26554641841981347,0.4736699633483363,0.45432727830727354,0.4571492120711803
202506111139,78,Partner,Verbal_NonVerbal,0.5,1,2,0,0.0,0,1,1,1,0,0,EN,,,,,,,,,1.0,0.0,1,1,1,72,0.5,0.5,0.45466170536476225,0.36674477116746823,0.30506090578322875,0.28146434166682605,0.2686921872388354,0.2620838454121841,0.23874869620816475,0.20201316186319718,0.18408603780994987
202506111139,79,Adversary,Verbal_NonVerbal,0.5,0,2,0,0.0,0,-1,1,1,1,1,EN,,,,,,,,,0.0,1.0,1,0,1,73,0.5,0.5,0.5408276164509478,0.5779822939142729,0.6335512018664399,0.6750938617034351,0.7014745812373138,0.7237064626814179,0.8308846202861205,0.7934093892852039,0.7233320510740083
202506111139,80,Adversary,Verbal_NonVerbal,0.5,1,2,0,0.0,0,0,0,1,1,-1,EN,,,,,,,,,0.0,0.0,1,0,1,74,0.5,0.5,0.5334853578636127,0.5459817942693793,0.5703875327975376,0.6296208479573652,0.6394304368430209,0.5495648030022616,0.5010040979662552,0.42869349651373645,0.26902819827900376
202506111139,81,Partner,Verbal_NonVerbal,0.5,0,2,0,0.0,0,1,1,1,0,0,EN,,,,,,,,,1.0,0.0,1,1,1,75,0.5,0.5,0.45747367120774507,0.4196619214489714,0.39989008223679845,0.3913025466893968,0.3833345240671809,0.37016509188691893,0.36458804851383464,0.3242978378830205,0.2889889139867624
202506111139,82,Partner,Verbal_NonVerbal,0.5,1,2,0,0.0,0,1,1,1,0,0,EN,,,,,,,,,1.0,0.0,1,1,1,76,0.5,0.5,0.45618662283510164,0.3806998907242234,0.3160642827826862,0.28776785855377995,0.2819898486694421,0.2804479506495011,0.46527672671413767,0.4305364376346959,0.3935908741404202
202506111139,84,Adversary,Verbal_NonVerbal,0.5,1,2,0,0.0,0,1,-1,1,1,0,EN,,,,,,,,,1.0,0.0,1,1,1,77,0.5,0.5,0.5341926071766413,0.6172084233430601,0.6455892467302281,0.5715383370798282,0.55423566436752,0.4119297444156953,0.3288045334639617,0.3296437657798561,0.3303882078683271
202506111139,85,Partner,Verbal_NonVerbal,0.5,0,2,0,0.0,0,1,1,1,1,1,EN,,,,,,,,,1.0,0.0,1,1,1,78,0.5,0.5,0.5434149991864562,0.5827428183707642,0.6262529593056617,0.6525561141193528,0.6585175808276639,0.6733871201146139,0.6873896874766907,0.6947762982036121,0.6885252775051893
202506111139,86,Partner,Verbal_NonVerbal,0.5,1,2,0,0.0,0,1,1,1,1,1,EN,,,,,,,,,1.0,0.0,0,0,1,79,0.5,0.5,0.5504634571983023,0.6304325138563769,0.705296443463457,0.6832825096052512,0.6301159912275999,0.6106427170106729,0.6533106735015238,0.5945773585427043,0.5192196351654439
202506111139,87,Adversary,Verbal_NonVerbal,0.5,0,2,0,0.0,0,-1,1,1,0,0,EN,,,,,,,,,0.0,1.0,1,1,1,80,0.5,0.5,0.4594133035774265,0.36762674203728746,0.2977069500329304,0.2528665717944039,0.22812517855573913,0.2229829199990775,0.43866040690072006,0.43401858393822834,0.4311758089434956
202506111139,88,Adversary,Verbal_NonVerbal,0.5,1,2,0,0.0,0,1,-1,1,0,1,EN,,,,,,,,,1.0,0.0,1,1,1,81,0.5,0.5,0.46563944122987894,0.39708410409141354,0.44037963989218865,0.5199785594610227,0.5183733018845617,0.614726842133483,0.6397309871377216,0.6501849856473914,0.5650666189401332
202506111139,90,Partner,Verbal_NonVerbal,0.5,1,2,0,0.0,0,1,1,1,0,0,EN,,,,,,,,,1.0,0.0,1,1,1,82,0.5,0.5,0.4434633340481385,0.40012537329902054,0.3351164589684888,0.2926670031981463,0.26002076544579056,0.23116824593366142,0.4265096405617899,0.33871149858862515,0.3678639545341883
202506111139,91,Adversary,Verbal_NonVerbal,0.5,0,2,0,0.0,0,-1,1,1,1,1,EN,,,,,,,,,0.0,1.0,1,1,1,83,0.5,0.5,0.5407739181550073,0.6296971770548857,0.6871506272562435,0.7026479864181399,0.540083980451718,0.3678570147981566,0.5131532580890161,0.392966871473315,0.43636439331680743
202506111139,92,Adversary,Verbal_NonVerbal,0.5,1,2,0,0.0,0,-1,1,1,1,1,EN,,,,,,,,,0.0,1.0,0,0,1,84,0.5,0.5,0.5352318020485637,0.5478988054757697,0.44243012200342285,0.3263557053323719,0.37334621021848835,0.30409549616760356,0.5377781279811666,0.534970688353943,0.6407788597762668
202506111139,93,Partner,Verbal_NonVerbal,0.5,0,2,0,0.0,0,1,1,1,0,0,EN,,,,,,,,,1.0,0.0,1,1,1,85,0.5,0.5,0.4578949124548677,0.36525667887666063,0.3101793115243167,0.30867607584332896,0.31489623103603726,0.3168136673573303,0.1905161576611342,0.19354052902019425,0.19382288054612173
202506111139,94,Partner,Verbal_NonVerbal,0.5,1,2,0,0.0,0,1,1,1,1,1,EN,,,,,,,,,1.0,0.0,0,1,1,86,0.5,0.5,0.5441408471796291,0.5837070521499473,0.6488563718071837,0.6896943961111645,0.6903323283693525,0.65251992977973,0.6891804468371361,0.7374054042435255,0.775454856484313
202506111139,95,Adversary,Verbal_NonVerbal,0.5,0,2,0,0.0,0,-1,1,1,1,1,EN,,,,,,,,,0.0,1.0,1,1,1,87,0.5,0.5,0.5407762053192243,0.5778518852290342,0.6330534694044067,0.6810417750095703,0.6911714080323852,0.722968834264453,0.38442280257497097,0.5435347573344727,0.5489987426274044
202506111139,96,Adversary,Verbal_NonVerbal,0.5,1,2,0,0.0,0,0,0,1,0,-1,EN,,,,,,,,,0.0,0.0,1,1,1,88,0.5,0.5,0.466465190425895,0.3901307280503234,0.38288602847443304,0.3609609879226573,0.3244837514033425,0.35314863384072526,0.39057171013731323,0.43841188904067785,0.4755237698027621
202506111139,97,Partner,Verbal_NonVerbal,0.5,0,2,0,0.0,0,1,1,1,1,1,EN,,,,,,,,,1.0,0.0,1,0,1,89,0.5,0.5,0.5435491004801848,0.5828310737295692,0.6492768563108091,0.6907274155771267,0.6960529092298531,0.7045582652064856,0.7460016290165078,0.7505942289801028,0.7572032623485271
202506111139,98,Partner,Verbal_NonVerbal,0.5,1,2,0,0.0,0,1,1,1,0,0,EN,,,,,,,,,1.0,0.0,1,1,1,90,0.5,0.5,0.45087525439276627,0.37104303491574975,0.29975610495983723,0.2724243518519837,0.26200420577996714,0.2534273426246645,0.4258204779864302,0.4449421186118101,0.4555011033533593
202506111139,99,Adversary,Verbal_NonVerbal,0.5,0,2,0,0.0,0,-1,1,1,0,0,EN,,,,,,,,,0.0,1.0,1,1,1,91,0.5,0.5,0.4592001475387145,0.4229095006310893,0.3842786921766122,0.36056334943775786,0.3795167535485888,0.3369134503067382,0.3329819810715026,0.3316613808897975,0.34539171770664245
202506111139,100,Adversary,Verbal_NonVerbal,0.5,1,2,0,0.0,0,1,-1,1,0,1,EN,,,,,,,,,1.0,0.0,1,1,1,92,0.5,0.5,0.4581808364652595,0.4492699965209298,0.5357587976228906,0.7254535866430418,0.5892843352428975,0.5456036054190501,0.5274987704393007,0.5142789640296865,0.6396687673315992
202506111139,101,Partner,Verbal_NonVerbal,0.5,0,2,0,0.0,0,1,1,1,0,0,EN,,,,,,,,,1.0,0.0,1,1,1,93,0.5,0.5,0.4571697860554917,0.41927155687644974,0.37508910753900304,0.3497260963105004,0.31569282481267674,0.28695710453272766,0.1467823551741606,0.17117420199814037,0.21632460868007292
202506111139,102,Partner,Verbal_NonVerbal,0.5,1,2,0,0.0,0,1,1,1,1,1,EN,,,,,,,,,1.0,0.0,1,1,1,94,0.5,0.5,0.5547557155622195,0.6440536602951229,0.7058795437946703,0.7233122876781942,0.7229135865348474,0.7260864842732603,0.5360488835072118,0.5533040496970679,0.5794525340339087
202506111139,103,Adversary,Verbal_NonVerbal,0.5,0,2,0,0.0,0,-1,1,1,0,0,EN,,,,,,,,,0.0,1.0,1,1,1,95,0.5,0.5,0.4594796355139559,0.4233009535924438,0.3543600686288631,0.29543756354028955,0.257989740353401,0.3441614382271644,0.23642706871095337,0.21435221369098933,0.22008841842247587
202506111139,104,Adversary,Verbal_NonVerbal,0.5,1,2,0,0.0,0,1,-1,1,1,0,EN,,,,,,,,,1.0,0.0,1,0,1,96,0.5,0.5,0.5386515259810801,0.552331957237737,0.5514959123069894,0.5531503117388861,0.5587520955550476,0.46849194693952995,0.452522819375241,0.4049640039785114,0.4660208678578407
202506111139,105,Partner,Verbal_NonVerbal,0.5,0,2,0,0.0,0,1,1,1,1,1,EN,,,,,,,,,1.0,0.0,1,1,1,97,0.5,0.5,0.5436320002822195,0.6333545404009137,0.7039267099709717,0.7252864329661477,0.7288514954101792,0.735048131961765,0.7391287596112222,0.7424019364235483,0.7459532522738265
202506111139,106,Partner,Verbal_NonVerbal,0.5,1,2,0,0.0,0,1,1,1,1,1,EN,,,,,,,,,1.0,0.0,1,1,1,98,0.5,0.5,0.5461017375567765,0.5865021099480267,0.6528254689789358,0.6935768382659973,0.692884245718309,0.5274150438872451,0.4464971847323775,0.5378038055082447,0.5301124891155872
202506111139,107,Adversary,Verbal_NonVerbal,0.5,0,2,0,0.0,0,-1,1,1,1,1,EN,,,,,,,,,0.0,1.0,1,1,1,99,0.5,0.5,0.5408475842740068,0.5779922610458302,0.6099570942286623,0.6478774727308789,0.6598387658300743,0.6315076118186385,0.6381456417449881,0.5466145209363821,0.45777950340827683
202506111139,108,Adversary,Verbal_NonVerbal,0.5,1,2,0,0.0,0,-1,1,1,0,0,EN,,,,,,,,,0.0,1.0,1,1,1,100,0.5,0.5,0.46521600294241267,0.4542856384702555,0.4973255526427361,0.5792034761737446,0.4412131978089754,0.3946846096858513,0.38695847537033345,0.4152821139864407,0.5119350409950397
202506111139,109,Partner,Verbal_NonVerbal,0.5,0,2,0,0.0,0,1,1,1,1,1,EN,,,,,,,,,1.0,0.0,0,0,1,101,0.5,0.5,0.5432160065415242,0.6333945156448435,0.7068799213786063,0.7385480356484798,0.749759662402315,0.7577083833162672,0.7640428624605542,0.7685829910622975,0.7733593521266924
202506111139,110,Partner,Verbal_NonVerbal,0.5,1,2,0,0.0,0,1,1,1,1,1,EN,,,,,,,,,1.0,0.0,1,0,1,102,0.5,0.5,0.5451530104672472,0.6356346439483042,0.7168928995766749,0.7314066427883594,0.6759235898710715,0.6197027452977274,0.55135188084189,0.528202795931314,0.5274384608846925
202506111139,111,Adversary,Verbal_NonVerbal,0.5,0,2,0,0.0,0,-1,1,1,1,1,EN,,,,,,,,,0.0,1.0,0,1,1,103,0.5,0.5,0.5410078720875433,0.6304078914581851,0.7058141498903989,0.721804856310348,0.7314221743380912,0.7531016916479766,0.7337445907046334,0.680557722357739,0.6016856280152466
202506111139,112,Adversary,Verbal_NonVerbal,0.5,1,2,0,0.0,0,-1,1,1,0,0,EN,,,,,,,,,0.0,1.0,1,1,1,104,0.5,0.5,0.4670624103760982,0.45656961796596573,0.5897593154217704,0.5823858071974327,0.7033149851181006,0.647899415187716,0.4916527365793013,0.4286583458122482,0.3533595210627987
202506111139,113,Partner,Verbal_NonVerbal,0.5,0,2,0,0.0,0,1,1,1,0,0,EN,,,,,,,,,1.0,0.0,1,1,1,105,0.5,0.5,0.4573652792687227,0.36478356058641254,0.2834894295171593,0.26276359650827114,0.2856348019404466,0.30011983003973686,0.30004057268023226,0.3251879670404501,0.35990377970771387
202506111139,114,Partner,Verbal_NonVerbal,0.5,1,2,0,0.0,0,1,1,1,0,0,EN,,,,,,,,,1.0,0.0,0,1,1,106,0.5,0.5,0.4515181921946344,0.3588938252835372,0.27850519917103783,0.24997812572860995,0.24122505651970405,0.22677819547815226,0.21535003345595338,0.2019652756229508,0.37246187151457083
202506111139,115,Adversary,Verbal_NonVerbal,0.5,0,2,0,0.0,0,-1,1,1,1,1,EN,,,,,,,,,0.0,1.0,1,0,1,107,0.5,0.5,0.5404406697919218,0.6294683118705214,0.6920000182914409,0.702354734179449,0.700793667727819,0.7133761698165217,0.7445402190450761,0.756365970500676,0.7411710592888332
202506111139,116,Adversary,Verbal_NonVerbal,0.5,1,2,0,0.0,0,-1,1,1,0,0,EN,,,,,,,,,0.0,1.0,1,1,1,108,0.5,0.5,0.4661790673050871,0.394807914437081,0.40263324598298966,0.36751511245695634,0.40365446862174564,0.3973193395151457,0.4161277671017155,0.44599357225098674,0.41813294006662255
202506111139,117,Partner,Verbal_NonVerbal,0.5,0,2,0,0.0,0,1,1,1,1,1,EN,,,,,,,,,1.0,0.0,1,1,1,109,0.5,0.5,0.5429016391715721,0.632958646613739,0.7060797085680078,0.7285338696437137,0.7292662712608511,0.7079915679777258,0.7198116631198951,0.724911670607749,0.7313929324826057
202506111139,118,Partner,Verbal_NonVerbal,0.5,1,2,0,0.0,0,1,1,1,0,0,EN,,,,,,,,,1.0,0.0,1,1,1,110,0.5,0.5,0.45600431025033,0.3694163830248822,0.2973252501944706,0.26700653007078595,0.2593186742292666,0.25668134289648903,0.25182870035757576,0.2442773288458668,0.235824279133287
202506111139,119,Adversary,Verbal_NonVerbal,0.5,0,2,0,0.0,0,-1,1,1,0,0,EN,,,,,,,,,0.0,1.0,1,1,1,111,0.5,0.5,0.45988001667773604,0.42384451821021274,0.3598296479481443,0.2948161018119018,0.29025022149125795,0.3200874198488824,0.2794969812048483,0.25481155305474434,0.302378133202345
202506111139,120,Adversary,Verbal_NonVerbal,0.5,1,2,0,0.0,0,-1,1,1,0,0,EN,,,,,,,,,0.0,1.0,1,1,1,112,0.5,0.5,0.46551500187890493,0.45487631258415084,0.5053186554454542,0.49025833636101934,0.41590300038989314,0.38166069080505105,0.4700656337860272,0.3605401890691994,0.33367678540043816
202506111139,122,Partner,Verbal_NonVerbal,0.5,1,2,0,0.0,0,1,1,1,0,0,EN,,,,,,,,,1.0,0.0,1,1,1,113,0.5,0.5,0.45163912261748995,0.4117910076049329,0.3463692877569989,0.3052182081535131,0.30512057774899964,0.30102518150923385,0.4736777402298181,0.44448570036921814,0.4357078814228974
202506111139,123,Adversary,Verbal_NonVerbal,0.5,0,2,0,0.0,0,-1,1,1,0,0,EN,,,,,,,,,0.0,1.0,1,1,1,114,0.5,0.5,0.4595577880531333,0.36771669587731026,0.2903370530675438,0.24437744597907843,0.2122986248329408,0.2054049280086376,0.18739080430502023,0.1745082274165982,0.17058429164681696
202506111139,124,Adversary,Verbal_NonVerbal,0.5,1,2,0,0.0,0,-1,1,1,1,1,EN,,,,,,,,,0.0,1.0,1,0,1,115,0.5,0.5,0.5333866252812717,0.6082861903663233,0.5827950948603955,0.6666989978316961,0.6968933213896852,0.6750478169097971,0.6436515949834238,0.6169613874999571,0.5165849652182112
202506111139,125,Partner,Verbal_NonVerbal,0.5,0,2,0,0.0,0,1,1,1,1,1,EN,,,,,,,,,1.0,0.0,0,1,1,116,0.5,0.5,0.5433052492475395,0.5826940628187839,0.632821009426315,0.6658894768359365,0.6677788888491434,0.6729353155311694,0.6884751827510159,0.7008961821714674,0.7053241444418622
202506111139,126,Partner,Verbal_NonVerbal,0.5,1,2,0,0.0,0,1,1,1,0,0,EN,,,,,,,,,1.0,0.0,1,1,1,117,0.5,0.5,0.455987242692882,0.379330517037137,0.30232435510327565,0.2659625207119663,0.25802174623413343,0.25302894691594197,0.4500704995782442,0.37060993891909,0.3053129166354963
202506111139,127,Adversary,Verbal_NonVerbal,0.5,0,2,0,0.0,0,-1,1,1,1,1,EN,,,,,,,,,0.0,1.0,1,1,1,118,0.5,0.5,0.5409712822520282,0.6299450746869187,0.7097062885157562,0.7448781301358769,0.7652690627499045,0.7458117701721746,0.6930704654596693,0.6140881036988384,0.5233421130026957
202506111139,128,Adversary,Verbal_NonVerbal,0.5,1,2,0,0.0,0,0,0,1,0,-1,EN,,,,,,,,,0.0,0.0,0,1,1,119,0.5,0.5,0.46412718486452104,0.38727678845180447,0.34529060167708364,0.42611083435739516,0.5010398472615976,0.502468041786649,0.49940210279622327,0.579073007636759,0.6132492023769175
202506111139,129,Partner,Verbal_NonVerbal,0.5,0,2,0,0.0,0,1,1,1,0,0,EN,,,,,,,,,1.0,0.0,1,1,1,120,0.5,0.5,0.45734244649330474,0.41946065244614517,0.35522528444717466,0.2889124495875869,0.259492655357507,0.2873823283541048,0.4856529543385056,0.4683941619091244,0.49013176062371216
202506111139,130,Partner,Verbal_NonVerbal,0.5,1,2,0,0.0,0,1,1,1,0,0,EN,,,,,,,,,1.0,0.0,1,1,1,121,0.5,0.5,0.4523177827264809,0.4126587445980205,0.34886632916909044,0.30795220182429534,0.45361734342651544,0.4481105742056154,0.3832768708496888,0.33792431695919417,0.2793992915147581
202506111139,132,Adversary,Verbal_NonVerbal,0.5,1,2,0,0.0,0,-1,1,1,1,1,EN,,,,,,,,,0.0,1.0,1,0,1,122,0.5,0.5,0.5359642374585726,0.611410760813583,0.6143317335855569,0.6736766096276008,0.7196736955388506,0.6983303036425507,0.6366184370142633,0.5444848193894942,0.5255686790409114
202506111139,133,Partner,Verbal_NonVerbal,0.5,0,2,0,0.0,0,1,1,1,1,1,EN,,,,,,,,,1.0,0.0,1,1,1,123,0.5,0.5,0.5433498864479671,0.63314051626471,0.7106011980010517,0.7355485313788759,0.7385497423315428,0.7478513687255665,0.61834693913267,0.6316330515706327,0.6466205739251566
202506111139,134,Partner,Verbal_NonVerbal,0.5,1,2,0,0.0,0,1,1,1,0,0,EN,,,,,,,,,1.0,0.0,1,1,1,124,0.5,0.5,0.4523230615920275,0.36333838335831775,0.28306409927343246,0.25426891946238056,0.2538460206942678,0.25345349249273663,0.22219631294135217,0.21326365670928243,0.23011243495385286
202506111139,135,Adversary,Verbal_NonVerbal,0.5,0,2,0,0.0,0,-1,1,1,0,0,EN,,,,,,,,,0.0,1.0,1,1,1,125,0.5,0.5,0.4593849082603024,0.4231314522437285,0.3587292592261961,0.31677673722967103,0.28328675269281134,0.2717313574314399,0.46283045728441735,0.45645611779239886,0.4527231034210648
202506111139,137,Partner,Verbal_NonVerbal,0.5,0,2,0,0.0,0,1,1,1,1,1,EN,,,,,,,,,1.0,0.0,0,0,1,126,0.5,0.5,0.5437342617941207,0.6339689022116325,0.7163202921727555,0.7457978161489824,0.7498757953858807,0.7578389302625335,0.7657414475994737,0.7707559963625419,0.7734639230587349
202506111139,138,Partner,Verbal_NonVerbal,0.5,1,2,0,0.0,0,-1,-1,1,0,1,EN,,,,,,,,,0.0,1.0,1,1,1,127,0.5,0.5,0.45181409605088474,0.4121396186071827,0.3535867534656353,0.3198819176878598,0.3237640955882595,0.3259584437165718,0.37170045018097636,0.46232331520916775,0.5192438311400656
202506111139,139,Adversary,Verbal_NonVerbal,0.5,0,2,0,0.0,0,-1,1,1,1,1,EN,,,,,,,,,0.0,1.0,1,1,1,128,0.5,0.5,0.5408143131638857,0.577954101068459,0.6117575470676784,0.6449085865979017,0.6485762001082404,0.6151474042245195,0.4486873546028842,0.5440728408858153,0.6706159336681011
202506111139,140,Adversary,Verbal_NonVerbal,0.5,1,2,0,0.0,0,1,-1,1,1,0,EN,,,,,,,,,1.0,0.0,1,1,1,129,0.5,0.5,0.5364804543643361,0.5497954089374769,0.5002497222167704,0.4262965330795705,0.5169235651871531,0.5850095344221972,0.45257910837625803,0.4535767959992786,0.4619130362202448
202506111139,141,Partner,Verbal_NonVerbal,0.5,0,2,0,0.0,0,1,1,1,1,1,EN,,,,,,,,,1.0,0.0,0,1,1,130,0.5,0.5,0.5436971599822523,0.6336660372103118,0.7032166768403612,0.724784403365652,0.7294218437731437,0.738292274804824,0.7449225332057867,0.7520348002819313,0.7596113316755704
202506111139,142,Partner,Verbal_NonVerbal,0.5,1,2,0,0.0,0,1,1,1,1,1,EN,,,,,,,,,1.0,0.0,0,1,1,131,0.5,0.5,0.5584536817984405,0.6036793555715293,0.6541532249037559,0.6877190286194771,0.6886524323801706,0.6608566965305577,0.5321371159227385,0.6293300284971493,0.6932874424206417
202506111139,143,Adversary,Verbal_NonVerbal,0.5,0,2,0,0.0,0,-1,1,1,1,1,EN,,,,,,,,,0.0,1.0,0,0,1,132,0.5,0.5,0.5408834117452643,0.5780247090024688,0.6119673850558047,0.6590265209211704,0.6741378960494021,0.7074264834752423,0.7207893541518171,0.6573740536151302,0.5732008075046319
202506111139,144,Adversary,Verbal_NonVerbal,0.5,1,2,0,0.0,0,-1,1,1,1,1,EN,,,,,,,,,0.0,1.0,1,1,1,133,0.5,0.5,0.5386678991866694,0.6232878029403908,0.6176290842589385,0.6781819968623923,0.6946194788016334,0.658543324157361,0.62403809277667,0.6680103111123161,0.7060874602755502
202506111139,145,Partner,Verbal_NonVerbal,0.5,0,2,0,0.0,0,1,1,1,1,1,EN,,,,,,,,,1.0,0.0,0,1,1,134,0.5,0.5,0.5436333571378192,0.583035708140062,0.6347266376819369,0.6680259397887882,0.6745086394351223,0.6818986650310577,0.686574447505346,0.6990092555945259,0.667988730926662
202506111139,147,Adversary,Verbal_NonVerbal,0.5,0,2,0,0.0,0,-1,1,1,0,0,EN,,,,,,,,,0.0,1.0,1,1,1,135,0.5,0.5,0.4593134097823801,0.42306677037896995,0.3622305996572204,0.31443455482410204,0.2858004943731529,0.27658242164129565,0.4282892872502659,0.541488999104311,0.4159526210766381
202506111139,148,Adversary,Verbal_NonVerbal,0.5,1,2,0,0.0,0,-1,1,1,1,1,EN,,,,,,,,,0.0,1.0,1,0,1,136,0.5,0.5,0.5374970458171348,0.5511653863395061,0.44209787300198145,0.3327875926019577,0.44559176921478694,0.5421634743071003,0.620073165469443,0.5469025717554277,0.5137777511827558
202506111139,149,Partner,Verbal_NonVerbal,0.5,0,2,0,0.0,0,1,1,1,0,0,EN,,,,,,,,,1.0,0.0,1,1,1,137,0.5,0.5,0.45753576273167307,0.41973555083696223,0.4077522877536853,0.40676393122663396,0.4081387302460826,0.4098670807410951,0.5344217936927838,0.4989531235961737,0.4734758424672823
202506111139,151,Adversary,Verbal_NonVerbal,0.5,0,2,0,0.0,0,-1,1,1,0,0,EN,,,,,,,,,0.0,1.0,1,1,1,138,0.5,0.5,0.4631881105683233,0.4280687891911691,0.36306516205896117,0.3166879136307363,0.32687190785130554,0.37257692121005986,0.3591248511580648,0.435682213030465,0.382203594928071
202506111139,152,Adversary,Verbal_NonVerbal,0.5,1,2,0,0.0,0,1,-1,1,0,1,EN,,,,,,,,,1.0,0.0,1,1,1,139,0.5,0.5,0.46581702847058437,0.4554654573856759,0.5754373411776476,0.5624265046988574,0.630079660847479,0.6187156519260288,0.6112836504548091,0.5946307868822815,0.5685206168376319
202506111139,153,Partner,Verbal_NonVerbal,0.5,0,2,0,0.0,0,1,1,1,1,1,EN,,,,,,,,,1.0,0.0,0,1,1,140,0.5,0.5,0.543400703921252,0.6334636195676451,0.7136392037695738,0.7410531867590174,0.7410349885002524,0.7436164214765619,0.7487269608242447,0.7547949528608144,0.7596223141284584
202506111139,154,Partner,Verbal_NonVerbal,0.5,1,2,0,0.0,0,1,1,1,0,0,EN,,,,,,,,,1.0,0.0,1,1,1,141,0.5,0.5,0.45291807871295403,0.41349866782612815,0.357870883482384,0.32248442510558856,0.28400116920072443,0.2511467722975298,0.22975571363735545,0.21072324906047973,0.20878653042205153
202506111139,155,Adversary,Verbal_NonVerbal,0.5,0,2,0,0.0,0,-1,1,1,1,1,EN,,,,,,,,,0.0,1.0,1,1,1,142,0.5,0.5,0.5407946224683333,0.5779430976766938,0.6253013922495638,0.6495844101262938,0.7148367158636215,0.7440109356023129,0.7258786201559433,0.6735864045205818,0.5957701656297361
202506111139,156,Adversary,Verbal_NonVerbal,0.5,1,2,0,0.0,0,-1,1,1,1,1,EN,,,,,,,,,0.0,1.0,1,1,1,143,0.5,0.5,0.5350349424384185,0.6121346040382283,0.6261535653860357,0.681608616734369,0.7011372993011048,0.6769891901337736,0.508333436574991,0.5980686137011532,0.6346923549104949
202506111139,157,Partner,Verbal_NonVerbal,0.5,0,2,0,0.0,0,1,1,1,0,0,EN,,,,,,,,,1.0,0.0,1,1,1,144,0.5,0.5,0.4573202216868636,0.419434513436947,0.35736413584613935,0.3195399006453965,0.3281185626007152,0.33291479270573904,0.33150083167871,0.33326875019405716,0.3532562211520036
202506111139,158,Partner,Verbal_NonVerbal,0.5,1,2,0,0.0,0,1,1,1,0,0,EN,,,,,,,,,1.0,0.0,1,0,1,145,0.5,0.5,0.4542236527723274,0.4152135634983073,0.38092438680382174,0.3581391496609851,0.30983460741962865,0.2726603093973562,0.2683026246364819,0.2611329960319949,0.3118906083729358
202506111139,159,Adversary,Verbal_NonVerbal,0.5,0,2,0,0.0,0,-1,1,1,0,0,EN,,,,,,,,,0.0,1.0,0,1,1,146,0.5,0.5,0.4594108432300421,0.42317798716886557,0.3678950835419779,0.30268882261035407,0.28067430194587994,0.25854729140182836,0.43480533916898984,0.6213131163502035,0.4983555261006042
202506111139,160,Adversary,Verbal_NonVerbal,0.5,1,2,0,0.0,0,-1,1,1,0,0,EN,,,,,,,,,0.0,1.0,1,1,1,147,0.5,0.5,0.4677902100276691,0.3828464837952796,0.3893223501892575,0.34748860947733173,0.3167304946410405,0.30972310155193666,0.3075634958176789,0.37353631388598174,0.42837382935372237
202506111139,161,Partner,Verbal_NonVerbal,0.5,0,2,0,0.0,0,1,1,1,0,0,EN,,,,,,,,,1.0,0.0,1,1,1,148,0.5,0.5,0.45747702771006876,0.3648004877249891,0.29075950327536126,0.2695217279492089,0.3107970249679748,0.34314285085826457,0.3429624791227554,0.3425450401934602,0.33870090816444687
202506111139,162,Partner,Verbal_NonVerbal,0.5,1,2,0,0.0,0,1,1,1,1,1,EN,,,,,,,,,1.0,0.0,1,1,1,149,0.5,0.5,0.5458108247343526,0.5859249366812422,0.6247802508678971,0.6605149826670424,0.6726555931558114,0.528871057728504,0.5795547800506182,0.6089478340244405,0.6053691759917137
202506111139,163,Adversary,Verbal_NonVerbal,0.5,0,2,0,0.0,0,-1,1,1,1,1,EN,,,,,,,,,0.0,1.0,0,0,1,150,0.5,0.5,0.5408597994130508,0.6300522028863778,0.7029486674344367,0.7191418445543152,0.7282933242658696,0.7487055559089997,0.7511729460412375,0.7138925022013142,0.6465951573094507
202506111139,164,Adversary,Verbal_NonVerbal,0.5,1,2,0,0.0,0,1,-1,1,0,1,EN,,,,,,,,,1.0,0.0,1,1,1,151,0.5,0.5,0.46521120410005495,0.4543544098444462,0.5529852107151529,0.6643084558919728,0.6619900741760644,0.5457988361644195,0.5431683598833297,0.5051413654895983,0.43496547312880296
202506111139,165,Partner,Verbal_NonVerbal,0.5,0,2,0,0.0,0,1,1,1,0,0,EN,,,,,,,,,1.0,0.0,1,1,1,152,0.5,0.5,0.45733267083391976,0.4194497950789566,0.3659452678135851,0.3381724354230333,0.36596528257877614,0.3937666328249357,0.5389098513911431,0.4519972875925302,0.38993475739096073
202506111139,166,Partner,Verbal_NonVerbal,0.5,1,2,0,0.0,0,0,0,1,1,-1,EN,,,,,,,,,0.0,0.0,1,1,1,153,0.5,0.5,0.5560183224938285,0.6428528223165642,0.7150433294960078,0.7313196942209607,0.6773190317426503,0.6265465631712877,0.4698651820897245,0.4680189135826387,0.46662116508585827
202506111139,167,Adversary,Verbal_NonVerbal,0.5,0,2,0,0.0,0,-1,1,1,0,0,EN,,,,,,,,,0.0,1.0,1,1,1,154,0.5,0.5,0.45951516653754904,0.4233626514002273,0.3721047041086746,0.3327741933805226,0.3681628719947074,0.37417487269030797,0.3341321626802242,0.33183757941955566,0.32838845522524507
202506111139,168,Adversary,Verbal_NonVerbal,0.5,1,2,0,0.0,0,-1,1,1,1,1,EN,,,,,,,,,0.0,1.0,1,1,1,155,0.5,0.5,0.5369090922676514,0.6139708684191526,0.5957594664403822,0.647594122732344,0.6928729948131339,0.6962147957851985,0.7007264172747185,0.7317543949952311,0.6734431663989439
202506111139,169,Partner,Verbal_NonVerbal,0.5,0,2,0,0.0,0,1,1,1,1,1,EN,,,,,,,,,1.0,0.0,1,0,1,156,0.5,0.5,0.5433661496237481,0.6332548134314842,0.7090157378410666,0.7341965634743468,0.738114528536885,0.7427533708048714,0.7471706150374386,0.7541023689938319,0.7590241287452314
202506111139,170,Partner,Verbal_NonVerbal,0.5,1,2,0,0.0,0,1,1,1,0,0,EN,,,,,,,,,1.0,0.0,1,1,1,157,0.5,0.5,0.4535463165901375,0.37776408317244714,0.31304779465114435,0.2825829400395697,0.2709676630507402,0.2447890723939237,0.1103440774759996,0.10717398497383937,0.10657290367338383
202506111139,171,Adversary,Verbal_NonVerbal,0.5,0,2,0,0.0,0,-1,1,1,0,0,EN,,,,,,,,,0.0,1.0,1,1,1,158,0.5,0.5,0.459638715085579,0.4234871480090045,0.3952854643347386,0.35909999611321675,0.31493019975768916,0.2992028684124019,0.14721605143808608,0.14681372023114678,0.14656307224698503
202506111139,172,Adversary,Verbal_NonVerbal,0.5,1,2,0,0.0,0,-1,1,1,0,0,EN,,,,,,,,,0.0,1.0,1,1,1,159,0.5,0.5,0.46784852260190357,0.38746212519012585,0.37165081538422584,0.37164353519265103,0.3846132188839812,0.393200342608134,0.4037928623839936,0.41470703362594313,0.42661305541995276
202506111139,173,Partner,Verbal_NonVerbal,0.5,0,2,0,0.0,0,1,1,1,0,0,EN,,,,,,,,,1.0,0.0,1,1,1,160,0.5,0.5,0.4573669581803115,0.36495557956925023,0.28292807406581955,0.25601508596299616,0.2989648584511853,0.33481400208729273,0.38843900573534074,0.42962519212541683,0.42650221160400725
202506111139,174,Partner,Verbal_NonVerbal,0.5,1,2,0,0.0,0,1,1,1,0,0,EN,,,,,,,,,1.0,0.0,1,1,1,161,0.5,0.5,0.4532369428983986,0.36748934125229543,0.31186262096836315,0.2951645038239733,0.26641157547012073,0.233304295028484,0.4219853341157946,0.3691570964548021,0.37362513951808407
202506111139,175,Adversary,Verbal_NonVerbal,0.5,0,2,0,0.0,0,-1,1,1,0,0,EN,,,,,,,,,0.0,1.0,1,1,1,162,0.5,0.5,0.4593625577911302,0.3675898008165004,0.2885952125911836,0.2632795742269078,0.4408415891969962,0.6227434197396718,0.5730001440239678,0.42198465906184945,0.5270269229636332
202506111139,176,Adversary,Verbal_NonVerbal,0.5,1,2,0,0.0,0,-1,1,1,1,1,EN,,,,,,,,,0.0,1.0,1,1,1,163,0.5,0.5,0.535610135931416,0.6121234017588068,0.6172692436923569,0.6833026523989199,0.7375645854973945,0.735229545278483,0.6667957965683682,0.7045603614411516,0.7217004380456337
202506111139,177,Partner,Verbal_NonVerbal,0.5,0,2,0,0.0,0,1,1,1,0,0,EN,,,,,,,,,1.0,0.0,1,1,1,164,0.5,0.5,0.4576655203417797,0.3650072516618494,0.28211651217511624,0.2538106164911938,0.23608415281188236,0.22261342435977646,0.1991116632638311,0.19386356012904535,0.23392881844005206
202506111139,178,Partner,Verbal_NonVerbal,0.5,1,2,0,0.0,0,1,1,1,0,0,EN,,,,,,,,,1.0,0.0,1,1,1,165,0.5,0.5,0.4536427223368912,0.4145783078980658,0.3622801799788586,0.3331527394568737,0.2950610557184192,0.263274308829394,0.23267396051977868,0.28813856239876867,0.33353111017284137
202506111139,180,Adversary,Verbal_NonVerbal,0.5,1,2,0,0.0,0,-1,1,1,1,1,EN,,,,,,,,,0.0,1.0,1,1,1,166,0.5,0.5,0.5357777493865753,0.6079417561590296,0.6194966232000617,0.661575655668349,0.7057970924106169,0.7505947416690786,0.7565237960379277,0.768808884597939,0.7735444090713973
202506111139,181,Partner,Verbal_NonVerbal,0.5,0,2,0,0.0,0,1,1,1,1,1,EN,,,,,,,,,1.0,0.0,1,0,1,167,0.5,0.5,0.5435140778250322,0.6334887963693883,0.712217359397643,0.7390097617434637,0.7428551783672805,0.7481845587967622,0.5492041523770382,0.5639626136338303,0.5757544884996554
202506111139,182,Partner,Verbal_NonVerbal,0.5,1,2,0,0.0,0,1,1,1,1,1,EN,,,,,,,,,1.0,0.0,0,0,1,168,0.5,0.5,0.5462597915947761,0.6308547746488351,0.6887809704807389,0.7042107922070947,0.7053603012345422,0.5859682280434161,0.7008677827550666,0.7297932837379492,0.7232938494020101
202506111139,183,Adversary,Verbal_NonVerbal,0.5,0,2,0,0.0,0,-1,1,1,0,0,EN,,,,,,,,,0.0,1.0,1,1,1,169,0.5,0.5,0.4594399935044153,0.42322293646179576,0.3502697638078658,0.28019932058540054,0.28829320434558986,0.2567980328538252,0.2550224227732911,0.4363098813904016,0.6214246616989691
202506111139,185,Partner,Verbal_NonVerbal,0.5,0,2,0,0.0,0,1,1,1,1,1,EN,,,,,,,,,1.0,0.0,0,1,1,170,0.5,0.5,0.5434855062509125,0.6335907992825812,0.705259976554209,0.7282489152001426,0.7300711403030465,0.733498743383895,0.76807385294888,0.7731698016630616,0.7780858385570406
202506111139,187,Adversary,Verbal_NonVerbal,0.5,0,2,0,0.0,0,-1,1,1,0,0,EN,,,,,,,,,0.0,1.0,1,1,1,171,0.5,0.5,0.4592825354150301,0.423012777840059,0.36537937842447177,0.3323593110259311,0.35528755584744,0.36847357764198835,0.3265439035594568,0.3205317358192622,0.47263602916987846
202506111139,188,Adversary,Verbal_NonVerbal,0.5,1,2,0,0.0,0,1,-1,1,0,1,EN,,,,,,,,,1.0,0.0,1,1,1,172,0.5,0.5,0.4678540347270241,0.4580730147383626,0.565513129933716,0.6873818116297938,0.6947697179948771,0.6537065943891852,0.6798351679179362,0.5224526659018696,0.5118392506444536
202506111139,189,Partner,Verbal_NonVerbal,0.5,0,2,0,0.0,0,1,1,1,0,0,EN,,,,,,,,,1.0,0.0,1,1,1,173,0.5,0.5,0.4591482334897074,0.4218826170393917,0.4092737124377513,0.40777895790899676,0.4061390654318622,0.39326324524794354,0.38277906339454004,0.38274125670742626,0.3424609016497219
202506111139,190,Partner,Verbal_NonVerbal,0.5,1,2,0,0.0,0,1,1,1,0,0,EN,,,,,,,,,1.0,0.0,1,1,1,174,0.5,0.5,0.4523760774999719,0.4127633275074929,0.3443856376910611,0.29773918807468924,0.29251890225220945,0.28851818863984113,0.4598627120206525,0.42511752945971826,0.4058387705363296
202506111139,191,Adversary,Verbal_NonVerbal,0.5,0,2,0,0.0,0,-1,1,1,1,1,EN,,,,,,,,,0.0,1.0,1,0,1,175,0.5,0.5,0.5412141886069101,0.6302455654833646,0.704390537270245,0.7297109630486455,0.7147184829264923,0.6653497453767401,0.5905710466514102,0.5052767572276076,0.42426761755133613
202506111139,192,Adversary,Verbal_NonVerbal,0.5,1,2,0,0.0,0,-1,1,1,0,0,EN,,,,,,,,,0.0,1.0,1,1,1,176,0.5,0.5,0.4675520836529784,0.4568063682708393,0.546686580233567,0.5214799837880529,0.46853091246335193,0.39044771155978086,0.3278012025236935,0.3193044482753126,0.34675421974896414
202506111139,193,Partner,Verbal_NonVerbal,0.5,0,2,0,0.0,0,1,1,1,1,1,EN,,,,,,,,,1.0,0.0,1,1,1,177,0.5,0.5,0.5435186635665006,0.5828907000432485,0.6492251065620926,0.6914634742657084,0.6975423960842558,0.7057590665467304,0.7117781848361808,0.7185969797779477,0.7292792297155102
202506111139,194,Partner,Verbal_NonVerbal,0.5,1,2,0,0.0,0,1,1,1,0,0,EN,,,,,,,,,1.0,0.0,1,1,1,178,0.5,0.5,0.4523499824768194,0.41271848091447155,0.382753206469888,0.36395865702251884,0.31492582601290864,0.2680438061965109,0.24824668588388593,0.21641269229435403,0.19893757445449936
202506111139,195,Adversary,Verbal_NonVerbal,0.5,0,2,0,0.0,0,-1,1,1,0,0,EN,,,,,,,,,0.0,1.0,1,1,1,179,0.5,0.5,0.4599409864669972,0.3681894068595852,0.29047220522895684,0.24730086393582007,0.22494890400899575,0.21227306740929383,0.4670143816918287,0.3850776445065951,0.33142923811554753
202506111139,196,Adversary,Verbal_NonVerbal,0.5,1,2,0,0.0,0,-1,1,1,1,1,EN,,,,,,,,,0.0,1.0,1,0,1,180,0.5,0.5,0.534093625299106,0.6080755937146433,0.5675802858534171,0.6337164712573989,0.6730055203803561,0.7231036897347175,0.7482357951681355,0.7009637029004941,0.6482964425796351
202506111139,197,Partner,Verbal_NonVerbal,0.5,0,2,0,0.0,0,1,1,1,1,1,EN,,,,,,,,,1.0,0.0,1,1,1,181,0.5,0.5,0.5436115685960636,0.6341850242506643,0.7159218522280288,0.7493353299415668,0.7585143075368668,0.7639244511639602,0.558289875906733,0.5819140865528082,0.6048835694796733
202506111139,198,Partner,Verbal_NonVerbal,0.5,1,2,0,0.0,0,1,1,1,0,0,EN,,,,,,,,,1.0,0.0,1,1,1,182,0.5,0.5,0.4547125769725098,0.415930242092763,0.3582427220260787,0.31947708175921014,0.283143460817523,0.2456046475156258,0.22445603555843746,0.22350913628920846,0.2586884549632909
202506111139,199,Adversary,Verbal_NonVerbal,0.5,0,2,0,0.0,0,-1,1,1,1,1,EN,,,,,,,,,0.0,1.0,0,1,1,183,0.5,0.5,0.5404702093648444,0.5775981164601173,0.631649089887539,0.669549324411783,0.681598800522117,0.7250154369526959,0.7470090430714699,0.6933397750567702,0.615412120213446
202506111139,200,Adversary,Verbal_NonVerbal,0.5,1,2,0,0.0,0,-1,1,1,1,1,EN,,,,,,,,,0.0,1.0,1,1,1,184,0.5,0.5,0.5338405069850335,0.5462608336307515,0.5719014911464042,0.6214447796690084,0.6343393260760534,0.5536598763665047,0.5083285482675826,0.5723986393833843,0.5984930699243344
202506111139,201,Partner,Verbal_NonVerbal,0.5,0,2,0,0.0,0,1,1,1,0,0,EN,,,,,,,,,1.0,0.0,1,1,1,185,0.5,0.5,0.4570579792774375,0.36447820181686746,0.2958082210698666,0.2775409620090094,0.31040779531272045,0.4048132014740159,0.4498431191722812,0.4640717870230936,0.45962668705078713
202506111139,202,Partner,Verbal_NonVerbal,0.5,1,2,0,0.0,0,1,1,1,0,0,EN,,,,,,,,,1.0,0.0,1,1,1,186,0.5,0.5,0.455146718015558,0.4163666195515099,0.35573505441632686,0.31637406506067245,0.31340391885104035,0.3089891467383341,0.25297119753036784,0.2301957628302566,0.2307227299565199
202506111139,203,Adversary,Verbal_NonVerbal,0.5,0,2,0,0.0,0,-1,1,1,1,1,EN,,,,,,,,,0.0,1.0,1,1,1,187,0.5,0.5,0.5406420979914563,0.6297090612996643,0.7115311565241521,0.7427906331603379,0.7303998275651982,0.6835331229798114,0.6103694731432007,0.5240572770544051,0.43979020113802225
202506111139,204,Adversary,Verbal_NonVerbal,0.5,1,2,0,0.0,0,-1,1,1,1,1,EN,,,,,,,,,0.0,1.0,1,1,1,188,0.5,0.5,0.5370877402550268,0.5497695200840607,0.5748803947420765,0.6076916558383338,0.6494307436593483,0.6312632099315634,0.6173896712083005,0.6001076216643524,0.5853220803889891
202506111139,205,Partner,Verbal_NonVerbal,0.5,0,2,0,0.0,0,1,1,1,0,0,EN,,,,,,,,,1.0,0.0,-1,1,1,189,0.5,0.5,0.457249840485108,0.41929561682232147,0.39686847839891465,0.3862662659263472,0.33437395804647835,0.29559624659264633,0.3828140680869968,0.41379141354615395,0.4734342537445341
202506111139,206,Partner,Verbal_NonVerbal,0.5,1,2,0,0.0,0,1,1,1,1,1,EN,,,,,,,,,1.0,0.0,1,1,1,190,0.5,0.5,0.5445016438660284,0.6242808996761766,0.6838297036350569,0.693405403007197,0.6587084003152998,0.5950115380124352,0.539825335017423,0.5218319809257093,0.5215253505376649
202506111139,207,Adversary,Verbal_NonVerbal,0.5,0,2,0,0.0,0,-1,1,1,1,1,EN,,,,,,,,,0.0,1.0,1,1,1,191,0.5,0.5,0.5409775095139124,0.6297104235131852,0.704709550756867,0.7028122390454425,0.7403816256066647,0.753904492516176,0.5475757617176595,0.5360185264526602,0.49731359738304715
202506111139,208,Adversary,Verbal_NonVerbal,0.5,1,2,0,0.0,0,-1,1,1,0,0,EN,,,,,,,,,0.0,1.0,1,1,1,192,0.5,0.5,0.4680543188395005,0.39955939469696794,0.4384342216888004,0.4374833924790127,0.4493505057929637,0.37731572852353984,0.3656956467928583,0.3558311809751946,0.3303909322198268
202506111139,209,Partner,Verbal_NonVerbal,0.5,0,2,0,0.0,0,1,1,1,1,1,EN,,,,,,,,,1.0,0.0,1,1,1,193,0.5,0.5,0.5435315385848837,0.5829120760675984,0.6404478971114279,0.6774166970470482,0.6832863118253348,0.6998143800914574,0.5272711415967557,0.5401653156875709,0.5659562891909157
202506111139,210,Partner,Verbal_NonVerbal,0.5,1,2,0,0.0,0,1,1,1,1,1,EN,,,,,,,,,1.0,0.0,1,1,1,194,0.5,0.5,0.548711188857656,0.5898008052863501,0.6508931729189265,0.6900467220500909,0.6908749571534692,0.568764234084368,0.8113794294750942,0.8318587972194627,0.8434402389805804
202506111139,211,Adversary,Verbal_NonVerbal,0.5,0,2,0,0.0,0,-1,1,1,0,0,EN,,,,,,,,,0.0,1.0,1,1,1,195,0.5,0.5,0.4591721074263908,0.4228838683245859,0.3650798022727297,0.3044879632198806,0.302552618334122,0.26950268231997543,0.2675389853523791,0.26684565272928373,0.2665109815856702
202506111139,212,Adversary,Verbal_NonVerbal,0.5,1,2,0,0.0,0,-1,1,1,1,1,EN,,,,,,,,,0.0,1.0,0,0,1,196,0.5,0.5,0.5363774006954459,0.6069563046903029,0.6219506798716564,0.6812879072893692,0.6700139244508015,0.6176911874992012,0.5290385837809638,0.6332399993332763,0.6751349582866875
202506111139,213,Partner,Verbal_NonVerbal,0.5,0,2,0,0.0,0,1,1,1,0,0,EN,,,,,,,,,1.0,0.0,0,1,1,197,0.5,0.5,0.4571496373138437,0.41903760935357737,0.38052625967180165,0.36156532982172074,0.3301370732029905,0.30138410822204914,0.30204727691879685,0.2786337243329802,0.4109871980777278
202506111139,214,Partner,Verbal_NonVerbal,0.5,1,2,0,0.0,0,1,1,1,0,0,EN,,,,,,,,,1.0,0.0,1,1,1,198,0.5,0.5,0.44860533397321256,0.36554143564063435,0.3006074841330177,0.27485329326298513,0.26621420425232384,0.2601263573655509,0.25632982572802543,0.2552464444473953,0.4339994049095711
202506111139,215,Adversary,Verbal_NonVerbal,0.5,0,2,0,0.0,0,-1,1,1,0,0,EN,,,,,,,,,0.0,1.0,1,1,1,199,0.5,0.5,0.45849816328969467,0.3673948678138024,0.29158663152893055,0.2752850816433385,0.2498647282561266,0.25131221866418324,0.26132293560532976,0.24271234745165393,0.22967107076818022
202506111139,216,Adversary,Verbal_NonVerbal,0.5,1,2,0,0.0,0,-1,1,1,0,0,EN,,,,,,,,,0.0,1.0,1,1,1,200,0.5,0.5,0.4634938493506517,0.3907215668265158,0.373884141551085,0.3815018458301117,0.3923558578058027,0.39887597683943665,0.24866396384339753,0.2522581338357196,0.25458594101085513
202506111139,217,Partner,Verbal_NonVerbal,0.5,0,2,0,0.0,0,1,1,1,1,1,EN,,,,,,,,,1.0,0.0,0,1,1,201,0.5,0.5,0.5438611356381401,0.6334950388368669,0.7085685033866768,0.732285026515727,0.7317764938649528,0.7246459580484919,0.838283152483244,0.8121055496326121,0.790260895841842
202506111139,218,Partner,Verbal_NonVerbal,0.5,1,2,0,0.0,0,1,1,1,1,1,EN,,,,,,,,,1.0,0.0,1,1,1,202,0.5,0.5,0.5451159756280677,0.6237834195749452,0.6992722219587537,0.7525191904660721,0.7746994265686311,0.7432316897620693,0.7508874249605567,0.7829905264296774,0.8036493958827557
202506111139,219,Adversary,Verbal_NonVerbal,0.5,0,2,0,0.0,0,-1,1,1,0,0,EN,,,,,,,,,0.0,1.0,1,1,1,203,0.5,0.5,0.4591490218306637,0.3687975916996073,0.29778490273891095,0.26886457362460087,0.2788048850220478,0.25236701146019375,0.250602907125402,0.24998528945215848,0.4352123083492774
202506111139,220,Adversary,Verbal_NonVerbal,0.5,1,2,0,0.0,0,1,-1,1,0,1,EN,,,,,,,,,1.0,0.0,0,1,1,204,0.5,0.5,0.46262068932913836,0.4529621360183478,0.501908409580382,0.6921263147198093,0.8044810675321963,0.8097958908943561,0.7815104899656047,0.5927387057635732,0.5759845476315816
202506111139,221,Partner,Verbal_NonVerbal,0.5,0,2,0,0.0,0,1,1,1,1,1,EN,,,,,,,,,1.0,0.0,1,1,1,205,0.5,0.5,0.543060639290625,0.6326288964200135,0.7154320692966117,0.7451367707432176,0.7489117852383019,0.7550545463361472,0.7601548735680382,0.7635182763816546,0.7680982031425518
202506111139,222,Partner,Verbal_NonVerbal,0.5,1,2,0,0.0,0,1,1,1,1,1,EN,,,,,,,,,1.0,0.0,0,0,1,206,0.5,0.5,0.5446025366862762,0.5843724057503872,0.6487667279468234,0.6916434015161314,0.6960235074885517,0.5922970635764829,0.7247428570678464,0.7671241684082909,0.7839537716628882
202506111139,223,Adversary,Verbal_NonVerbal,0.5,0,2,0,0.0,0,-1,1,1,0,0,EN,,,,,,,,,0.0,1.0,0,1,1,207,0.5,0.5,0.45963159421005345,0.4234590554220322,0.36396460317271434,0.3174314070897881,0.46655440549730315,0.6311181415965387,0.583286928590186,0.5543764961351368,0.6752544049073202
202506111139,224,Adversary,Verbal_NonVerbal,0.5,1,2,0,0.0,0,1,-1,1,0,1,EN,,,,,,,,,1.0,0.0,1,1,1,208,0.5,0.5,0.46712260016971296,0.38864562643466055,0.3923571591826603,0.4614632041295775,0.6237760437961836,0.7337826172225695,0.7929802354501726,0.7598235461070855,0.7366011162858093
202506111139,225,Partner,Verbal_NonVerbal,0.5,0,2,0,0.0,0,1,1,1,0,0,EN,,,,,,,,,1.0,0.0,1,1,1,209,0.5,0.5,0.45678243598665635,0.41832965432151353,0.3482732944211196,0.31075524328668447,0.32664136701160595,0.33649119179155,0.2970039521573909,0.31651132130916776,0.36029569183808463
202506111139,226,Partner,Verbal_NonVerbal,0.5,1,2,0,0.0,0,1,1,1,1,1,EN,,,,,,,,,1.0,0.0,1,0,1,210,0.5,0.5,0.5538884193888498,0.5962821851055482,0.6617535844121859,0.703393270643933,0.7077181634306255,0.718640759327745,0.8441521068649244,0.8543664887513346,0.8611746240808053
202506111139,227,Adversary,Verbal_NonVerbal,0.5,0,2,0,0.0,0,-1,1,1,0,0,EN,,,,,,,,,0.0,1.0,1,1,1,211,0.5,0.5,0.45954186791431645,0.3687299822290875,0.28435331629062965,0.26180096396460234,0.29162456548992877,0.3481707897670285,0.41816995120493117,0.4065226407142103,0.3578998036992509
202506111139,228,Adversary,Verbal_NonVerbal,0.5,1,2,0,0.0,0,1,-1,1,1,0,EN,,,,,,,,,1.0,0.0,1,0,1,212,0.5,0.5,0.5392730208676986,0.5502551189990591,0.41747964068774657,0.22404936517425772,0.18438592660608658,0.20658634864764813,0.2006984917009391,0.2109822105844346,0.22292003910796857
202506111139,229,Partner,Verbal_NonVerbal,0.5,0,2,0,0.0,0,1,1,1,1,1,EN,,,,,,,,,1.0,0.0,1,0,1,213,0.5,0.5,0.5437422769384271,0.6308231032329699,0.7033206155521317,0.7311250532337695,0.7374382116521503,0.7412684828008037,0.773209515259106,0.7757816242049864,0.7783339865317332
202506111139,231,Adversary,Verbal_NonVerbal,0.5,0,2,0,0.0,0,1,-1,1,1,0,EN,,,,,,,,,1.0,0.0,1,1,1,214,0.5,0.5,0.5403012136695408,0.6288338896201914,0.6964689805106844,0.7215992420611562,0.5503344220561189,0.37151890219842165,0.41051255798846564,0.413348921090641,0.4235326701105805
202506111139,232,Adversary,Verbal_NonVerbal,0.5,1,2,0,0.0,0,1,-1,1,1,0,EN,,,,,,,,,1.0,0.0,0,1,1,215,0.5,0.5,0.541572336516929,0.606315260498319,0.6229442481972852,0.6595367102371666,0.6190105426392952,0.530969393218843,0.44760773443010815,0.2554313464179626,0.34425002600867133
202506111139,233,Partner,Verbal_NonVerbal,0.5,0,2,0,0.0,0,1,1,1,0,0,EN,,,,,,,,,1.0,0.0,1,1,1,216,0.5,0.5,0.45630752037842365,0.3648386300198149,0.30584848172111345,0.2952394038700645,0.3042456619113833,0.31146289969771535,0.3856114116601206,0.45412083977853335,0.46798922257173026
202506111139,234,Partner,Verbal_NonVerbal,0.5,1,2,0,0.0,0,1,1,1,0,0,EN,,,,,,,,,1.0,0.0,1,1,1,217,0.5,0.5,0.4513282956218227,0.37057705142257696,0.30602515210195946,0.2846896289006543,0.2842949640125474,0.2807334982606462,0.2517279053995483,0.22579218197484335,0.4038616700883281
202506111139,235,Adversary,Verbal_NonVerbal,0.5,0,2,0,0.0,0,-1,1,1,0,0,EN,,,,,,,,,0.0,1.0,1,1,1,218,0.5,0.5,0.45848437160840616,0.36736950434988475,0.2936815263986409,0.2695443356507143,0.25133533410177716,0.4338596354172894,0.6541441364245513,0.6000182116996663,0.4689397691662248
202506111139,236,Adversary,Verbal_NonVerbal,0.5,1,2,0,0.0,0,-1,1,1,0,0,EN,,,,,,,,,0.0,1.0,1,1,1,219,0.5,0.5,0.4636929310823655,0.45084567703310485,0.5828145460962659,0.5772876253573629,0.46828041864411896,0.44989349030046166,0.5740749461954672,0.46361281772177854,0.4221070698186208
202506111139,237,Partner,Verbal_NonVerbal,0.5,0,2,0,0.0,0,1,1,1,1,1,EN,,,,,,,,,1.0,0.0,1,1,1,220,0.5,0.5,0.5411806775750037,0.5798805333012416,0.6419741990164232,0.6809723756227177,0.6859740793299636,0.6721460903759123,0.687614582095765,0.7146541716002102,0.7366509481254376
202506111139,238,Partner,Verbal_NonVerbal,0.5,1,2,0,0.0,0,1,1,1,0,0,EN,,,,,,,,,1.0,0.0,1,1,1,221,0.5,0.5,0.44496285601023605,0.4022955096386186,0.3399592586065087,0.2998304668425674,0.2988318286055494,0.38021875184362647,0.2986052376256427,0.2696551923829264,0.2444057845014445
202506111139,239,Adversary,Verbal_NonVerbal,0.5,0,2,0,0.0,0,-1,1,1,0,0,EN,,,,,,,,,0.0,1.0,1,1,1,222,0.5,0.5,0.4592924896741012,0.3682406497041677,0.29300697713360485,0.2699630626051157,0.2378324335752608,0.3833810039029336,0.32093393084495414,0.3182943202564902,0.2631743151887311
202506111139,240,Adversary,Verbal_NonVerbal,0.5,1,2,0,0.0,0,-1,1,1,1,1,EN,,,,,,,,,0.0,1.0,1,1,1,223,0.5,0.5,0.5382723146021205,0.6178190776416145,0.581321758655675,0.5540053494218902,0.5649416435812574,0.49801800634860965,0.4543499884404953,0.537988915977514,0.5793146348475331
202506111139,241,Partner,Verbal_NonVerbal,0.5,0,2,0,0.0,0,-1,-1,1,0,1,EN,,,,,,,,,0.0,1.0,0,1,1,224,0.5,0.5,0.47175293088779363,0.4381222964822937,0.3971855314540931,0.3700270931962097,0.3682995652915347,0.39827856104854403,0.5972215624728092,0.5977950549002063,0.6228674165327738
202506111139,242,Partner,Verbal_NonVerbal,0.5,1,2,0,0.0,0,1,1,1,1,1,EN,,,,,,,,,1.0,0.0,1,1,1,225,0.5,0.5,0.5465681161666812,0.5774344818367576,0.6431548630943178,0.6851853897558488,0.6702895567244258,0.6606920106665001,0.6704723538018568,0.7109259414548806,0.6819128008009377
202506111139,243,Adversary,Verbal_NonVerbal,0.5,0,2,0,0.0,0,-1,1,1,0,0,EN,,,,,,,,,0.0,1.0,1,1,1,226,0.5,0.5,0.458481537333742,0.36769980448977785,0.29308099727271403,0.2636867776619852,0.24548251338032168,0.23790848703631087,0.2358576733177316,0.27790892705630293,0.2766858196408115
202506111139,244,Adversary,Verbal_NonVerbal,0.5,1,2,0,0.0,0,-1,1,1,0,0,EN,,,,,,,,,0.0,1.0,1,1,1,227,0.5,0.5,0.46384837641801785,0.45660969989638933,0.5035929716534843,0.5687716572610282,0.45697764521903034,0.43203763813849405,0.3998578575723905,0.3801526184075965,0.4676892284663547
202506111139,245,Partner,Verbal_NonVerbal,0.5,0,2,0,0.0,0,1,1,1,1,1,EN,,,,,,,,,1.0,0.0,1,0,1,228,0.5,0.5,0.5436758194971468,0.6331645769288616,0.7013979236147659,0.7201500125154711,0.7208465601938604,0.7158385444463575,0.721774814112951,0.7332486567349451,0.7348497503219518
202506111139,246,Partner,Verbal_NonVerbal,0.5,1,2,0,0.0,0,1,1,1,1,1,EN,,,,,,,,,1.0,0.0,1,1,1,229,0.5,0.5,0.5492762288157095,0.5902023792085255,0.6412269915277772,0.6670546850984479,0.6582511956297886,0.5497405786897136,0.5844062367644333,0.5636832893661048,0.5581913855438799
202506111139,248,Adversary,Verbal_NonVerbal,0.5,1,2,0,0.0,0,-1,1,1,0,0,EN,,,,,,,,,0.0,1.0,1,1,1,230,0.5,0.5,0.46579858880335717,0.4556099915729785,0.5438468448119954,0.4886560292173068,0.41254067798439137,0.39592921184022084,0.16328038363730688,0.37584525451376166,0.4223444154837177
202506111139,249,Partner,Verbal_NonVerbal,0.5,0,2,0,0.0,0,1,1,1,1,1,EN,,,,,,,,,1.0,0.0,1,0,1,231,0.5,0.5,0.5439820864600201,0.5836239857950648,0.6495669172875939,0.6920760225721216,0.6941653872035007,0.6940744292759784,0.7332419438479478,0.735542607864802,0.7414439978192168
202506111139,250,Partner,Verbal_NonVerbal,0.5,1,2,0,0.0,0,1,1,1,0,0,EN,,,,,,,,,1.0,0.0,1,1,1,232,0.5,0.5,0.4515847952859623,0.41153323194399294,0.36943575528224054,0.34139717753867665,0.3345580191954111,0.32391900545630087,0.27215724543976455,0.24214270545180042,0.2043538060660983
202506111139,251,Adversary,Verbal_NonVerbal,0.5,0,2,0,0.0,0,-1,1,1,1,1,EN,,,,,,,,,0.0,1.0,0,1,1,233,0.5,0.5,0.5412020321877024,0.6296903629905033,0.7089846502012912,0.7470999385070409,0.7669619882797206,0.7750905720785694,0.7691041687911274,0.7857158274393349,0.7810863257962688
202506111139,252,Adversary,Verbal_NonVerbal,0.5,1,2,0,0.0,0,-1,1,1,1,1,EN,,,,,,,,,0.0,1.0,1,1,1,234,0.5,0.5,0.5350283215680838,0.5460322458991534,0.5662063135516048,0.6336745301178832,0.6526722093365778,0.5836129948971424,0.5261513455248775,0.6340264679128385,0.6436792019979917
202506111139,253,Partner,Verbal_NonVerbal,0.5,0,2,0,0.0,0,1,1,1,1,1,EN,,,,,,,,,1.0,0.0,1,1,1,235,0.5,0.5,0.5438616173919416,0.5834024343558547,0.6178530031240457,0.6383062280087745,0.645500490377325,0.6543988990173535,0.6637649458382038,0.6797125546058836,0.642488012352487
202506111139,254,Partner,Verbal_NonVerbal,0.5,1,2,0,0.0,0,1,1,1,1,1,EN,,,,,,,,,1.0,0.0,1,0,1,236,0.5,0.5,0.5534449302711831,0.6351157819455151,0.7015470390287215,0.7162669792583755,0.706912101829735,0.6755532166779886,0.6400357939828314,0.6195082780194989,0.5981424555798948
202506111139,255,Adversary,Verbal_NonVerbal,0.5,0,2,0,0.0,0,-1,1,1,0,0,EN,,,,,,,,,0.0,1.0,1,1,1,237,0.5,0.5,0.4595326169264624,0.3683062401987219,0.30320248304518316,0.2836358262431636,0.2952598284717375,0.3224881538391396,0.3372189290743948,0.3075270952637002,0.29893604075354724
202506111139,256,Adversary,Verbal_NonVerbal,0.5,1,2,0,0.0,0,-1,1,1,0,0,EN,,,,,,,,,0.0,1.0,1,1,1,238,0.5,0.5,0.46081891699823224,0.4494283674478536,0.5271220144992991,0.5813191810152596,0.6174678347775552,0.5680638697836138,0.4904745188787114,0.4248156977210989,0.426221919086032
202506111139,257,Partner,Verbal_NonVerbal,0.5,0,2,0,0.0,0,1,1,1,1,1,EN,,,,,,,,,1.0,0.0,1,0,1,239,0.5,0.5,0.5445844766807945,0.5845587709616608,0.6428679724685601,0.6786078257549354,0.6798885767698379,0.6485245439500397,0.6282888561038983,0.6423088431151487,0.6221833273820366
202506111139,258,Partner,Verbal_NonVerbal,0.5,1,2,0,0.0,0,1,1,1,0,0,EN,,,,,,,,,1.0,0.0,1,1,1,240,0.5,0.5,0.44994490264319703,0.40952313144168223,0.3572656201464385,0.3228556889427562,0.29641081589765905,0.2490788807491889,0.22398795569960844,0.21971964121766716,0.21641257050950477
202506111139,259,Adversary,Verbal_NonVerbal,0.5,0,2,0,0.0,0,-1,1,1,0,0,EN,,,,,,,,,0.0,1.0,0,1,1,241,0.5,0.5,0.4606805081291973,0.4247617754771702,0.3678231396287651,0.3238843904393957,0.2796379057883519,0.2583070691565248,0.2575265300357987,0.3965776336559217,0.5648370903703013
202506111139,260,Adversary,Verbal_NonVerbal,0.5,1,2,0,0.0,0,1,-1,1,0,1,EN,,,,,,,,,1.0,0.0,1,1,1,242,0.5,0.5,0.46394115378726436,0.4567838255688055,0.49587534936963124,0.6548036656305046,0.5721224459077998,0.5725193985814699,0.6931147451589096,0.7205820352667727,0.718504908718898
202506111139,261,Partner,Verbal_NonVerbal,0.5,0,2,0,0.0,0,1,1,1,1,1,EN,,,,,,,,,1.0,0.0,1,0,1,243,0.5,0.5,0.5440947821148024,0.6342058855737239,0.694286562151988,0.7079616581114875,0.7128157998400253,0.7205894759671999,0.7316345305403914,0.7397740899130826,0.6759722406750002
202506111139,262,Partner,Verbal_NonVerbal,0.5,1,2,0,0.0,0,1,1,1,1,1,EN,,,,,,,,,1.0,0.0,1,0,1,244,0.5,0.5,0.5481536910675383,0.5890692972681171,0.6532458669978757,0.6941156805386751,0.6811827830315386,0.628442123724167,0.49218356041729294,0.49980761188297923,0.5013483971870499
202506111139,263,Adversary,Verbal_NonVerbal,0.5,0,2,0,0.0,0,-1,1,1,0,0,EN,,,,,,,,,0.0,1.0,1,1,1,245,0.5,0.5,0.4591583812231407,0.3673433877252968,0.3026351373110692,0.2881478234791083,0.3090490982502892,0.3273397636257227,0.3284063589119665,0.4043918134673349,0.3823818980753376
202506111139,264,Adversary,Verbal_NonVerbal,0.5,1,2,0,0.0,0,-1,1,1,0,0,EN,,,,,,,,,0.0,1.0,1,1,1,246,0.5,0.5,0.46508787304538324,0.3929463884662791,0.4185083347406831,0.4135509069852626,0.39078283545076364,0.5123866274557926,0.5314319137253405,0.47869123633320937,0.5035037241872801
202506111139,265,Partner,Verbal_NonVerbal,0.5,0,2,0,0.0,0,1,1,1,0,0,EN,,,,,,,,,1.0,0.0,0,1,1,247,0.5,0.5,0.4572258312719389,0.41931111031346013,0.39608884306093334,0.38472382381774106,0.33386822736132704,0.29441441526730117,0.2944595910707418,0.3527530055536378,0.39588589787018
202506111139,268,Adversary,Verbal_NonVerbal,0.5,1,2,0,0.0,0,-1,1,1,1,1,EN,,,,,,,,,0.0,1.0,1,1,1,248,0.5,0.5,0.5358368559813986,0.6190091698767585,0.6321365375969727,0.5525923275592868,0.6499385319312974,0.6139740010441491,0.662000209499675,0.685408024540298,0.6645146438399807
202506111139,269,Partner,Verbal_NonVerbal,0.5,0,2,0,0.0,0,1,1,1,1,1,EN,,,,,,,,,1.0,0.0,1,1,1,249,0.5,0.5,0.5439291306637021,0.6339376274131836,0.7097097064419331,0.7357027045018658,0.7401873391462519,0.7453631291204458,0.7555478326120949,0.7646357736331841,0.771658085983085
202506111139,270,Partner,Verbal_NonVerbal,0.5,1,2,0,0.0,0,1,1,1,1,1,EN,,,,,,,,,1.0,0.0,1,0,1,250,0.5,0.5,0.5587970629916222,0.6460789386695807,0.7175269487415494,0.7050047613595004,0.6533159760793629,0.5874428956707218,0.5387817301518377,0.5253595038303922,0.502166561736366
202506111139,271,Adversary,Verbal_NonVerbal,0.5,0,2,0,0.0,0,-1,1,1,1,1,EN,,,,,,,,,0.0,1.0,1,1,1,251,0.5,0.5,0.540768319208215,0.6304706649392184,0.7066792976415204,0.7345363552003665,0.5601011559000212,0.37971814886849037,0.518032085015549,0.5432767903856287,0.5749325414486179
202506111139,272,Adversary,Verbal_NonVerbal,0.5,1,2,0,0.0,0,-1,1,1,0,0,EN,,,,,,,,,0.0,1.0,1,1,1,252,0.5,0.5,0.46741789435559905,0.4566801545656559,0.44751996901402025,0.4449294030772842,0.4502339760027467,0.501723302243279,0.5467632755291519,0.4569727165558161,0.4804762153871743
202506111139,273,Partner,Verbal_NonVerbal,0.5,0,2,0,0.0,0,1,1,1,0,0,EN,,,,,,,,,1.0,0.0,1,1,1,253,0.5,0.5,0.45760012002755696,0.36526082254276465,0.2837161901321297,0.25915088986766927,0.2703649437290307,0.2787923658787386,0.3753700486179264,0.4366230960511049,0.4361103402853047
202506111139,274,Partner,Verbal_NonVerbal,0.5,1,2,0,0.0,0,1,1,1,1,1,EN,,,,,,,,,1.0,0.0,1,1,1,254,0.5,0.5,0.5482132723498074,0.5889529109179201,0.645603029988573,0.6812983540610729,0.6804183463954926,0.6551277658112866,0.6890858073469845,0.6935686752705139,0.7260382553415982
202506111139,275,Adversary,Verbal_NonVerbal,0.5,0,2,0,0.0,0,-1,1,1,1,1,EN,,,,,,,,,0.0,1.0,0,1,1,255,0.5,0.5,0.5410706768936709,0.578402352518071,0.649981436088081,0.6919607084577035,0.671107136261431,0.619151746400293,0.5463955210970275,0.46678238151841467,0.4623415677120516
202506111139,276,Adversary,Verbal_NonVerbal,0.5,1,2,0,0.0,0,1,-1,1,1,0,EN,,,,,,,,,1.0,0.0,1,1,1,256,0.5,0.5,0.5322136451641003,0.5439677448349995,0.5667522118694902,0.5369124505345705,0.5010690253687434,0.46256380917608364,0.33040211714021744,0.1526887113756032,0.15339543300150268
202506111139,277,Partner,Verbal_NonVerbal,0.5,0,2,0,0.0,0,1,1,1,0,0,EN,,,,,,,,,1.0,0.0,1,1,1,257,0.5,0.5,0.45770744475324454,0.3652166080350185,0.28720275249469684,0.26791171942218195,0.2938134061521181,0.32651849179014975,0.340971524720895,0.34055038203312193,0.3720054737496607
202506191808,1,Partner,Verbal_NonVerbal,0.5,0,2,0,0.0,0,-1,-1,0,0,0,EN,,,,,,,,,0.0,1.0,1,1,1,258,0.5,0.5,0.45746442491331774,0.36504175280415435,0.3117679778013122,0.3087875988345302,0.28072845035825367,0.3141111859239521,0.35630873222513515,0.3128358268796499,0.2857201229659102
202506191808,2,Partner,Verbal_NonVerbal,0.5,1,2,0,0.0,0,-1,-1,0,0,0,EN,,,,,,,,,0.0,1.0,1,1,1,259,0.5,0.5,0.4577680061603808,0.4198744326456137,0.35646472000142276,0.3222708509134779,0.3278796558511284,0.32799006025701793,0.49700797600729946,0.49352472726343777,0.4820485352196679
202506191808,3,Partner,Verbal_NonVerbal,0.5,0,2,0,0.0,0,1,1,1,1,1,EN,,,,,,,,,1.0,0.0,0,0,1,260,0.5,0.5,0.5446893242951321,0.5848014955610316,0.6490273068113696,0.6897733380386477,0.6955824879223663,0.7035477368534957,0.7087673099501157,0.7199210770473813,0.7315945417385452
202506191808,4,Partner,Verbal_NonVerbal,0.5,1,2,0,0.0,0,-1,-1,1,1,0,EN,,,,,,,,,0.0,1.0,0,0,1,261,0.5,0.5,0.5459123342790689,0.6257619480445822,0.6790970356010123,0.6408906994355734,0.5836545867162911,0.5164388209643795,0.4301889815365056,0.45984147867966596,0.4706788205311888
202506191808,5,Partner,Verbal_NonVerbal,0.5,0,2,0,0.0,0,1,1,1,0,0,EN,,,,,,,,,1.0,0.0,1,1,1,262,0.5,0.5,0.45803948626283286,0.36660203139619774,0.29266912489977426,0.27140974104014376,0.24826557167019372,0.2287096331456387,0.45139711820959927,0.4683146931839614,0.4735312098625986
202506191808,6,Partner,Verbal_NonVerbal,0.5,1,2,0,0.0,0,1,1,1,0,0,EN,,,,,,,,,1.0,0.0,1,1,1,263,0.5,0.5,0.44986145623028534,0.36799800084626444,0.2900049585740439,0.2528122527785275,0.2469938984592081,0.4270585264857769,0.4233696858352315,0.3911479318702569,0.379756937329825
202506191808,7,Partner,Verbal_NonVerbal,0.5,0,2,0,0.0,0,1,1,1,0,0,EN,,,,,,,,,1.0,0.0,1,1,1,264,0.5,0.5,0.45818858198533324,0.3668191420414845,0.29354677983976935,0.2718694952574294,0.3100050949941812,0.38687240400936224,0.4169080245147105,0.3855172295602606,0.3541500767990357
202506191808,8,Partner,Verbal_NonVerbal,0.5,1,2,0,0.0,0,1,1,1,1,1,EN,,,,,,,,,1.0,0.0,0,0,1,265,0.5,0.5,0.5494437528674112,0.5904600749506586,0.6440727650537443,0.6784369299587732,0.6784912991117461,0.524397804754411,0.58165787024731,0.6206619907104514,0.6163718869423223
202506191808,9,Partner,Verbal_NonVerbal,0.5,0,2,0,0.0,0,1,1,1,1,1,EN,,,,,,,,,1.0,0.0,0,0,1,266,0.5,0.5,0.5443535071517994,0.584367241676651,0.6361737250209544,0.6697173487975787,0.6708772657348059,0.6293564227990239,0.5930479214396437,0.5914190981367706,0.5998255083320331
202506191808,10,Partner,Verbal_NonVerbal,0.5,1,2,0,0.0,0,1,1,1,1,1,EN,,,,,,,,,1.0,0.0,1,0,1,267,0.5,0.5,0.5446152126830134,0.5842361356746538,0.6498663657531808,0.6912207003507429,0.6976080385229083,0.6219037897108872,0.4942784508010474,0.5054847345290362,0.49730367994384794
202506191808,11,Partner,Verbal_NonVerbal,0.5,0,2,0,0.0,0,1,1,1,0,0,EN,,,,,,,,,1.0,0.0,1,0,1,268,0.5,0.5,0.45812961436833344,0.36670679329163064,0.30674147948111513,0.2957120525814706,0.2976024276797286,0.29941816338975324,0.29502230029117843,0.28744661812801203,0.27556000792842644
202506191808,12,Partner,Verbal_NonVerbal,0.5,1,2,0,0.0,0,1,1,1,1,1,EN,,,,,,,,,1.0,0.0,0,0,1,269,0.5,0.5,0.5465621670506895,0.6259331139477526,0.68440271507033,0.6845941954199856,0.6596883580318057,0.6493806647964446,0.620722664054437,0.5861690737561003,0.5600899129851294
202506191808,13,Partner,Verbal_NonVerbal,0.5,0,2,0,0.0,0,1,1,1,1,1,EN,,,,,,,,,1.0,0.0,1,0,1,270,0.5,0.5,0.5419826368728065,0.6312997293130703,0.69319138842336,0.7058743640962993,0.704852984387293,0.6995315533954172,0.7214559824797819,0.74525371150072,0.7465892779534246
202506191808,14,Partner,Verbal_NonVerbal,0.5,1,2,0,0.0,0,1,1,1,0,0,EN,,,,,,,,,1.0,0.0,0,0,1,271,0.5,0.5,0.4508105461749202,0.41060013288351543,0.3854420252694573,0.37028754454868396,0.3605125667688176,0.3417931991287525,0.3226967748448955,0.3120069898146229,0.4048930414410464
202506191808,15,Partner,Verbal_NonVerbal,0.5,0,2,0,0.0,0,0,0,1,0,-1,EN,,,,,,,,,0.0,0.0,1,1,1,272,0.5,0.5,0.4580547120800367,0.4207331176341968,0.3703716570143139,0.3396051466065821,0.37050226866355124,0.46920602540562084,0.5069017395168449,0.5117956597952027,0.5147874353125884
202506191808,16,Partner,Verbal_NonVerbal,0.5,1,2,0,0.0,0,1,1,1,0,0,EN,,,,,,,,,1.0,0.0,1,1,1,273,0.5,0.5,0.4547282988404234,0.37301171019971324,0.3196920337249782,0.30108515985701656,0.26896146421205397,0.24303396599109225,0.21558826613714963,0.37755158212166967,0.5866408016923154
202506191808,17,Partner,Verbal_NonVerbal,0.5,0,2,0,0.0,0,1,1,1,1,1,EN,,,,,,,,,1.0,0.0,1,0,1,274,0.5,0.5,0.544079822877072,0.5839908978597785,0.6420808339391864,0.6791169346446305,0.6848706104276178,0.6424814139496439,0.6018934886837999,0.6098289646686968,0.6230349019872502
202506191808,18,Partner,Verbal_NonVerbal,0.5,1,2,0,0.0,0,-1,-1,1,0,1,EN,,,,,,,,,0.0,1.0,0,1,1,275,0.5,0.5,0.45582559745669204,0.4172090722703929,0.34666502392665083,0.30855322606861796,0.4379157663649484,0.49443505112625574,0.6260524606827109,0.5982061845922091,0.5894030775987854
202506191808,19,Partner,Verbal_NonVerbal,0.5,0,2,0,0.0,0,1,1,1,0,0,EN,,,,,,,,,1.0,0.0,1,1,1,276,0.5,0.5,0.45806250577461005,0.36651126401691286,0.3031959172282443,0.2944436551753853,0.31956272681236175,0.33748331115879443,0.2903722182010951,0.28526142902434143,0.26706941964237113
202506191808,20,Partner,Verbal_NonVerbal,0.5,1,2,0,0.0,0,1,1,1,0,0,EN,,,,,,,,,1.0,0.0,1,1,1,277,0.5,0.5,0.4536691840768342,0.41447728871925005,0.36007484077706786,0.32894756000268655,0.3345265890465906,0.40817759913226914,0.5612590491111854,0.5166652567874518,0.498971355882691
202506191808,21,Partner,Verbal_NonVerbal,0.5,0,2,0,0.0,0,1,1,1,0,0,EN,,,,,,,,,1.0,0.0,1,1,1,278,0.5,0.5,0.45806211255748536,0.3666363306075874,0.288839891539452,0.26668695301847545,0.24603764583150703,0.4056684575382292,0.4996998207196577,0.4686964090636445,0.45516805211987366
202506191808,22,Partner,Verbal_NonVerbal,0.5,1,2,0,0.0,0,1,1,1,1,1,EN,,,,,,,,,1.0,0.0,0,0,1,279,0.5,0.5,0.5492041628895669,0.6288550847917438,0.6876400738584613,0.6575651445630244,0.5549472544700977,0.5228634907997555,0.5065743763828873,0.5126963253047402,0.5216802156097823
202506191808,23,Partner,Verbal_NonVerbal,0.5,0,2,0,0.0,0,1,1,1,1,1,EN,,,,,,,,,1.0,0.0,0,0,1,280,0.5,0.5,0.5441740310512085,0.6329736020952345,0.7102030759872873,0.7334385760301189,0.7361624894988152,0.7508872435936401,0.7617106185380451,0.7641806955804239,0.730107368210729
202506191808,25,Partner,Verbal_NonVerbal,0.5,0,2,0,0.0,0,1,1,1,1,1,EN,,,,,,,,,1.0,0.0,0,0,1,281,0.5,0.5,0.5442260132564622,0.6334388067303327,0.7082126886541301,0.7239189122210143,0.7211441005834933,0.7417948343786844,0.5875193554755921,0.6106034485556557,0.6169981744696009
202506191808,26,Partner,Verbal_NonVerbal,0.5,1,2,0,0.0,0,1,1,1,0,0,EN,,,,,,,,,1.0,0.0,1,1,1,282,0.5,0.5,0.45363722254020294,0.41442911913857894,0.34771034203979256,0.30951950627616537,0.28156750700918387,0.25675126501368417,0.2570580637023251,0.25270998273657413,0.26759773657210845
202506191808,27,Partner,Verbal_NonVerbal,0.5,0,2,0,0.0,0,1,1,1,1,1,EN,,,,,,,,,1.0,0.0,1,0,1,283,0.5,0.5,0.5441066478776975,0.6336209083583098,0.6996004063235665,0.717080877700863,0.6921500091962558,0.6750854814377475,0.5112900281121112,0.5222781012879957,0.5049121116598053
202506191808,28,Partner,Verbal_NonVerbal,0.5,1,2,0,0.0,0,1,1,1,0,0,EN,,,,,,,,,1.0,0.0,1,1,1,284,0.5,0.5,0.4535487883636806,0.4142136284056639,0.3474814936097011,0.30316285003807386,0.2994236052783003,0.29079273814518375,0.4086693026943739,0.3696013540403699,0.29047568458851736
202506191808,29,Partner,Verbal_NonVerbal,0.5,0,2,0,0.0,0,1,1,1,0,0,EN,,,,,,,,,1.0,0.0,1,1,1,285,0.5,0.5,0.4582090096237748,0.4209302384275834,0.3854434021623236,0.3642862386303451,0.3239716349218315,0.29232170689337,0.32749747684598823,0.3813119599144954,0.3990442152420251
202506191808,30,Partner,Verbal_NonVerbal,0.5,1,2,0,0.0,0,1,1,1,0,0,EN,,,,,,,,,1.0,0.0,1,1,1,286,0.5,0.5,0.447458392479683,0.4058211148908219,0.3444936060271127,0.29639617628087506,0.28858216939173675,0.45179910188306877,0.5898417146724255,0.4898314376551736,0.4429435260656267
202506191808,31,Partner,Verbal_NonVerbal,0.5,0,2,0,0.0,0,1,1,1,0,0,EN,,,,,,,,,1.0,0.0,1,1,1,287,0.5,0.5,0.4580872797343181,0.4207398182373188,0.39791138744341614,0.38642308463807395,0.37993908867759135,0.372131618113945,0.45268777291648665,0.41071296435745486,0.3867472705616696
202506191808,32,Partner,Verbal_NonVerbal,0.5,1,2,0,0.0,0,1,1,1,1,1,EN,,,,,,,,,1.0,0.0,0,0,1,288,0.5,0.5,0.5458012996794378,0.5855970316373067,0.6468984798765729,0.6944259463058525,0.7053610755474533,0.7086920815902249,0.7145510103241081,0.7229848002951152,0.7357654314420012
202506191808,33,Partner,Verbal_NonVerbal,0.5,0,2,0,0.0,0,1,1,1,1,1,EN,,,,,,,,,1.0,0.0,0,0,1,289,0.5,0.5,0.5440710021036724,0.633178966738347,0.7078174118650075,0.7332410893305372,0.7349329870726559,0.738333433575631,0.7439502762157009,0.7479490979690078,0.7506947877545097
202506191808,34,Partner,Verbal_NonVerbal,0.5,1,2,0,0.0,0,1,1,1,0,0,EN,,,,,,,,,1.0,0.0,0,1,1,290,0.5,0.5,0.4550717185451001,0.4162628328015705,0.3605611584705292,0.3177046109859187,0.311931781375975,0.46704111365904966,0.5017840583155456,0.4644646393746994,0.48428226272357217
202506191808,36,Partner,Verbal_NonVerbal,0.5,1,2,0,0.0,0,1,1,1,1,1,EN,,,,,,,,,1.0,0.0,0,1,1,291,0.5,0.5,0.5458030715220156,0.5857042789195959,0.6341779829301132,0.6645980642267775,0.6486312984340192,0.6393995060953378,0.7021783714478805,0.7154767648927371,0.7255861531216923
202506191808,37,Partner,Verbal_NonVerbal,0.5,0,2,0,0.0,0,1,1,1,1,1,EN,,,,,,,,,1.0,0.0,0,1,1,292,0.5,0.5,0.5445009422252965,0.6332312251222613,0.7138016170684055,0.7414223544114352,0.7421550249629647,0.7101403763554349,0.5344039506584268,0.611760952625366,0.65381231703675
202506191808,38,Partner,Verbal_NonVerbal,0.5,1,2,0,0.0,0,1,1,1,0,0,EN,,,,,,,,,1.0,0.0,0,0,1,293,0.5,0.5,0.45181110686830733,0.37189175523082263,0.30182983692591775,0.27085307665639397,0.26211306057876715,0.25029492710853757,0.4437280225068429,0.38955558959246145,0.39692183175319123
202506191808,39,Partner,Verbal_NonVerbal,0.5,0,2,0,0.0,0,1,1,1,0,0,EN,,,,,,,,,1.0,0.0,0,1,1,294,0.5,0.5,0.45801607533561256,0.42065119119316857,0.39737585661543035,0.38579372885795904,0.3732374252654906,0.354211137636326,0.3438745072873587,0.3361409669586669,0.32446618252059517
202506191808,40,Partner,Verbal_NonVerbal,0.5,1,2,0,0.0,0,1,1,1,0,0,EN,,,,,,,,,1.0,0.0,1,1,1,295,0.5,0.5,0.45509511011013853,0.4163156030649804,0.3806074045040953,0.35707722842377,0.34671964309930364,0.3370301590164512,0.3225942855509688,0.30795417085913196,0.30242792128635104
202506191808,42,Partner,Verbal_NonVerbal,0.5,1,2,0,0.0,0,0,0,1,0,-1,EN,,,,,,,,,0.0,0.0,1,1,1,296,0.5,0.5,0.4518747988433163,0.4120500686734143,0.37566241505774967,0.35262523608402746,0.4887101300854262,0.4902355568646339,0.5760317478185828,0.527570219569641,0.49906704848264527
202506191808,43,Partner,Verbal_NonVerbal,0.5,0,2,0,0.0,0,1,1,1,1,1,EN,,,,,,,,,1.0,0.0,0,0,1,297,0.5,0.5,0.54440067617576,0.5845179022154888,0.6432483570035558,0.6814199440706934,0.7186084434077786,0.6928780851590093,0.6516788593758374,0.6585131988711828,0.6317547143612137
202506191808,44,Partner,Verbal_NonVerbal,0.5,1,2,0,0.0,0,1,1,1,1,1,EN,,,,,,,,,1.0,0.0,0,0,1,298,0.5,0.5,0.5457503131854796,0.6254527161854215,0.6985311960023578,0.7116730727563787,0.6750182970460644,0.6412637478864879,0.6188651168271333,0.5984212133032276,0.5797812411958151
202506191808,45,Partner,Verbal_NonVerbal,0.5,0,2,0,0.0,0,1,1,1,1,1,EN,,,,,,,,,1.0,0.0,0,0,1,299,0.5,0.5,0.5441676906335892,0.5841825855453545,0.6040727828136002,0.6115590618924873,0.6150527301167704,0.6256552869965561,0.6330260033941425,0.6413807689677259,0.6583169394028692
202506191808,46,Partner,Verbal_NonVerbal,0.5,1,2,0,0.0,0,1,1,1,0,0,EN,,,,,,,,,1.0,0.0,1,1,1,300,0.5,0.5,0.4555598408210229,0.36746329934602046,0.28869006341620645,0.25680225713766286,0.24497130825443544,0.21960463998453,0.18803379678763527,0.17222649907341903,0.17130100821832672
202506191808,48,Partner,Verbal_NonVerbal,0.5,1,2,0,0.0,0,0,0,1,1,-1,EN,,,,,,,,,0.0,0.0,0,0,1,301,0.5,0.5,0.5481469950168996,0.6332796086198558,0.7091670319817251,0.6703287623176004,0.5797532297190315,0.5073670850739253,0.5083223242888575,0.48998354948386535,0.47516297263057705
202506191808,49,Partner,Verbal_NonVerbal,0.5,0,2,0,0.0,0,1,1,1,0,0,EN,,,,,,,,,1.0,0.0,1,0,1,302,0.5,0.5,0.4580271710716777,0.4207091252365267,0.3509747543910585,0.29774281672299524,0.2674996126125574,0.24710671443040716,0.27219386311073757,0.2656697359021847,0.24102198416885126
202506191808,50,Partner,Verbal_NonVerbal,0.5,1,2,0,0.0,0,0,0,1,0,-1,EN,,,,,,,,,0.0,0.0,1,1,1,303,0.5,0.5,0.4569414956648466,0.4187273880448942,0.3539203807257349,0.32004111467358975,0.3280503257489881,0.44297641139397564,0.47667026608436613,0.5055923533382384,0.5270532952431926
202506191808,51,Partner,Verbal_NonVerbal,0.5,0,2,0,0.0,0,1,1,1,0,0,EN,,,,,,,,,1.0,0.0,1,1,1,304,0.5,0.5,0.45837401427098934,0.4211582238976413,0.3996610378126846,0.38972201815325075,0.390063114604479,0.39071311203164527,0.34852035641033036,0.31663214323141875,0.3112362607197408
202506191808,52,Partner,Verbal_NonVerbal,0.5,1,2,0,0.0,0,1,1,1,1,1,EN,,,,,,,,,1.0,0.0,0,0,1,305,0.5,0.5,0.5504138808128304,0.5918437732752693,0.6587792375612433,0.7015920530766169,0.7081303783714629,0.7185111709029738,0.5403544904506684,0.5622245477007273,0.5867049526191472
202506191808,53,Partner,Verbal_NonVerbal,0.5,0,2,0,0.0,0,1,1,1,1,1,EN,,,,,,,,,1.0,0.0,0,0,1,306,0.5,0.5,0.5439767671556783,0.5838811470283793,0.6478316465548616,0.6870457951734366,0.6877885016252077,0.684972050533397,0.8243011125889611,0.8284746279276837,0.8291990811339365
202506191808,54,Partner,Verbal_NonVerbal,0.5,1,2,0,0.0,0,1,1,1,0,0,EN,,,,,,,,,1.0,0.0,1,1,1,307,0.5,0.5,0.4551525516053475,0.3762643996575157,0.29907588629317106,0.2716371683956027,0.2749828029000293,0.27641898163813106,0.2769133479094746,0.2769888321473102,0.2770825392013274
202506191808,55,Partner,Verbal_NonVerbal,0.5,0,2,0,0.0,0,1,1,1,0,0,EN,,,,,,,,,1.0,0.0,0,1,1,308,0.5,0.5,0.4580126135958726,0.42060145129801974,0.3796020634333959,0.35844349578488277,0.3745497953921789,0.385667804658278,0.38623552371147596,0.40034650648567327,0.4290470871733161
202506191808,56,Partner,Verbal_NonVerbal,0.5,1,2,0,0.0,0,1,1,1,1,1,EN,,,,,,,,,1.0,0.0,0,0,1,309,0.5,0.5,0.5450121446166865,0.5847920069318353,0.6545887441730235,0.6972959365153828,0.693861741739458,0.5579816647652833,0.7176807330358346,0.7588055912923078,0.7860323290149307
202506191808,57,Partner,Verbal_NonVerbal,0.5,0,2,0,0.0,0,1,1,1,1,1,EN,,,,,,,,,1.0,0.0,0,0,1,310,0.5,0.5,0.5446770212799857,0.6333692655522779,0.7001678211297246,0.7135450619513766,0.7147089066633369,0.7376428433009818,0.7717079621795991,0.7864940388232776,0.7889527935321397
202506191808,58,Partner,Verbal_NonVerbal,0.5,1,2,0,0.0,0,1,1,1,1,1,EN,,,,,,,,,1.0,0.0,0,0,1,311,0.5,0.5,0.5502802346998616,0.639067537279581,0.7187798045952026,0.7475461711918935,0.7517030206859617,0.7600604364385489,0.7656645671915031,0.7670680462644806,0.7710952076218379
202506191808,59,Partner,Verbal_NonVerbal,0.5,0,2,0,0.0,0,1,1,1,1,1,EN,,,,,,,,,1.0,0.0,0,1,1,312,0.5,0.5,0.5441732824894019,0.5841675651208629,0.6375021355423022,0.6274833006070653,0.5857105200892881,0.5668611543692587,0.5446586409741865,0.5339996172559626,0.5347744460440299
202506191808,60,Partner,Verbal_NonVerbal,0.5,1,2,0,0.0,0,1,1,1,1,1,EN,,,,,,,,,1.0,0.0,0,0,1,313,0.5,0.5,0.5471310727711822,0.5873724595406644,0.6560421056272948,0.6990047242170973,0.6862594427284502,0.6340522870402518,0.6576576045301386,0.6948607707994346,0.7461392686514626
202506191808,62,Partner,Verbal_NonVerbal,0.5,1,2,0,0.0,0,1,1,1,1,1,EN,,,,,,,,,1.0,0.0,0,0,1,314,0.5,0.5,0.5523314024489518,0.5944636412600988,0.6510355458404733,0.6877562197364478,0.6884120844167753,0.7231493484290024,0.75511101524639,0.7615825635021826,0.6268765803104307
202506191808,64,Partner,Verbal_NonVerbal,0.5,1,2,0,0.0,0,-1,-1,1,0,1,EN,,,,,,,,,0.0,1.0,1,1,1,315,0.5,0.5,0.4554791564398584,0.41676326847668055,0.3580608952061986,0.32345765907082347,0.32865714209673424,0.39988543338280846,0.5541317697992463,0.5443428913643052,0.5403465998524011
202506191808,66,Partner,Verbal_NonVerbal,0.5,1,2,0,0.0,0,1,1,1,0,0,EN,,,,,,,,,1.0,0.0,1,1,1,316,0.5,0.5,0.45019091451145277,0.37335877743378854,0.30878733100589484,0.2764940650138578,0.28082650226552275,0.3540841043282707,0.4156366030663558,0.4083384015976088,0.38893358904542386
202506191808,68,Partner,Verbal_NonVerbal,0.5,1,2,0,0.0,0,1,1,1,1,1,EN,,,,,,,,,1.0,0.0,0,0,1,317,0.5,0.5,0.545258815888489,0.6376032863429314,0.7053380027068361,0.7269372044314277,0.7287778299476085,0.726831109210747,0.7454982441278268,0.7814048758061777,0.8084294695073615
202506191808,70,Partner,Verbal_NonVerbal,0.5,1,2,0,0.0,0,1,1,1,0,0,EN,,,,,,,,,1.0,0.0,0,1,1,318,0.5,0.5,0.4558477459680895,0.37466315687090035,0.2973465662193631,0.26199705500781084,0.25218828765911655,0.22902295604172848,0.19403712146973967,0.1761781324422342,0.35594287775764183
202506221651,1,Adversary,Verbal_NonVerbal,0.5,0,2,0,0.0,0,-1,1,0,0,1,EN,,,,,,,,,0.0,1.0,1,1,1,319,0.5,0.5,0.460239530129706,0.42466684991195425,0.37100039848366606,0.3166297759838058,0.30563187456039087,0.3366090368868542,0.39959222643821113,0.49957259741431115,0.5568456839435526
202506221651,2,Adversary,Verbal_NonVerbal,0.5,1,2,0,0.0,0,1,-1,0,0,0,EN,,,,,,,,,1.0,0.0,1,1,1,320,0.5,0.5,0.46240870843831766,0.3867290370459879,0.38603640452398774,0.39232251811372937,0.4014856147936378,0.41010335240024404,0.4369728744618814,0.44547050670042204,0.36406283129076406
202506221651,3,Adversary,Verbal_NonVerbal,0.5,0,2,0,0.0,0,-1,1,1,0,0,EN,,,,,,,,,0.0,1.0,1,1,1,321,0.5,0.5,0.4605291969608224,0.4253207403190126,0.38040191584552224,0.34189037337467515,0.34512503183519094,0.35616896839751333,0.3571157464946155,0.3116116939252751,0.2750047483738471
202506221651,4,Adversary,Verbal_NonVerbal,0.5,1,2,0,0.0,0,-1,1,1,0,0,EN,,,,,,,,,0.0,1.0,1,1,1,322,0.5,0.5,0.46663573523231455,0.4545351842980612,0.5309723879022896,0.48034247078595527,0.46413716482839035,0.45704505160299685,0.22819217904149594,0.2715845517351791,0.2623591498073425
202506221651,5,Adversary,Verbal_NonVerbal,0.5,0,2,0,0.0,0,-1,1,1,1,1,EN,,,,,,,,,0.0,1.0,1,1,1,323,0.5,0.5,0.5427733633838036,0.6309619886794112,0.7049985558063084,0.7092865439448781,0.7253802039030789,0.7567727955413244,0.7746199968842646,0.7846871417809725,0.5811444666494644
202506221651,6,Adversary,Verbal_NonVerbal,0.5,1,2,0,0.0,0,1,-1,1,0,1,EN,,,,,,,,,1.0,0.0,1,1,1,324,0.5,0.5,0.46352433401996107,0.3875296168494258,0.37924890252787385,0.3816840065424181,0.39570401726859267,0.492172628987848,0.5990266050197957,0.6087986973149843,0.5414137935608381
202506221651,7,Adversary,Verbal_NonVerbal,0.5,0,2,0,0.0,0,-1,1,1,0,0,EN,,,,,,,,,0.0,1.0,1,1,1,325,0.5,0.5,0.46044903337435755,0.4252440422789749,0.35332692787673364,0.2927862899129593,0.2600221928300204,0.25434939831440917,0.25218877964897346,0.25113520744241474,0.25051983417726686
202506221651,8,Adversary,Verbal_NonVerbal,0.5,1,2,0,0.0,0,-1,1,1,0,0,EN,,,,,,,,,0.0,1.0,1,1,1,326,0.5,0.5,0.4660472679222765,0.3925843817273396,0.3943072714071805,0.39165321436032663,0.3467307629424626,0.3158569938735015,0.319156345357212,0.2986581540036301,0.2873621733700325
202506221651,9,Adversary,Verbal_NonVerbal,0.5,0,2,0,0.0,0,-1,1,1,0,0,EN,,,,,,,,,0.0,1.0,1,1,1,327,0.5,0.5,0.4609705354394408,0.37051854275961993,0.29769580603418194,0.2733417104681606,0.23768760966729743,0.23183697098526165,0.2430001622103008,0.23535516664194428,0.2604681835971977
202506221651,10,Adversary,Verbal_NonVerbal,0.5,1,2,0,0.0,0,-1,1,1,1,1,EN,,,,,,,,,0.0,1.0,0,0,1,328,0.5,0.5,0.5383109681462243,0.618478823010929,0.6396216630620064,0.6893866119042955,0.5946571419964857,0.6489252131059338,0.6882535979841109,0.7020624905060379,0.6812385871940064
202506221651,11,Adversary,Verbal_NonVerbal,0.5,0,2,0,0.0,0,-1,1,1,0,0,EN,,,,,,,,,0.0,1.0,1,1,1,329,0.5,0.5,0.4609929436730319,0.42588741037434963,0.3943088952203599,0.32460921682347127,0.28050049254593884,0.27549458612599337,0.2769109349112412,0.35360292755346484,0.3432897695825306
202506221651,12,Adversary,Verbal_NonVerbal,0.5,1,2,0,0.0,0,0,0,1,0,-1,EN,,,,,,,,,0.0,0.0,0,0,1,330,0.5,0.5,0.46463867997909913,0.39201786963820967,0.37613820836434003,0.36902486341401225,0.3932034819587344,0.48852353166270296,0.6111925724241635,0.6176414097151057,0.484631867399862
202506221651,13,Adversary,Verbal_NonVerbal,0.5,0,2,0,0.0,0,-1,1,1,1,1,EN,,,,,,,,,0.0,1.0,0,1,1,331,0.5,0.5,0.5425158496737015,0.6308644648464901,0.7113411233115894,0.7466281676586507,0.5660740333089381,0.37851797962713113,0.5251832111646582,0.5472376278374745,0.6277634593755851
202506221651,14,Adversary,Verbal_NonVerbal,0.5,1,2,0,0.0,0,1,-1,1,1,0,EN,,,,,,,,,1.0,0.0,1,0,1,332,0.5,0.5,0.535369240673899,0.5476817208165438,0.4650416385330161,0.36882354967461506,0.4589630459321805,0.45181830464110057,0.4350425972424828,0.44321474788254583,0.45027068043795687
202506221651,15,Adversary,Verbal_NonVerbal,0.5,0,2,0,0.0,0,-1,1,1,0,0,EN,,,,,,,,,0.0,1.0,1,1,1,333,0.5,0.5,0.4608165074593686,0.42575884149784077,0.3783354030668072,0.33419116612067634,0.3322514785752061,0.3696253805641615,0.4359342362235478,0.5158971890639482,0.5363138146674854
202506221651,16,Adversary,Verbal_NonVerbal,0.5,1,2,0,0.0,0,1,-1,1,0,1,EN,,,,,,,,,1.0,0.0,1,1,1,334,0.5,0.5,0.46630083517471493,0.4535996668195615,0.4931903010149941,0.4666761845260949,0.5692427700399346,0.773964590021671,0.898653386043774,0.9032344729305588,0.6712489178056865
202506221651,17,Adversary,Verbal_NonVerbal,0.5,0,2,0,0.0,0,-1,1,1,0,0,EN,,,,,,,,,0.0,1.0,1,1,1,335,0.5,0.5,0.4610776639023817,0.4260303173026037,0.3892782288248566,0.34138927943722785,0.3145115837324579,0.29046127103472946,0.2880483802405064,0.2872078473887538,0.4534353504049692
202506221651,18,Adversary,Verbal_NonVerbal,0.5,1,2,0,0.0,0,-1,1,1,0,0,EN,,,,,,,,,0.0,1.0,1,1,1,336,0.5,0.5,0.4638293623357384,0.45042000799690873,0.5586695918047705,0.5529455044294916,0.5322433273402113,0.47890953811430986,0.4672512624994223,0.49030089717715614,0.4829973460475426
202506221651,19,Adversary,Verbal_NonVerbal,0.5,0,2,0,0.0,0,-1,1,1,0,0,EN,,,,,,,,,0.0,1.0,1,1,1,337,0.5,0.5,0.46196450261151123,0.3715149603439648,0.2853221433657931,0.2394837089284383,0.23443825262648016,0.26612552471676615,0.28166586882806416,0.25157172785602816,0.24650321239625472
202506221651,20,Adversary,Verbal_NonVerbal,0.5,1,2,0,0.0,0,1,-1,1,1,0,EN,,,,,,,,,1.0,0.0,1,1,1,338,0.5,0.5,0.5340562142983358,0.5467172910187049,0.5410239030483514,0.5266631439073347,0.5195057305653291,0.5167798350155998,0.2215490731583146,0.37612272961564414,0.4046332532271814
202506221651,21,Adversary,Verbal_NonVerbal,0.5,0,2,0,0.0,0,-1,1,1,1,1,EN,,,,,,,,,0.0,1.0,1,1,1,339,0.5,0.5,0.5423887372769303,0.6309209231268096,0.712047814107866,0.7473636374326638,0.7635022932655058,0.752512291217693,0.7504588617870169,0.7248019199114009,0.6664486159981954
202506221651,22,Adversary,Verbal_NonVerbal,0.5,1,2,0,0.0,0,1,-1,1,0,1,EN,,,,,,,,,1.0,0.0,1,1,1,340,0.5,0.5,0.4665451991218988,0.4540527345856223,0.5411730039394167,0.6668802808569577,0.6845201876750291,0.662313493746085,0.5347428191523064,0.4937262810980727,0.4224989157082288
202506221651,23,Adversary,Verbal_NonVerbal,0.5,0,2,0,0.0,0,-1,1,1,0,0,EN,,,,,,,,,0.0,1.0,0,1,1,341,0.5,0.5,0.46069962344988985,0.37012516697551484,0.31665051101912883,0.28448770999725886,0.2530047045957284,0.24377865202079693,0.44878682146366083,0.44319193244552774,0.43993835863908914
202506221651,24,Adversary,Verbal_NonVerbal,0.5,1,2,0,0.0,0,-1,1,1,1,1,EN,,,,,,,,,0.0,1.0,0,0,1,342,0.5,0.5,0.5337196003300468,0.605997441152367,0.6313097120900621,0.687039297422593,0.6605123161032872,0.6404554465649852,0.6176155549046508,0.6834667558730446,0.6610737286001629
202506221651,25,Adversary,Verbal_NonVerbal,0.5,0,2,0,0.0,0,-1,1,1,0,0,EN,,,,,,,,,0.0,1.0,1,1,1,343,0.5,0.5,0.4607456552657265,0.4256283475986128,0.3739847498653918,0.3309851845331799,0.29783386746709284,0.2897330465915742,0.2865962814479525,0.28496117959822925,0.28393870584732145
202506221651,26,Adversary,Verbal_NonVerbal,0.5,1,2,0,0.0,0,1,-1,1,0,1,EN,,,,,,,,,1.0,0.0,0,1,1,344,0.5,0.5,0.46179948808400645,0.44809030131187194,0.5417152640385067,0.5732587625881804,0.6870243728248429,0.6758412388202485,0.6613015366031164,0.6346838116185359,0.6157253165136576
202506221651,27,Adversary,Verbal_NonVerbal,0.5,0,2,0,0.0,0,-1,1,1,0,0,EN,,,,,,,,,0.0,1.0,1,1,1,345,0.5,0.5,0.46074014098489147,0.3701843926575687,0.2867956316899606,0.23931352262317537,0.2168467206739092,0.20378176171071058,0.1981836836170341,0.21659870815660706,0.2517573902256191
202506221651,28,Adversary,Verbal_NonVerbal,0.5,1,2,0,0.0,0,1,-1,1,0,1,EN,,,,,,,,,1.0,0.0,1,0,1,346,0.5,0.5,0.46508762994081443,0.4525819713118282,0.5544817729309214,0.757460049349334,0.8176067502751828,0.7836708778712146,0.6202893902175912,0.5552016379659173,0.5378187332353453
202506221651,29,Adversary,Verbal_NonVerbal,0.5,0,2,0,0.0,0,-1,1,1,0,0,EN,,,,,,,,,0.0,1.0,0,1,1,347,0.5,0.5,0.46072925063468895,0.4256181567926784,0.36084544992344636,0.30945678005326505,0.2747181669669648,0.2639455004839695,0.26117381289915537,0.2830997161805592,0.30509892801959715
202506221651,30,Adversary,Verbal_NonVerbal,0.5,1,2,0,0.0,0,-1,1,1,1,1,EN,,,,,,,,,0.0,1.0,0,1,1,348,0.5,0.5,0.5337337584103856,0.6062297268968603,0.6404951209510572,0.6362165214254102,0.6347909519090026,0.6337292014976499,0.6328627885915377,0.6321613880109661,0.6315489768288414
202506221651,31,Adversary,Verbal_NonVerbal,0.5,0,2,0,0.0,0,-1,1,1,1,1,EN,,,,,,,,,0.0,1.0,0,0,1,349,0.5,0.5,0.5426436359456438,0.5813340301080909,0.634904906492583,0.6646628257933219,0.6915215367752653,0.6817201677714935,0.6367284410020609,0.5330792487006977,0.4559840118950244
202506221651,32,Adversary,Verbal_NonVerbal,0.5,1,2,0,0.0,0,-1,1,1,0,0,EN,,,,,,,,,0.0,1.0,1,1,1,350,0.5,0.5,0.46516037625367707,0.4519140898838424,0.5037097285207571,0.4557149231134846,0.40076457715757835,0.37063777158852784,0.3691420940637483,0.37305565857535183,0.4757655627169581
202506221651,33,Adversary,Verbal_NonVerbal,0.5,0,2,0,0.0,0,0,0,1,0,-1,EN,,,,,,,,,0.0,0.0,1,1,1,351,0.5,0.5,0.46076875367559433,0.42562438597949076,0.35494509896532755,0.2822427447921404,0.2607781161567959,0.4390435219976985,0.6212348455056018,0.5031188659427156,0.5240520260885686
202506221651,34,Adversary,Verbal_NonVerbal,0.5,1,2,0,0.0,0,1,-1,1,0,1,EN,,,,,,,,,1.0,0.0,0,1,1,352,0.5,0.5,0.46358858424434585,0.4507008085500289,0.5575475444410529,0.6738662633567256,0.55977477782628,0.562264466340323,0.546015367836489,0.5737533046656031,0.5714464881009732
202506221651,35,Adversary,Verbal_NonVerbal,0.5,0,2,0,0.0,0,-1,1,1,1,1,EN,,,,,,,,,0.0,1.0,1,0,1,353,0.5,0.5,0.5427575846679955,0.5815950043943005,0.6502519539087166,0.66831330708656,0.7026137504492014,0.5370941308050263,0.33215286084668594,0.3928134092522968,0.5381924541195904
202506221651,37,Adversary,Verbal_NonVerbal,0.5,0,2,0,0.0,0,-1,1,1,0,0,EN,,,,,,,,,0.0,1.0,1,1,1,354,0.5,0.5,0.46064423933923104,0.4255214255541943,0.3726387026136652,0.3348499295819814,0.2982756821671576,0.29181935075760806,0.25304477725176067,0.2520403103268644,0.2514290197548661
202506221651,38,Adversary,Verbal_NonVerbal,0.5,1,2,0,0.0,0,-1,1,1,0,0,EN,,,,,,,,,0.0,1.0,1,0,1,355,0.5,0.5,0.4588748282708292,0.4440447580937462,0.5789971226537493,0.7093914835834743,0.5792323705844782,0.5749777420660548,0.6741187384504058,0.6495805006573366,0.5405484403533352
202506221651,39,Adversary,Verbal_NonVerbal,0.5,0,2,0,0.0,0,-1,1,1,1,1,EN,,,,,,,,,0.0,1.0,0,1,1,356,0.5,0.5,0.5426157757999905,0.6314200275845437,0.7118628456691303,0.7459057347848191,0.7552226676949945,0.7638085665084378,0.7363495984328141,0.6764171131447664,0.5939596838564954
202506221651,40,Adversary,Verbal_NonVerbal,0.5,1,2,0,0.0,0,-1,1,1,1,1,EN,,,,,,,,,0.0,1.0,0,0,1,357,0.5,0.5,0.5344059450185668,0.6185826373444528,0.6408402715638432,0.6793899048184885,0.7028743635441087,0.6978908706393422,0.6707039438900788,0.6192625290132192,0.5264086537702882
202506221651,41,Adversary,Verbal_NonVerbal,0.5,0,2,0,0.0,0,-1,1,1,0,0,EN,,,,,,,,,0.0,1.0,1,1,1,358,0.5,0.5,0.46052675141985155,0.37022554358367354,0.28884802902907897,0.2719177948949496,0.2467763430061728,0.23733422039679006,0.23394610383934247,0.24937525280020303,0.27610366662092783
202506221651,42,Adversary,Verbal_NonVerbal,0.5,1,2,0,0.0,0,1,-1,1,1,0,EN,,,,,,,,,1.0,0.0,1,0,1,359,0.5,0.5,0.5350646818725145,0.5470627534571927,0.49285561375948916,0.29827111837353826,0.20064863079244272,0.1950121828880827,0.2811873903866878,0.4419639292331106,0.4680282882703326
202506221651,43,Adversary,Verbal_NonVerbal,0.5,0,2,0,0.0,0,-1,1,1,0,0,EN,,,,,,,,,0.0,1.0,0,1,1,360,0.5,0.5,0.46065757887354913,0.3702690445124202,0.2915488978150277,0.288371348053769,0.28003178002880724,0.29271141827872793,0.280181003544236,0.3012390667225941,0.29810428076947565
202506221651,44,Adversary,Verbal_NonVerbal,0.5,1,2,0,0.0,0,1,-1,1,1,0,EN,,,,,,,,,1.0,0.0,0,0,1,361,0.5,0.5,0.5379876067246405,0.5515604226469751,0.43937729106343826,0.3328171113145025,0.3829817828381186,0.40424042359038054,0.45975640731310996,0.45405213299885844,0.553758430757438
202506221651,45,Adversary,Verbal_NonVerbal,0.5,0,2,0,0.0,0,-1,1,1,0,0,EN,,,,,,,,,0.0,1.0,1,1,1,362,0.5,0.5,0.46053986196080804,0.3701360560507726,0.2889775327891347,0.27266012520920735,0.2425222409600026,0.23569549942264165,0.44576862615819546,0.5546041318064838,0.44253399052327613
202506221651,46,Adversary,Verbal_NonVerbal,0.5,1,2,0,0.0,0,-1,1,1,0,0,EN,,,,,,,,,0.0,1.0,1,1,1,363,0.5,0.5,0.463221905794191,0.44990109108121373,0.505099278062266,0.40096335193722976,0.337475542149518,0.32562984185443644,0.3201643865532473,0.30429725013482933,0.29002715865393985
202506221651,47,Adversary,Verbal_NonVerbal,0.5,0,2,0,0.0,0,-1,1,1,0,0,EN,,,,,,,,,0.0,1.0,1,1,1,364,0.5,0.5,0.46070904384049394,0.37074992374024085,0.3114468186672081,0.31002309935560635,0.2765614393659462,0.265897217313763,0.2629594191780353,0.2868877777426162,0.3054000668660034
202506221651,48,Adversary,Verbal_NonVerbal,0.5,1,2,0,0.0,0,-1,1,1,0,0,EN,,,,,,,,,0.0,1.0,1,1,1,365,0.5,0.5,0.46326182254022585,0.3864139540135071,0.37477179529622556,0.38822488326624044,0.36990177036966276,0.4298037058391801,0.4990799782837004,0.6388826197686898,0.48095013598173164
202506221651,49,Adversary,Verbal_NonVerbal,0.5,0,2,0,0.0,0,-1,1,1,0,0,EN,,,,,,,,,0.0,1.0,1,1,1,366,0.5,0.5,0.460576909805409,0.42537631654779556,0.39510480830768463,0.35075374847010116,0.2963798529407228,0.29165308535817125,0.2591383731285862,0.4184560883931355,0.5984585908579438
202506221651,50,Adversary,Verbal_NonVerbal,0.5,1,2,0,0.0,0,-1,1,1,0,0,EN,,,,,,,,,0.0,1.0,1,1,1,367,0.5,0.5,0.4659925792856673,0.4530724018876858,0.5595609668004504,0.4333779310195606,0.32854923907460015,0.27070322343864545,0.23272395329451157,0.248030952897741,0.25276506667342385
202506221651,52,Adversary,Verbal_NonVerbal,0.5,1,2,0,0.0,0,1,-1,1,0,1,EN,,,,,,,,,1.0,0.0,1,1,1,368,0.5,0.5,0.4542542511432848,0.4473309047547057,0.5775581175738236,0.5580748614586912,0.652396880633447,0.634849832348337,0.5349208364549908,0.6272452756112502,0.5336240165055658
202506221651,53,Adversary,Verbal_NonVerbal,0.5,0,2,0,0.0,0,-1,1,1,0,0,EN,,,,,,,,,0.0,1.0,0,1,1,369,0.5,0.5,0.4609566554655007,0.3707063565134399,0.2972630288980069,0.2735778398180609,0.22157267244591444,0.2563977308091507,0.3887440919895839,0.34437484386425143,0.2930730689849396
202506221651,54,Adversary,Verbal_NonVerbal,0.5,1,2,0,0.0,0,-1,1,1,1,1,EN,,,,,,,,,0.0,1.0,1,0,1,370,0.5,0.5,0.5323448613063781,0.6107859987195005,0.5974407361431392,0.6194136468335988,0.6933641069746553,0.7282961644961504,0.8169995695840307,0.7540489538675114,0.6651165008568717
202506221651,55,Adversary,Verbal_NonVerbal,0.5,0,2,0,0.0,0,-1,1,1,0,0,EN,,,,,,,,,0.0,1.0,1,1,1,371,0.5,0.5,0.4599822527206852,0.42396852463740103,0.35373911469217517,0.28202810406596174,0.24421543378351807,0.26521700467728915,0.27264664670891803,0.25162910919773124,0.24673117037214218
202506221651,56,Adversary,Verbal_NonVerbal,0.5,1,2,0,0.0,0,0,0,1,0,-1,EN,,,,,,,,,0.0,0.0,1,0,1,372,0.5,0.5,0.46187817120943064,0.3763885997199478,0.38239220544053193,0.41684527684438244,0.4054952819599884,0.39501639265649263,0.4523575920222218,0.5374471483313662,0.49175688915246973
202506221651,57,Adversary,Verbal_NonVerbal,0.5,0,2,0,0.0,0,-1,1,1,1,1,EN,,,,,,,,,0.0,1.0,0,0,1,373,0.5,0.5,0.5420508201242675,0.6305763467537732,0.703058709040328,0.7108242815820769,0.7416646216047772,0.7609273449251798,0.5288062045641675,0.5883201575472107,0.6179082035009059
202506221651,58,Adversary,Verbal_NonVerbal,0.5,1,2,0,0.0,0,1,-1,1,0,1,EN,,,,,,,,,1.0,0.0,0,1,1,374,0.5,0.5,0.4628586611430086,0.3908061778621873,0.4782925553721553,0.47773193389476143,0.5344452967393027,0.5199529606578819,0.737688224468133,0.7449173746892929,0.5736207330883069
202506221651,59,Adversary,Verbal_NonVerbal,0.5,0,2,0,0.0,0,-1,1,1,1,1,EN,,,,,,,,,0.0,1.0,0,0,1,375,0.5,0.5,0.5426393993965276,0.5814431798824374,0.6408362295314174,0.688191874373963,0.6860261405766294,0.6474298752619483,0.5816260978367755,0.5027273488459659,0.5113719014289557
202506221651,60,Adversary,Verbal_NonVerbal,0.5,1,2,0,0.0,0,-1,1,1,1,1,EN,,,,,,,,,0.0,1.0,1,0,1,376,0.5,0.5,0.5443977475758178,0.6259352405776089,0.6098946522626819,0.673313747124448,0.6396725911459062,0.6039177211255066,0.5810471843860484,0.5781230980508884,0.65002604375701
202506221651,61,Adversary,Verbal_NonVerbal,0.5,0,2,0,0.0,0,-1,1,1,1,1,EN,,,,,,,,,0.0,1.0,0,0,1,377,0.5,0.5,0.542973385460072,0.6264046360182968,0.7044227856876804,0.7241498638798023,0.7193900686123231,0.7309829366471378,0.7291300285895143,0.7185844619712475,0.7200437583540286
202506221651,62,Adversary,Verbal_NonVerbal,0.5,1,2,0,0.0,0,-1,1,1,1,1,EN,,,,,,,,,0.0,1.0,0,0,1,378,0.5,0.5,0.5424351366830423,0.6247194622694437,0.6424973948702153,0.6907476816635111,0.6864244178556191,0.654103510548616,0.621521007920394,0.6021687729547895,0.579338355404944
202506221651,63,Adversary,Verbal_NonVerbal,0.5,0,2,0,0.0,0,-1,1,1,1,1,EN,,,,,,,,,0.0,1.0,0,0,1,379,0.5,0.5,0.5428197542799498,0.5810586711979,0.6373289612558118,0.7018648742273366,0.7251937730342447,0.7116346472331645,0.7303515678888628,0.7159814186971618,0.668043646372371
202506221651,64,Adversary,Verbal_NonVerbal,0.5,1,2,0,0.0,0,1,-1,1,0,1,EN,,,,,,,,,1.0,0.0,0,1,1,380,0.5,0.5,0.4642959881506065,0.450708316020742,0.5508773576573317,0.5683017046202203,0.6468157169564788,0.6780262836455324,0.7776753471322524,0.848573495439724,0.810817881453642
202506221651,65,Adversary,Verbal_NonVerbal,0.5,0,2,0,0.0,0,-1,1,1,0,0,EN,,,,,,,,,0.0,1.0,1,1,1,381,0.5,0.5,0.46016786642487595,0.42485629770077354,0.3769414226497819,0.34818869061193813,0.32611841403771596,0.29947421534474217,0.26882606823964983,0.23772687532328649,0.2202049828091514
202506221651,66,Adversary,Verbal_NonVerbal,0.5,1,2,0,0.0,0,1,-1,1,1,0,EN,,,,,,,,,1.0,0.0,0,0,1,382,0.5,0.5,0.534025150559193,0.546226447402456,0.46177741060140043,0.3525292673134808,0.34090908426921157,0.3576064850624977,0.3695525123124916,0.4688194339733896,0.49093280486608154
202506221651,67,Adversary,Verbal_NonVerbal,0.5,0,2,0,0.0,0,-1,1,1,0,0,EN,,,,,,,,,0.0,1.0,1,0,1,383,0.5,0.5,0.46049374511134505,0.42533816318904827,0.36542825989885824,0.31162351781053915,0.33231096328519616,0.3206904335788797,0.3219322074196539,0.35238356355134365,0.37940169702805115
202506221651,68,Adversary,Verbal_NonVerbal,0.5,1,2,0,0.0,0,-1,1,1,0,0,EN,,,,,,,,,0.0,1.0,1,1,1,384,0.5,0.5,0.4652796855161466,0.45280027311978216,0.4226501741098957,0.3773039891239025,0.35314492065159486,0.3862094003142452,0.4166397002480856,0.49946577010615334,0.5387780058908265
202506221651,69,Adversary,Verbal_NonVerbal,0.5,0,2,0,0.0,0,-1,1,1,1,1,EN,,,,,,,,,0.0,1.0,0,0,1,385,0.5,0.5,0.5430390954973957,0.6317296744854617,0.6979814591948692,0.6979652188519526,0.7396170631983674,0.7392132829650057,0.7731195680400302,0.7743010460700429,0.7968537508190249
202506261318,2,Adversary,Verbal_NonVerbal,0.5,0,2,0,0.0,-1,-1,1,1,1,1,EN,,,,,,,,,0.0,1.0,0,0,1,386,0.5,0.5,0.5427432588444563,0.6312735288194501,0.7097774265280674,0.7159944999736376,0.7112542206967558,0.7245782292439545,0.7472239091819497,0.7602957256084797,0.7355891453130491
202506261318,3,Adversary,Verbal_NonVerbal,0.5,0,2,0,0.0,-1,-1,1,1,1,1,EN,,,,,,,,,0.0,1.0,1,1,1,387,0.5,0.5,0.5426459121578423,0.6309518229513212,0.6998102825551361,0.7210807219024069,0.7054760818708868,0.6563711978909318,0.583443799838944,0.5009896147351159,0.4856825380660632
202506261328,1,Adversary,Verbal_NonVerbal,0.5,0,2,0,0.0,-1,0,0,0,1,-1,EN,,,,,,,,,0.0,0.0,1,0,1,388,0.5,0.5,0.5409199841357577,0.5782398539281559,0.6241538046552008,0.6473617134793049,0.6806930432515114,0.7092733693897327,0.5451092809115266,0.45446334929389265,0.35292998224136635
202506261705,1,Partner,Verbal_NonVerbal,0.5,0,2,0,0.0,-1,-1,-1,0,1,1,EN,,,,,,,,,0.0,1.0,0,0,1,389,0.5,0.5,0.5436505277391017,0.6337117501204543,0.711620123402472,0.7387753408397463,0.7433720347083503,0.7501570983120951,0.7575860485299559,0.7657430772060891,0.7714333021913158
202506261705,3,Partner,Verbal_NonVerbal,0.5,0,2,0,0.0,-1,1,1,1,1,1,EN,,,,,,,,,1.0,0.0,1,0,1,390,0.5,0.5,0.5438728285483938,0.6329284750136751,0.7027589728851789,0.7215282190173655,0.6957125806007528,0.6787021882456284,0.7283305926179969,0.7303610964908613,0.6913578542742931
202506261705,4,Partner,Verbal_NonVerbal,0.5,0,2,0,0.0,-1,1,1,1,1,1,EN,,,,,,,,,1.0,0.0,0,0,1,391,0.5,0.5,0.5440693136796086,0.5840846002903552,0.6328818377997774,0.6634190938815456,0.6414470068784714,0.6279708159911911,0.6930713590351412,0.694753082135764,0.6928464112152645
202506261705,5,Partner,Verbal_NonVerbal,0.5,0,2,0,0.0,-1,1,1,1,0,0,EN,,,,,,,,,1.0,0.0,1,1,1,392,0.5,0.5,0.45816641785841733,0.4207795588736922,0.40890425994299895,0.4078764674147767,0.4032576412393515,0.37888993920847497,0.3531990666273026,0.3456324875350123,0.34556988578851766
202506261705,8,Partner,Verbal_NonVerbal,0.5,0,2,0,0.0,-1,1,1,1,1,1,EN,,,,,,,,,1.0,0.0,0,0,1,393,0.5,0.5,0.5438357037409768,0.6329479189334251,0.6906575468746923,0.7013596130307792,0.7050229168403674,0.7120229420428081,0.7265351917414271,0.74483373464079,0.7527719005625144
202506261737,1,Partner,Verbal_NonVerbal,0.5,0,2,0,0.0,-1,-1,-1,0,0,0,EN,,,,,,,,,0.0,1.0,1,1,1,394,0.5,0.5,0.4568031080275582,0.41852490604318726,0.38699753803753184,0.37132659766875564,0.37382057221151255,0.3246978509231287,0.16657468924581542,0.16540921060998964,0.32700320837615937
202506261742,1,Partner,Verbal_NonVerbal,0.5,1,2,0,0.0,-1,-1,-1,0,0,0,EN,,,,,,,,,0.0,1.0,1,1,1,395,0.5,0.5,0.45509494892862007,0.4165577249783672,0.3509365315419257,0.31612837586347586,0.32286873481978307,0.32133982031420827,0.4839922478866086,0.4801332504230773,0.5466703392770953
202506261742,2,Partner,Verbal_NonVerbal,0.5,1,2,0,0.0,-1,1,1,1,0,0,EN,,,,,,,,,1.0,0.0,1,1,1,396,0.5,0.5,0.45283226195646864,0.3661863604976279,0.2894028030009034,0.2549763907330072,0.2264731904792492,0.1974748545934273,0.18587074377473284,0.1719577149517581,0.2038040198537549
202506261742,3,Partner,Verbal_NonVerbal,0.5,1,2,0,0.0,-1,1,1,1,1,1,EN,,,,,,,,,1.0,0.0,1,0,1,397,0.5,0.5,0.5484622955750232,0.6287796526504026,0.6959091930212976,0.6726166986343273,0.6021099812423713,0.5493825083265652,0.5275874504634934,0.5237171083297782,0.5260711880714678
202506261742,4,Partner,Verbal_NonVerbal,0.5,1,2,0,0.0,-1,1,1,1,1,1,EN,,,,,,,,,1.0,0.0,0,0,1,398,0.5,0.5,0.5466613176960199,0.586876694462967,0.6538314134597099,0.6955080799559761,0.691642423065354,0.5547227653422957,0.6243754111154872,0.6148003551760002,0.7000811241144183
202506261742,5,Partner,Verbal_NonVerbal,0.5,1,2,0,0.0,-1,1,1,1,1,1,EN,,,,,,,,,1.0,0.0,0,0,1,399,0.5,0.5,0.5474589745200421,0.5878898867745181,0.6544889419267269,0.6960435114133129,0.6961088341289646,0.6687938847718518,0.6199031330088336,0.4931378333106348,0.5696935582410598
202506090749,107,Adversary,Verbal_NonVerbal,0.5,1,2,1,1.0,0,-1,1,1,1,1,EN,,,,,,,,,0.0,1.0,1,1,1,400,0.5,0.5,0.50626555818916,0.5896767548823203,0.688596974953808,0.6968569433500349,0.7306370732700599,0.752872029287415,0.7131845958715826,0.7425235224947371,0.7065400253051971
202506090749,110,Adversary,Verbal_NonVerbal,0.5,1,2,1,1.0,0,0,0,1,1,-1,EN,,,,,,,,,0.0,0.0,1,1,1,401,0.5,0.5,0.5013307017819713,0.5102749451360999,0.5232481539540745,0.6443643710543846,0.6320860896754642,0.6348039435871028,0.47783800609372135,0.4814858932816621,0.4914372104540701
202506090749,111,Adversary,Verbal_NonVerbal,0.5,1,2,1,1.0,0,-1,1,1,0,0,EN,,,,,,,,,0.0,1.0,1,1,1,402,0.5,0.5,0.4946581090825257,0.48575947332045205,0.3998168732478583,0.34429596007692037,0.3155968478053025,0.32666914635067873,0.35381219739396985,0.3116484085586107,0.2990703078535263
202506090749,112,Adversary,Verbal_NonVerbal,0.5,1,2,1,1.0,0,-1,1,1,0,0,EN,,,,,,,,,0.0,1.0,1,1,1,403,0.5,0.5,0.49494981634883095,0.48826037445998743,0.481889400545244,0.44815669693978316,0.513844138698687,0.43905609167601556,0.4212761395995456,0.36292275474475577,0.3628902760961921
202506090749,113,Adversary,Verbal_NonVerbal,0.5,1,2,1,1.0,0,-1,1,1,1,1,EN,,,,,,,,,0.0,1.0,1,1,1,404,0.5,0.5,0.5013426141632363,0.5353562772978688,0.6196266889357996,0.6604677911886904,0.6557471553318958,0.6040229864022851,0.5440441020210661,0.6022996782500954,0.667799197345876
202506090749,114,Adversary,Verbal_NonVerbal,0.5,1,2,1,1.0,0,-1,1,1,0,0,EN,,,,,,,,,0.0,1.0,1,1,1,405,0.5,0.5,0.4949990172234358,0.40815007982331275,0.34104542770223745,0.3215127218870536,0.34542862565412374,0.3658488175079807,0.49219803189092737,0.4927378915926766,0.4928453029155117
202506091341,1,Adversary,Verbal_NonVerbal,0.5,0,2,1,0.0,0,-1,1,1,0,0,EN,,,,,,,,,0.0,1.0,1,1,1,406,0.5,0.5,0.49931775846715515,0.4986043969927123,0.4231299826015993,0.34880713349778814,0.48092145419282734,0.627619844694247,0.4322721145868722,0.36793055053239093,0.3719879155574585
202506091341,2,Adversary,Verbal_NonVerbal,0.5,1,2,1,0.0,0,1,-1,1,0,1,EN,,,,,,,,,1.0,0.0,0,1,1,407,0.5,0.5,0.4996588850251707,0.5212432919318285,0.5363095784715031,0.6212803096212319,0.5893300248346577,0.48659631432790684,0.49222242828842516,0.5257330346528519,0.6172017708237331
202506091341,3,Adversary,Verbal_NonVerbal,0.5,0,2,1,0.5,0,-1,1,1,1,1,EN,,,,,,,,,0.0,1.0,0,0,1,408,0.5,0.5,0.5039819109751276,0.5876582728603403,0.6868591110305114,0.7294645296080547,0.7279153539392951,0.6884857531409975,0.6192546686287222,0.5350343645500348,0.45146995462700606
202506091341,4,Adversary,Verbal_NonVerbal,0.5,1,2,1,0.5,0,1,-1,1,1,0,EN,,,,,,,,,1.0,0.0,1,1,1,409,0.5,0.5,0.5018958749913279,0.36596162955286826,0.3013167308057896,0.34093363705506907,0.26473008534848397,0.24149192942323486,0.26821324338044084,0.39640310561174613,0.4489658752298744
202506091341,5,Adversary,Verbal_NonVerbal,0.5,0,2,1,1.0,0,-1,1,1,0,0,EN,,,,,,,,,0.0,1.0,1,1,1,410,0.5,0.5,0.49008109405588846,0.48131571902597553,0.4424650846956277,0.3916987582536875,0.34655050508460894,0.3056894459530593,0.45168062387683877,0.6282567115425209,0.5794124081731924
202506091341,6,Adversary,Verbal_NonVerbal,0.5,1,2,1,1.0,0,-1,1,1,1,1,EN,,,,,,,,,0.0,1.0,1,1,1,411,0.5,0.5,0.5053634034335939,0.5893563192902609,0.6712181275712208,0.7249837092474247,0.7390819752304629,0.7270796080953843,0.7247153558138991,0.7533806974183623,0.679162009880448
202506091341,7,Adversary,Verbal_NonVerbal,0.5,0,2,1,0.0,0,-1,1,1,0,0,EN,,,,,,,,,0.0,1.0,1,1,1,412,0.5,0.5,0.49935246756458246,0.4615515243523327,0.3526040679099437,0.3363594932069329,0.2941271496389427,0.2678396341909457,0.2791185103548564,0.3027600298298292,0.3387333824009943
202506091341,8,Adversary,Verbal_NonVerbal,0.5,1,2,1,0.0,0,1,-1,1,0,1,EN,,,,,,,,,1.0,0.0,1,1,1,413,0.5,0.5,0.49968074969747706,0.6418116825785065,0.8514905143311826,0.8170653875316347,0.628056288686841,0.8201169696998521,0.6608400149898713,0.6251174075662127,0.7564602126000484
202506091341,9,Adversary,Verbal_NonVerbal,0.5,0,2,1,0.5,0,-1,1,1,0,0,EN,,,,,,,,,0.0,1.0,1,1,1,414,0.5,0.5,0.496455842681662,0.4931905020100418,0.4343992151489701,0.39019740013609955,0.405603749080415,0.4515087963319578,0.5163710608558936,0.47478325749556655,0.40377412911035576
202506091341,10,Adversary,Verbal_NonVerbal,0.5,1,2,1,0.5,0,1,-1,1,0,1,EN,,,,,,,,,1.0,0.0,0,1,1,415,0.5,0.5,0.49815282646705655,0.6424794221564356,0.7307598367505562,0.8559351124845518,0.744088984601902,0.5942138125458459,0.596621689326159,0.532320918321868,0.5186495123621985
202506091341,11,Adversary,Verbal_NonVerbal,0.5,0,2,1,1.0,0,-1,1,1,0,0,EN,,,,,,,,,0.0,1.0,1,1,1,416,0.5,0.5,0.4901235698480322,0.48124052575474113,0.41409291342473764,0.3783100007600775,0.3162252744730956,0.31195184701179507,0.3476750630715754,0.41324965504846717,0.4487037551343183
202506091341,12,Adversary,Verbal_NonVerbal,0.5,1,2,1,1.0,0,-1,1,1,0,0,EN,,,,,,,,,0.0,1.0,1,1,1,417,0.5,0.5,0.49630485338221036,0.48804047942959794,0.4066744814292105,0.3298156320542475,0.27588921025506125,0.25240506496321974,0.2638969405744828,0.2973361880344648,0.32531858123721585
202506091341,13,Adversary,Verbal_NonVerbal,0.5,0,2,1,0.0,0,-1,1,1,1,1,EN,,,,,,,,,0.0,1.0,0,1,1,418,0.5,0.5,0.5007667119813524,0.5376518073974648,0.627917635203336,0.6209157370509533,0.6500972333641241,0.6632428372941214,0.706323918988044,0.7023917431588383,0.6621930213883633
202506091341,14,Adversary,Verbal_NonVerbal,0.5,1,2,1,0.0,0,1,-1,1,0,1,EN,,,,,,,,,1.0,0.0,1,1,1,419,0.5,0.5,0.49968637500529706,0.6418993751103745,0.8410353802353085,0.9395404301352758,0.9796300400991443,0.9931239248566875,0.694083374469694,0.6589161580702728,0.6151174610646213
202506091341,15,Adversary,Verbal_NonVerbal,0.5,0,2,1,0.5,0,-1,1,1,0,0,EN,,,,,,,,,0.0,1.0,0,1,1,420,0.5,0.5,0.49671146661316956,0.49340307857464144,0.4545578760046864,0.40111606232281805,0.38509426143667164,0.41181252502255583,0.4016112269302154,0.4564195597720191,0.3900832352704596
202506091341,16,Adversary,Verbal_NonVerbal,0.5,1,2,1,0.5,0,1,-1,1,0,1,EN,,,,,,,,,1.0,0.0,0,1,1,421,0.5,0.5,0.4981142784499447,0.5860648909646445,0.6483323948485025,0.7563532281098471,0.5993993777190741,0.7466854904295168,0.7761187490452603,0.738077606135495,0.707304186258431
202506091341,17,Adversary,Verbal_NonVerbal,0.5,0,2,1,1.0,0,-1,1,1,1,1,EN,,,,,,,,,0.0,1.0,1,0,1,422,0.5,0.5,0.5115894510310713,0.5930361088523799,0.6795982012713189,0.6900960895405065,0.6830778510886605,0.7041556413402663,0.6860771045664714,0.6346384634610018,0.5595784277168594
202506091341,18,Adversary,Verbal_NonVerbal,0.5,1,2,1,1.0,0,-1,1,1,1,1,EN,,,,,,,,,0.0,1.0,0,1,1,423,0.5,0.5,0.5051351055142462,0.5148445598735394,0.5900351064575041,0.6251966497237669,0.6295479293201872,0.6554414889516047,0.6549052438766209,0.6280912676854775,0.6612907068771037
202506091341,19,Adversary,Verbal_NonVerbal,0.5,0,2,1,0.0,0,-1,1,1,1,1,EN,,,,,,,,,0.0,1.0,1,0,1,424,0.5,0.5,0.5007632486179292,0.5379851600974341,0.6442218433045241,0.6515631851219041,0.6628374391109555,0.6773279569025932,0.7233351525445765,0.734589188537414,0.7273508329359678
202506091341,20,Adversary,Verbal_NonVerbal,0.5,1,2,1,0.0,0,1,-1,1,1,0,EN,,,,,,,,,1.0,0.0,1,1,1,425,0.5,0.5,0.5003449051853726,0.4188871891830883,0.3703489628358058,0.38837956180010896,0.2798856667664162,0.3048360652764782,0.43936617187143984,0.46058626633144645,0.4693208401232653
202506091341,21,Adversary,Verbal_NonVerbal,0.5,0,2,1,0.5,0,-1,1,1,0,0,EN,,,,,,,,,0.0,1.0,1,1,1,426,0.5,0.5,0.4965072416942882,0.4130989818072727,0.31290732864897886,0.3063777118183504,0.25057837883389705,0.24898275806862846,0.43142230566691914,0.39749334698806693,0.38790055177161015
202506091341,22,Adversary,Verbal_NonVerbal,0.5,1,2,1,0.5,0,1,-1,1,1,0,EN,,,,,,,,,1.0,0.0,1,1,1,427,0.5,0.5,0.5020321914705754,0.36991837092110846,0.28506567690385193,0.3532557677000174,0.4583957018272252,0.4567165906329705,0.36394352577037686,0.4614537622112792,0.26016128285537515
202506091341,23,Adversary,Verbal_NonVerbal,0.5,0,2,1,1.0,0,-1,1,1,1,1,EN,,,,,,,,,0.0,1.0,-1,0,1,428,0.5,0.5,0.5114849746325242,0.5931618312216039,0.6828733753990028,0.7126157938711559,0.7051119252465282,0.7151057335359738,0.7408753699854825,0.7317450099484977,0.6866248962943678
202506091341,24,Adversary,Verbal_NonVerbal,0.5,1,2,1,1.0,0,-1,1,1,1,1,EN,,,,,,,,,0.0,1.0,-1,1,1,429,0.5,0.5,0.503443539839939,0.5170413270403609,0.5354404421355654,0.6036911613993832,0.5998445724269499,0.5997058976309173,0.6666400062908706,0.6676777259939087,0.7058584452335861
202506091341,25,Adversary,Verbal_NonVerbal,0.5,0,2,1,0.0,0,-1,1,1,0,0,EN,,,,,,,,,0.0,1.0,1,1,1,430,0.5,0.5,0.49935760821427155,0.46029147560521033,0.33399707157803316,0.27810899410003664,0.27503525253293265,0.30166379955806905,0.367107764084328,0.4527659902569914,0.5418015988453845
202506091341,26,Adversary,Verbal_NonVerbal,0.5,1,2,1,0.0,0,1,-1,1,0,1,EN,,,,,,,,,1.0,0.0,0,1,1,431,0.5,0.5,0.49971497537741466,0.5374820597036215,0.5593309887366035,0.7613967123827783,0.8218214503733389,0.6068014866650625,0.7563253333684504,0.7994057881274592,0.7885286193628055
202506091341,27,Adversary,Verbal_NonVerbal,0.5,0,2,1,0.5,0,-1,1,1,1,1,EN,,,,,,,,,0.0,1.0,1,1,1,432,0.5,0.5,0.5040471256874247,0.5875151250554054,0.6760765445739512,0.711390001883999,0.5480922080326263,0.3726299683401712,0.5514416320607889,0.49560180765105166,0.6171518988938152
202506091341,28,Adversary,Verbal_NonVerbal,0.5,1,2,1,0.5,0,-1,1,1,0,0,EN,,,,,,,,,0.0,1.0,1,1,1,433,0.5,0.5,0.49824498276633866,0.5199446611179671,0.5431941397361403,0.5867359922883797,0.5487655857273358,0.5041033362063795,0.4420293456377979,0.32953627178722844,0.2647031269570091
202506091341,29,Adversary,Verbal_NonVerbal,0.5,0,2,1,1.0,0,-1,1,1,0,0,EN,,,,,,,,,0.0,1.0,1,1,1,434,0.5,0.5,0.4908425246162655,0.4821052217074863,0.45011632227922926,0.422951824916842,0.3505271500912411,0.300108418728152,0.2949855014717088,0.2705099841181703,0.24979473289475973
202506091341,30,Adversary,Verbal_NonVerbal,0.5,1,2,1,1.0,0,-1,1,1,0,0,EN,,,,,,,,,0.0,1.0,1,1,1,435,0.5,0.5,0.49512294459528955,0.4086290801530632,0.35787091796824305,0.348074473152872,0.32117200036652976,0.31479805258702986,0.3567927304691174,0.3069823016014366,0.31046397418600935
202506091341,31,Adversary,Verbal_NonVerbal,0.5,0,2,1,0.0,0,-1,1,1,1,1,EN,,,,,,,,,0.0,1.0,1,1,1,436,0.5,0.5,0.5007646442816962,0.5016043209316922,0.5731861662439501,0.6573566747673124,0.5274240802978092,0.36301471987778183,0.3725652975634932,0.42293082275603344,0.453025332953332
202506091341,32,Adversary,Verbal_NonVerbal,0.5,1,2,1,0.0,0,1,-1,1,1,0,EN,,,,,,,,,1.0,0.0,1,0,1,437,0.5,0.5,0.5003594321435212,0.41644272081516126,0.3596108260995544,0.22143745796821465,0.3332704199578639,0.4339304691689641,0.4212444983176041,0.44777854695686103,0.46763901336157165
202506091341,33,Adversary,Verbal_NonVerbal,0.5,0,2,1,0.5,0,-1,1,1,1,1,EN,,,,,,,,,0.0,1.0,0,0,1,438,0.5,0.5,0.5039132200404998,0.5869634064210638,0.688223158865225,0.7238719748682093,0.5530429417470509,0.37377963903681544,0.5198982588431013,0.5155022205100408,0.6132484374587843
202506091341,34,Adversary,Verbal_NonVerbal,0.5,1,2,1,0.5,0,-1,1,1,1,1,EN,,,,,,,,,0.0,1.0,0,0,1,439,0.5,0.5,0.5000266365308944,0.4769262714694116,0.4159048889229608,0.3942312519060784,0.5160880255405116,0.5646435034034879,0.5864376012169827,0.45863776165269726,0.4947492828454309
202506091341,35,Adversary,Verbal_NonVerbal,0.5,0,2,1,1.0,0,-1,1,1,1,1,EN,,,,,,,,,0.0,1.0,0,1,1,440,0.5,0.5,0.5114460673197163,0.5225839803755915,0.6149459148577049,0.6578190028070695,0.6583129521190535,0.6815025378200155,0.6582124130311656,0.636411510776721,0.6289282655228889
202506091341,36,Adversary,Verbal_NonVerbal,0.5,1,2,1,1.0,0,-1,1,1,0,0,EN,,,,,,,,,0.0,1.0,1,1,1,441,0.5,0.5,0.49508971724168227,0.44192090553476615,0.4164283518088644,0.3725410231025409,0.31162530821209655,0.27603521260727987,0.2581694765808588,0.25560849457306195,0.26058575674828827
202506091341,38,Adversary,Verbal_NonVerbal,0.5,1,2,1,0.0,0,1,-1,1,0,1,EN,,,,,,,,,1.0,0.0,1,1,1,442,0.5,0.5,0.49968517152181585,0.5760608316744688,0.6235338766582585,0.7425138991862568,0.5934577078837041,0.5607005467582993,0.5196105201057956,0.44260539689304945,0.3274806158350283
202506091341,39,Adversary,Verbal_NonVerbal,0.5,0,2,1,0.5,0,-1,1,1,0,0,EN,,,,,,,,,0.0,1.0,1,1,1,443,0.5,0.5,0.4964631063485604,0.4123156923070783,0.3147159871307444,0.29199552546131957,0.329023525660332,0.2819506627934027,0.44771938744684364,0.6249303023629077,0.3990397717604521
202506091341,40,Adversary,Verbal_NonVerbal,0.5,1,2,1,0.5,0,1,-1,1,1,0,EN,,,,,,,,,1.0,0.0,1,0,1,444,0.5,0.5,0.5019017749204503,0.4781027259991505,0.4551878331716948,0.27756135664466036,0.3542181347663155,0.42207181616674483,0.4159341480329494,0.498207814181176,0.5768990152485709
202506091341,41,Adversary,Verbal_NonVerbal,0.5,0,2,1,1.0,0,-1,1,1,1,1,EN,,,,,,,,,0.0,1.0,1,0,1,445,0.5,0.5,0.5114820554035714,0.5959653577452851,0.6828646232320656,0.7158158921061195,0.5518932990752319,0.37554643441849095,0.5704585689364622,0.594546963424322,0.6671232083867538
202506091341,42,Adversary,Verbal_NonVerbal,0.5,1,2,1,1.0,0,-1,1,1,1,1,EN,,,,,,,,,0.0,1.0,1,0,1,446,0.5,0.5,0.5053393869599159,0.5888731174705405,0.6923893060726495,0.7154942540138121,0.706543810765538,0.6844411467896069,0.6897597679225105,0.6974898072782891,0.678475485087294
202506091341,43,Adversary,Verbal_NonVerbal,0.5,0,2,1,0.0,0,-1,1,1,1,1,EN,,,,,,,,,0.0,1.0,1,1,1,447,0.5,0.5,0.5007704097399437,0.5016151356374241,0.5743615516262547,0.6195307017321178,0.6563462887846054,0.6550200820281,0.6170720015464494,0.5529326859484636,0.4787527104720383
202506091341,44,Adversary,Verbal_NonVerbal,0.5,1,2,1,0.0,0,-1,1,1,0,0,EN,,,,,,,,,0.0,1.0,-1,1,1,448,0.5,0.5,0.500003129181639,0.5217568270625117,0.6141497869565092,0.6851546449492454,0.5496108547280746,0.4349224776687474,0.364824789865899,0.39643796867201736,0.4341567708655365
202506091341,45,Adversary,Verbal_NonVerbal,0.5,0,2,1,0.5,0,-1,1,1,0,0,EN,,,,,,,,,0.0,1.0,1,1,1,449,0.5,0.5,0.4965693694427302,0.4158540556175916,0.31977556651536915,0.26539386264309356,0.26032448565896765,0.27557218056192007,0.2513855610837198,0.25319742295864994,0.2607733645725071
202506091341,46,Adversary,Verbal_NonVerbal,0.5,1,2,1,0.5,0,1,-1,1,1,0,EN,,,,,,,,,1.0,0.0,1,1,1,450,0.5,0.5,0.5020183339587667,0.3630089462475067,0.2949584352319993,0.17889127615531583,0.3125366020545926,0.34937563140525335,0.44895181490774233,0.4227452425285251,0.46399244105826865
202506091341,47,Adversary,Verbal_NonVerbal,0.5,0,2,1,1.0,0,-1,1,1,0,0,EN,,,,,,,,,0.0,1.0,1,1,1,451,0.5,0.5,0.49019197035737777,0.48144173439800453,0.4218011726286717,0.3845420555000508,0.30399195139989443,0.278505659112061,0.2801523205867216,0.3082502944851933,0.30047077909016157
202506091341,48,Adversary,Verbal_NonVerbal,0.5,1,2,1,1.0,0,-1,1,1,1,1,EN,,,,,,,,,0.0,1.0,1,0,1,452,0.5,0.5,0.5054874381430727,0.5894069182704148,0.666495278444089,0.6992167288536973,0.7342225812967216,0.7673983978348947,0.7782203492104507,0.7766945779387481,0.7578735840664674
202506091341,49,Adversary,Verbal_NonVerbal,0.5,0,2,1,0.0,0,-1,1,1,0,0,EN,,,,,,,,,0.0,1.0,-1,1,1,453,0.5,0.5,0.49932253079097805,0.4613440602462774,0.36429990808580426,0.3652963558866601,0.3142864805384934,0.30280751859482385,0.29939905968745206,0.4529902130029301,0.6241928830728328
202506091341,50,Adversary,Verbal_NonVerbal,0.5,1,2,1,0.0,0,1,-1,1,1,0,EN,,,,,,,,,1.0,0.0,0,0,1,454,0.5,0.5,0.5004230446009459,0.3679066346289716,0.30586620504547674,0.2969056244093632,0.34035775321460043,0.4264778679288132,0.41344645354673987,0.44755838147591254,0.40945374395067013
202506091341,51,Adversary,Verbal_NonVerbal,0.5,0,2,1,0.5,0,-1,1,1,0,0,EN,,,,,,,,,0.0,1.0,1,1,1,455,0.5,0.5,0.49658804229831716,0.49326807257312105,0.4074582001356995,0.3102454074566154,0.29869089978244495,0.2549128353914809,0.2503031415243662,0.2633029112485114,0.3316408353737038
202506091341,52,Adversary,Verbal_NonVerbal,0.5,1,2,1,0.5,0,1,-1,1,0,1,EN,,,,,,,,,1.0,0.0,1,1,1,456,0.5,0.5,0.49830291046441805,0.5756908221466561,0.6329923837626465,0.7613315238437081,0.6233969052545478,0.5829411106330716,0.5471773145433413,0.5046979490213941,0.43718954993278675
202506091341,53,Adversary,Verbal_NonVerbal,0.5,0,2,1,1.0,0,-1,1,1,0,0,EN,,,,,,,,,0.0,1.0,1,1,1,457,0.5,0.5,0.49011555536113066,0.4077682402156078,0.30652408917633933,0.2949756538355658,0.2588205957953137,0.2594977108840224,0.47104312635649764,0.5045040313473048,0.5392690162848854
202506091341,54,Adversary,Verbal_NonVerbal,0.5,1,2,1,1.0,0,-1,1,1,0,0,EN,,,,,,,,,0.0,1.0,1,1,1,458,0.5,0.5,0.495169389052364,0.48724773913978664,0.45141221431897055,0.4427739024044905,0.410906032775805,0.41594843735106446,0.4308855937974354,0.44133254800740046,0.44685713434989943
202506091341,55,Adversary,Verbal_NonVerbal,0.5,0,2,1,0.0,0,0,0,1,0,-1,EN,,,,,,,,,0.0,0.0,0,1,1,459,0.5,0.5,0.4993556456891044,0.4987200449816072,0.44863142993556054,0.4179056121254851,0.3526276617620169,0.48138324962561074,0.5739642636595087,0.5721711607214617,0.5346934934633801
202506091341,56,Adversary,Verbal_NonVerbal,0.5,1,2,1,0.0,0,1,-1,1,0,1,EN,,,,,,,,,1.0,0.0,1,1,1,460,0.5,0.5,0.49968810774716915,0.5210575679792354,0.5370616827331438,0.7303502537603352,0.608442881863874,0.5906899601543563,0.7646696552693598,0.6263642714919437,0.5848590107069762
202506091341,57,Adversary,Verbal_NonVerbal,0.5,0,2,1,0.5,0,-1,1,1,1,1,EN,,,,,,,,,0.0,1.0,1,1,1,461,0.5,0.5,0.5042367868828641,0.5878517708822298,0.6865376281355217,0.7241085455685872,0.5515959233324549,0.37200481469158375,0.5171939663011389,0.5578920452176488,0.5955437002856898
202506091341,58,Adversary,Verbal_NonVerbal,0.5,1,2,1,0.5,0,1,-1,1,0,1,EN,,,,,,,,,1.0,0.0,0,1,1,462,0.5,0.5,0.49824131991648934,0.5199511425364731,0.5434340172361739,0.6975690050265504,0.6367867133514976,0.6108549300949484,0.6581535035790824,0.6856941694556811,0.5612281836789934
202506091341,59,Adversary,Verbal_NonVerbal,0.5,0,2,1,1.0,0,-1,1,1,0,0,EN,,,,,,,,,0.0,1.0,1,1,1,463,0.5,0.5,0.4901054103496495,0.4084930573951354,0.3173591445908557,0.277421930730288,0.4397527564520223,0.6212094024822714,0.5748182286758459,0.42840571802621935,0.44116926636384923
202506091341,60,Adversary,Verbal_NonVerbal,0.5,1,2,1,1.0,0,-1,1,1,1,1,EN,,,,,,,,,0.0,1.0,0,1,1,464,0.5,0.5,0.5066291641127383,0.5846590774052586,0.6693505557451509,0.681439236642558,0.6311987734206095,0.5801949613185707,0.6103161084228108,0.6831911651309687,0.6941412306231496
202506091341,61,Adversary,Verbal_NonVerbal,0.5,0,2,1,0.0,0,-1,1,1,0,0,EN,,,,,,,,,0.0,1.0,0,1,1,465,0.5,0.5,0.4993554876856259,0.49872501229620736,0.4256241005318123,0.3617361017829168,0.376973212233106,0.46209570646353937,0.5827819792514369,0.5885180050551356,0.551714511806793
202506091341,62,Adversary,Verbal_NonVerbal,0.5,1,2,1,0.0,0,1,-1,1,1,0,EN,,,,,,,,,1.0,0.0,1,0,1,466,0.5,0.5,0.5004044542909599,0.36516484428596613,0.2983897684019299,0.284090324247117,0.3724565435653952,0.42483616892072973,0.35483010337277626,0.3900397439012449,0.4279002429920596
202506091341,63,Adversary,Verbal_NonVerbal,0.5,0,2,1,0.5,0,-1,1,1,1,1,EN,,,,,,,,,0.0,1.0,0,1,1,467,0.5,0.5,0.5040473115661822,0.5083231795303458,0.5646301728047193,0.5954900176286021,0.6652941251496817,0.5273914402780265,0.3622078523739867,0.5010657798210273,0.504736081213859
202506091341,64,Adversary,Verbal_NonVerbal,0.5,1,2,1,0.5,0,1,-1,1,1,0,EN,,,,,,,,,1.0,0.0,1,1,1,468,0.5,0.5,0.5020250013199048,0.41223724604052764,0.35472972523491964,0.37274298140983975,0.4633336119914385,0.30037830335957616,0.33867900534696826,0.3883280775430098,0.4494205976694112
202506091341,65,Adversary,Verbal_NonVerbal,0.5,0,2,1,1.0,0,-1,1,1,0,0,EN,,,,,,,,,0.0,1.0,1,1,1,469,0.5,0.5,0.490197271623043,0.408721573505367,0.3199187514025981,0.3213668505306332,0.2994883885952419,0.28331915151481024,0.25216332424991883,0.23607576235426023,0.20658931260982985
202506091341,66,Adversary,Verbal_NonVerbal,0.5,1,2,1,1.0,0,-1,1,1,1,1,EN,,,,,,,,,0.0,1.0,0,0,1,470,0.5,0.5,0.5049627335299768,0.5137122010176455,0.5298381923707411,0.6214882364880243,0.6754795996857456,0.6979422217887231,0.8108505546376745,0.8024969782309872,0.783762527910712
202506091341,67,Adversary,Verbal_NonVerbal,0.5,0,2,1,0.0,0,-1,1,1,1,1,EN,,,,,,,,,0.0,1.0,1,1,1,471,0.5,0.5,0.500772867243763,0.5373655886119969,0.6164553059120172,0.6072900506317054,0.6557725678006201,0.6536275029085682,0.6138419434042623,0.547404501565635,0.4724533866933876
202506091341,68,Adversary,Verbal_NonVerbal,0.5,1,2,1,0.0,0,1,-1,1,1,0,EN,,,,,,,,,1.0,0.0,1,1,1,472,0.5,0.5,0.5001887899578148,0.4232167316464004,0.37879721708680586,0.3943791993599247,0.24718544065090667,0.18029336484008784,0.4241234053096057,0.4343465543861251,0.43458566099307455
202506091341,69,Adversary,Verbal_NonVerbal,0.5,0,2,1,0.5,0,-1,1,1,0,0,EN,,,,,,,,,0.0,1.0,1,1,1,473,0.5,0.5,0.49663210392360635,0.41065365160138,0.3164997597924082,0.30784087118208764,0.2610856642979514,0.2593204604263284,0.2818574522903267,0.26531907983733216,0.3043872182596571
202506091341,70,Adversary,Verbal_NonVerbal,0.5,1,2,1,0.5,0,1,-1,1,0,1,EN,,,,,,,,,1.0,0.0,1,1,1,474,0.5,0.5,0.4982023723204198,0.5844136228881732,0.6430289880161693,0.7788339444799787,0.714547619347378,0.6049866393050394,0.6332274745526045,0.5413181804080405,0.542821642654938
202506091341,71,Adversary,Verbal_NonVerbal,0.5,0,2,1,1.0,0,0,0,1,1,-1,EN,,,,,,,,,0.0,0.0,1,0,1,475,0.5,0.5,0.5114566410805547,0.5911009399174733,0.6847024775561842,0.7000351503297525,0.6569927117231887,0.5883018860223047,0.6101414286513839,0.4955076800193723,0.4518978612353272
202506091341,72,Adversary,Verbal_NonVerbal,0.5,1,2,1,1.0,0,-1,1,1,0,0,EN,,,,,,,,,0.0,1.0,1,1,1,476,0.5,0.5,0.4950834247527399,0.4865889036264944,0.41081777911098083,0.33023288562052444,0.3056610041453697,0.2809686857197986,0.17045198928430666,0.3372928013496032,0.40606945353575935
202506091341,73,Adversary,Verbal_NonVerbal,0.5,0,2,1,0.0,0,-1,1,1,1,1,EN,,,,,,,,,0.0,1.0,1,1,1,477,0.5,0.5,0.5007671585374874,0.5381847653106782,0.6499531572654588,0.660784696941139,0.7006605942996308,0.6937573873345411,0.6474478600973377,0.5554707555488887,0.4480254179979461
202506091341,74,Adversary,Verbal_NonVerbal,0.5,1,2,1,0.0,0,1,-1,1,1,0,EN,,,,,,,,,1.0,0.0,0,1,1,478,0.5,0.5,0.5003730405588964,0.36366789025969687,0.29903901161956153,0.17966389638133934,0.28101644019823635,0.38604619137356083,0.3950950817495434,0.45548748497637714,0.42886669525016613
202506091341,75,Adversary,Verbal_NonVerbal,0.5,0,2,1,0.5,0,-1,1,1,1,1,EN,,,,,,,,,0.0,1.0,1,0,1,479,0.5,0.5,0.5040939231434253,0.5082923822214366,0.5714594811571267,0.6044680639167821,0.6676292131173568,0.6817093910352157,0.6925730805572012,0.6206070185446713,0.53588451698357
202506091341,76,Adversary,Verbal_NonVerbal,0.5,1,2,1,0.5,0,-1,1,1,0,0,EN,,,,,,,,,0.0,1.0,1,1,1,480,0.5,0.5,0.498298734634506,0.5199376383823053,0.581418060713451,0.6127996828121725,0.5003452910516891,0.5060649971593122,0.5181947265573091,0.5115111681309022,0.4833682067431161
202506091341,77,Adversary,Verbal_NonVerbal,0.5,0,2,1,1.0,0,0,0,1,0,-1,EN,,,,,,,,,0.0,0.0,1,1,1,481,0.5,0.5,0.4899977399949599,0.4811278441310166,0.3923510119462846,0.33947917248174403,0.34825060601465757,0.352046676474119,0.3525410847971668,0.4761681866671798,0.62197871038026
202506091341,78,Adversary,Verbal_NonVerbal,0.5,1,2,1,1.0,0,1,-1,1,0,1,EN,,,,,,,,,1.0,0.0,1,1,1,482,0.5,0.5,0.5000284220119704,0.48089728556516975,0.5120954410852824,0.5146423408971069,0.5161853323534185,0.43384616444408297,0.5268085175487054,0.5335586032598519,0.5323085167309207
202506091341,79,Adversary,Verbal_NonVerbal,0.5,0,2,1,0.0,0,-1,1,1,1,1,EN,,,,,,,,,0.0,1.0,1,1,1,483,0.5,0.5,0.5007623188499805,0.5016023706891479,0.5684049678760649,0.6573184354479881,0.702827788744072,0.704462903628848,0.6941104484487767,0.645983101565074,0.5735651237586649
202506091341,80,Adversary,Verbal_NonVerbal,0.5,1,2,1,0.0,0,1,-1,1,0,1,EN,,,,,,,,,1.0,0.0,1,1,1,484,0.5,0.5,0.4996639237852336,0.6428997871973624,0.8516870465306872,0.9406916426189751,0.977009419115833,0.9920775724220198,0.8095684221588706,0.7237396791417514,0.8146221886979396
202506091341,81,Adversary,Verbal_NonVerbal,0.5,0,2,1,0.5,0,-1,1,1,1,1,EN,,,,,,,,,0.0,1.0,1,1,1,485,0.5,0.5,0.5041209635995892,0.5863814025243601,0.6857991717517116,0.6910667241983015,0.7188554619250916,0.701896404248444,0.65105450366621,0.5775287688313163,0.4960337556075629
202506091341,82,Adversary,Verbal_NonVerbal,0.5,1,2,1,0.5,0,1,-1,1,1,0,EN,,,,,,,,,1.0,0.0,1,0,1,486,0.5,0.5,0.5019686900125013,0.3684424966804656,0.30684291663311913,0.1572855561540834,0.09430746955624404,0.08990070113616429,0.1210904881967092,0.13984045566828782,0.3048501903064256
202506091341,83,Adversary,Verbal_NonVerbal,0.5,0,2,1,1.0,0,-1,1,1,1,1,EN,,,,,,,,,0.0,1.0,1,1,1,487,0.5,0.5,0.5109363176771068,0.5947523358705942,0.6861985887377384,0.6908944943893108,0.7253926973899775,0.5555568848899658,0.4904940837528539,0.41300359726649055,0.44865883537024037
202506091341,84,Adversary,Verbal_NonVerbal,0.5,1,2,1,1.0,0,-1,1,1,0,0,EN,,,,,,,,,0.0,1.0,1,1,1,488,0.5,0.5,0.4949695415458529,0.4080536102844697,0.3657293427848085,0.30384203716156005,0.29901313213866304,0.3318716183043613,0.5114999273975446,0.42944021096387225,0.32707683023391565
202506091341,85,Adversary,Verbal_NonVerbal,0.5,0,2,1,0.0,0,-1,1,1,1,1,EN,,,,,,,,,0.0,1.0,1,1,1,489,0.5,0.5,0.5007574201313871,0.5376284407253634,0.6300950649485316,0.6544016064667705,0.5126927983316651,0.3554875903031346,0.40608682445532623,0.5131359456754575,0.6205296923267116
202506091341,86,Adversary,Verbal_NonVerbal,0.5,1,2,1,0.0,0,1,-1,1,0,1,EN,,,,,,,,,1.0,0.0,1,1,1,490,0.5,0.5,0.4996827009652657,0.6087789988839873,0.6664211717259583,0.8368846040642489,0.7412780538382729,0.6762690998055533,0.55797576281764,0.5523416189865803,0.5302493701536908
202506091341,87,Adversary,Verbal_NonVerbal,0.5,0,2,1,0.5,0,-1,1,1,0,0,EN,,,,,,,,,0.0,1.0,1,1,1,491,0.5,0.5,0.49652663267499875,0.4932846110256404,0.42852942212233974,0.3500023574884882,0.33163901003754215,0.3527468928036914,0.40704771868518225,0.3903305150130011,0.36028896282235073
202506091341,88,Adversary,Verbal_NonVerbal,0.5,1,2,1,0.5,0,1,-1,1,0,1,EN,,,,,,,,,1.0,0.0,1,1,1,492,0.5,0.5,0.49827603103303475,0.6382128239311504,0.8161685293697368,0.8980432867906699,0.7086372165398505,0.7929496440407924,0.7153170804414427,0.804483579185154,0.8891048319848769
202506091341,89,Adversary,Verbal_NonVerbal,0.5,0,2,1,1.0,0,0,0,1,0,-1,EN,,,,,,,,,0.0,0.0,-1,1,1,493,0.5,0.5,0.49046183162503687,0.48170901033354013,0.39572183954347945,0.3428170924137019,0.3567918999811195,0.40363566752926006,0.471257861153993,0.5057066504400474,0.5033783608104079
202506091341,90,Adversary,Verbal_NonVerbal,0.5,1,2,1,1.0,0,-1,1,1,0,0,EN,,,,,,,,,0.0,1.0,1,1,1,494,0.5,0.5,0.5000368530296648,0.41069494095388354,0.305920632188951,0.2716442782523468,0.27370093617965796,0.2873100585009471,0.33269709211071125,0.37677283236317616,0.3803977400914462
202506091341,91,Adversary,Verbal_NonVerbal,0.5,0,2,1,0.0,0,-1,1,1,0,0,EN,,,,,,,,,0.0,1.0,1,1,1,495,0.5,0.5,0.4993496842082932,0.4612925496192352,0.3393449093389973,0.27968502755374547,0.23686398851065546,0.23173980733615282,0.12667782690022342,0.1655979583064116,0.25388000351383233
202506091341,92,Adversary,Verbal_NonVerbal,0.5,1,2,1,0.0,0,-1,1,1,1,1,EN,,,,,,,,,0.0,1.0,1,0,1,496,0.5,0.5,0.5003533425076462,0.4188322221213077,0.35970780373676225,0.4150052717559862,0.406691540179669,0.5118874001126096,0.741133439629549,0.6951386632458866,0.6975483030771146
202506091341,94,Adversary,Verbal_NonVerbal,0.5,1,2,1,0.5,0,1,-1,1,0,1,EN,,,,,,,,,1.0,0.0,1,1,1,497,0.5,0.5,0.498273097145074,0.5199190553953628,0.5434265823584673,0.7056502890805677,0.7697836662107524,0.5828745529762449,0.7217897541166608,0.6653687480247064,0.5824287728124092
202506091341,95,Adversary,Verbal_NonVerbal,0.5,0,2,1,1.0,0,0,0,1,0,-1,EN,,,,,,,,,0.0,0.0,-1,1,1,498,0.5,0.5,0.48999001110374796,0.4812761657965505,0.40962874969196283,0.37202332023190116,0.3150017202810408,0.46221061193192386,0.6643334230514337,0.6128167959886808,0.5673755024814711
202506091341,96,Adversary,Verbal_NonVerbal,0.5,1,2,1,1.0,0,-1,1,1,1,1,EN,,,,,,,,,0.0,1.0,-1,0,1,499,0.5,0.5,0.5030890299509873,0.5625200424185746,0.6312573639046762,0.6198349794771226,0.6217566413374473,0.6212219211092478,0.6802907422982283,0.652902057652168,0.7094655957875858
202506091341,97,Adversary,Verbal_NonVerbal,0.5,0,2,1,0.0,0,-1,1,1,1,1,EN,,,,,,,,,0.0,1.0,1,1,1,500,0.5,0.5,0.5007812419354523,0.5379963913397905,0.653686219673619,0.6624355542784978,0.7044228802052254,0.6998615938139323,0.660908402735117,0.49363324894332505,0.40840990477814426
202506091341,98,Adversary,Verbal_NonVerbal,0.5,1,2,1,0.0,0,1,-1,1,1,0,EN,,,,,,,,,1.0,0.0,1,1,1,501,0.5,0.5,0.50035866828585,0.36574217329394954,0.3017844608932948,0.15191729727783512,0.055304948616361156,0.17242167633598823,0.2534726650617574,0.2112163115664519,0.4069944579976829
202506091341,99,Adversary,Verbal_NonVerbal,0.5,0,2,1,0.5,0,-1,1,1,1,1,EN,,,,,,,,,0.0,1.0,1,1,1,502,0.5,0.5,0.5040341596325614,0.5083514088807087,0.5538298378909443,0.5700599898649142,0.6585971776494733,0.6696078800385679,0.496178700377739,0.4718357618158436,0.4622413640513431
202506091341,100,Adversary,Verbal_NonVerbal,0.5,1,2,1,0.5,0,1,-1,1,0,1,EN,,,,,,,,,1.0,0.0,1,1,1,503,0.5,0.5,0.49868365791407376,0.5207698477041276,0.545776804423656,0.7382891490156629,0.7841356890243253,0.5709574097365384,0.4917703476933378,0.6303099207025099,0.713732328650593
202506091341,101,Adversary,Verbal_NonVerbal,0.5,0,2,1,1.0,0,-1,1,1,1,1,EN,,,,,,,,,0.0,1.0,1,1,1,504,0.5,0.5,0.5116769606473968,0.5948803034317405,0.6893883125517393,0.6944272100508494,0.7164583183941102,0.6882223595639387,0.49223222267618105,0.45232559679074014,0.4482483779827042
202506091341,102,Adversary,Verbal_NonVerbal,0.5,1,2,1,1.0,0,-1,1,1,0,0,EN,,,,,,,,,0.0,1.0,1,1,1,505,0.5,0.5,0.4949331357021238,0.4666860339929285,0.3886399655190606,0.3171856073175015,0.40503077107362484,0.3163872769401423,0.2858294381135326,0.3115391578591362,0.35204340595043887
202506091341,103,Adversary,Verbal_NonVerbal,0.5,0,2,1,0.0,0,-1,1,1,0,0,EN,,,,,,,,,0.0,1.0,1,1,1,506,0.5,0.5,0.49935399793328505,0.49872519307653945,0.4169202099911977,0.3258287259179096,0.2728168474098848,0.26958290430827164,0.2681331190195464,0.2978800423297782,0.24856322424869273
202506091341,104,Adversary,Verbal_NonVerbal,0.5,1,2,1,0.0,0,1,-1,1,0,1,EN,,,,,,,,,1.0,0.0,1,1,1,507,0.5,0.5,0.4998362484283138,0.6436547187435571,0.7165379540438994,0.8149152147726343,0.723271989672486,0.7197885481825849,0.743556679855331,0.6123597006106906,0.7298225956252903
202506091341,105,Adversary,Verbal_NonVerbal,0.5,0,2,1,0.5,0,-1,1,1,1,1,EN,,,,,,,,,0.0,1.0,1,0,1,508,0.5,0.5,0.5040937172854547,0.5082758204506419,0.5469554996593304,0.5614061458965772,0.6288230021739499,0.6135562345490423,0.6727440003768026,0.677851975014197,0.6612761014279034
202506091341,106,Adversary,Verbal_NonVerbal,0.5,1,2,1,0.5,0,1,-1,1,1,0,EN,,,,,,,,,1.0,0.0,0,1,1,509,0.5,0.5,0.5018703337030999,0.4784283787831763,0.4563337381652971,0.3915332629497574,0.30711224458103215,0.41913920383652065,0.3756125941067133,0.3901250471533103,0.5083605234692488
202506091341,107,Adversary,Verbal_NonVerbal,0.5,0,2,1,1.0,0,-1,1,1,1,1,EN,,,,,,,,,0.0,1.0,1,0,1,510,0.5,0.5,0.5114791694455929,0.522726103432949,0.6046848028744288,0.670228001913122,0.66153959231434,0.668154247272859,0.668224550933451,0.6437297421509249,0.6435478881233654
202506091341,108,Adversary,Verbal_NonVerbal,0.5,1,2,1,1.0,0,-1,1,1,0,0,EN,,,,,,,,,0.0,1.0,1,1,1,511,0.5,0.5,0.49863809553933963,0.493450905608196,0.48965961858672985,0.4197835163872418,0.42266913511462517,0.42359936088427586,0.34984854681598476,0.35032879107273934,0.4887263940070973
202506091341,109,Adversary,Verbal_NonVerbal,0.5,0,2,1,0.0,0,-1,1,1,0,0,EN,,,,,,,,,0.0,1.0,1,1,1,512,0.5,0.5,0.49934932046595276,0.4987091200838788,0.4127400436208449,0.3258479272786827,0.3194260135215811,0.26964914510100096,0.2781640593407814,0.26199324691968634,0.2480307768692946
202506092148,1,Adversary,Verbal_NonVerbal,0.5,0,2,1,0.0,0,-1,1,1,0,0,EN,,,,,,,,,0.0,1.0,1,1,1,513,0.5,0.5,0.4993064725153006,0.45806130956387026,0.33406470718444636,0.3249235273167979,0.31143913652346256,0.3053368015308505,0.2639252594582264,0.25289250398722685,0.24085898213809093
202506092148,2,Adversary,Verbal_NonVerbal,0.5,1,2,1,0.0,0,1,-1,1,1,0,EN,,,,,,,,,1.0,0.0,1,1,1,514,0.5,0.5,0.5000063984672013,0.47693369088457627,0.41793306865379093,0.3775493933783051,0.42057473178583843,0.5449399945943161,0.5762546223969309,0.41922274627848827,0.32089388491406445
202506092148,3,Adversary,Verbal_NonVerbal,0.5,0,2,1,0.5,0,-1,1,1,0,0,EN,,,,,,,,,0.0,1.0,-1,1,1,515,0.5,0.5,0.4966649081650191,0.4134525973072247,0.30924068479437994,0.2623442721707345,0.2615981176555331,0.29908746848551965,0.3687264128750261,0.4567989831657028,0.5455461605355363
202506092148,4,Adversary,Verbal_NonVerbal,0.5,1,2,1,0.5,0,-1,1,1,1,1,EN,,,,,,,,,0.0,1.0,0,1,1,516,0.5,0.5,0.500522872941966,0.4800962025898086,0.4613987699875127,0.44034209166277805,0.41266892124773924,0.5169251951028213,0.6271047578235521,0.6941730150028261,0.725799450049242
202506092148,6,Adversary,Verbal_NonVerbal,0.5,1,2,1,1.0,0,-1,1,1,0,0,EN,,,,,,,,,0.0,1.0,1,1,1,517,0.5,0.5,0.4950858517502792,0.4868356018893794,0.47109263957771347,0.4092866902695246,0.5129300077559638,0.47186157696006487,0.5275713900240802,0.46545308142478875,0.4144130895479669
202506092148,7,Adversary,Verbal_NonVerbal,0.5,0,2,1,0.0,0,-1,1,1,0,0,EN,,,,,,,,,0.0,1.0,1,1,1,518,0.5,0.5,0.49935212707503585,0.46112316830640093,0.3611680117229059,0.3376565817737562,0.359539275597629,0.5106811977454485,0.5835545273158198,0.5531322783768461,0.4183414956638898
202506092148,8,Adversary,Verbal_NonVerbal,0.5,1,2,1,0.0,0,-1,1,1,1,1,EN,,,,,,,,,0.0,1.0,-1,1,1,519,0.5,0.5,0.5002904880058063,0.4522637586119581,0.37885863325463404,0.35742305847799644,0.4055659981586111,0.5133343410448782,0.5538236564715939,0.5745565799906033,0.49931064092021943
202506092148,9,Adversary,Verbal_NonVerbal,0.5,0,2,1,0.5,0,-1,1,1,0,0,EN,,,,,,,,,0.0,1.0,1,1,1,520,0.5,0.5,0.49655070293843695,0.41453163030996604,0.31303260302283176,0.29883201209859084,0.28945236050756235,0.27407612370254403,0.2364494292884145,0.22774530860635372,0.2365661095892731
202506092148,10,Adversary,Verbal_NonVerbal,0.5,1,2,1,0.5,0,1,-1,1,0,1,EN,,,,,,,,,1.0,0.0,0,1,1,521,0.5,0.5,0.4983269168201538,0.5198664379718763,0.5444376729521763,0.7280986402811418,0.8107750275312943,0.7105311269129028,0.6176429578790228,0.5583678299797877,0.7409533218996379
202506092148,11,Adversary,Verbal_NonVerbal,0.5,0,2,1,1.0,0,-1,1,1,0,0,EN,,,,,,,,,0.0,1.0,1,1,1,522,0.5,0.5,0.49013141860011783,0.4813296093084453,0.38861561735007727,0.35803267171983877,0.29724521697738615,0.27588656379625337,0.2623910876892071,0.2727941198558351,0.3197430474292311
202506092148,12,Adversary,Verbal_NonVerbal,0.5,1,2,1,1.0,0,-1,1,1,0,0,EN,,,,,,,,,0.0,1.0,1,1,1,523,0.5,0.5,0.4947152109942731,0.48595986399152674,0.41090339838453743,0.32417823710428606,0.32066979894228076,0.29234296583046304,0.36902593790548927,0.34437903902189304,0.35317113238704806
202506092148,13,Adversary,Verbal_NonVerbal,0.5,0,2,1,0.0,0,-1,1,1,1,1,EN,,,,,,,,,0.0,1.0,1,0,1,524,0.5,0.5,0.5007664183057019,0.5382760769171034,0.6512518758666804,0.668556874272064,0.6634790004581301,0.70528320079109,0.6946182269205036,0.6452828707141035,0.5702673304161965
202506092148,14,Adversary,Verbal_NonVerbal,0.5,1,2,1,0.0,0,1,-1,1,0,1,EN,,,,,,,,,1.0,0.0,0,1,1,525,0.5,0.5,0.4996498000412589,0.5469372627940492,0.627227289027931,0.6720199861848115,0.7637394894529036,0.6410449734536563,0.6182630150764534,0.6115699982919164,0.5907254136136117
202506092148,15,Adversary,Verbal_NonVerbal,0.5,0,2,1,0.5,0,-1,1,1,1,1,EN,,,,,,,,,0.0,1.0,0,0,1,526,0.5,0.5,0.5040805190561688,0.5885070513707839,0.6823590570466305,0.7108016473891411,0.5424043215228707,0.3700018512248099,0.6048507781596519,0.6012032981940078,0.5890597357721472
202506092148,16,Adversary,Verbal_NonVerbal,0.5,1,2,1,0.5,0,-1,1,1,0,0,EN,,,,,,,,,0.0,1.0,1,1,1,527,0.5,0.5,0.5000296010399222,0.5112687255178123,0.6588633655835019,0.592776115469653,0.7439582643809443,0.7038675800635552,0.5274583473249946,0.5162664695105604,0.4345117543692936
202506092148,17,Adversary,Verbal_NonVerbal,0.5,0,2,1,1.0,0,1,-1,1,1,0,EN,,,,,,,,,1.0,0.0,1,1,1,528,0.5,0.5,0.5112852371991518,0.5224643703034894,0.5768884671567927,0.6331534615507187,0.511158099818299,0.3550549976744496,0.4986998923375663,0.4972496538279596,0.49706010554830604
202506092148,18,Adversary,Verbal_NonVerbal,0.5,1,2,1,1.0,0,-1,1,1,1,1,EN,,,,,,,,,0.0,1.0,1,0,1,529,0.5,0.5,0.5053074555538289,0.5884526200830634,0.6256997704096088,0.70759426265252,0.7597839076399041,0.7716418006660859,0.7736851052111091,0.7838162903663768,0.7886000254513256
202506092148,19,Adversary,Verbal_NonVerbal,0.5,0,2,1,0.0,0,-1,1,1,1,1,EN,,,,,,,,,0.0,1.0,1,1,1,530,0.5,0.5,0.5007704066445434,0.5378409502433529,0.6473668451014274,0.6904653980823258,0.5351027344538266,0.366623522044322,0.5470976658641414,0.5711399606021726,0.6096060231909428
202506092148,20,Adversary,Verbal_NonVerbal,0.5,1,2,1,0.0,0,1,-1,1,1,0,EN,,,,,,,,,1.0,0.0,1,1,1,531,0.5,0.5,0.5003718611807298,0.44915973519644503,0.4164774908552193,0.2870808277490244,0.2966437279929727,0.29435173980797,0.2589409354237973,0.28742031104306515,0.42247982139318746
202506092148,21,Adversary,Verbal_NonVerbal,0.5,0,2,1,0.5,0,-1,1,1,0,0,EN,,,,,,,,,0.0,1.0,1,1,1,532,0.5,0.5,0.4965207338928738,0.4932236815138956,0.4270382685797394,0.3623409713650112,0.3493215081886497,0.351779515795885,0.5204616057892841,0.4452370986271948,0.3678731164102965
202506092148,22,Adversary,Verbal_NonVerbal,0.5,1,2,1,0.5,0,1,-1,1,1,0,EN,,,,,,,,,1.0,0.0,1,1,1,533,0.5,0.5,0.5018075098082947,0.47801690741902925,0.45662281281163186,0.48024962865595366,0.4984402121782531,0.540750401405208,0.43784935378926754,0.4571725497382593,0.47502506868451166
202506092148,23,Adversary,Verbal_NonVerbal,0.5,0,2,1,1.0,0,-1,1,1,0,0,EN,,,,,,,,,0.0,1.0,1,1,1,534,0.5,0.5,0.4901156233301721,0.40769529142480515,0.3270317907282193,0.3175940007075718,0.26019554560835084,0.25792132287652497,0.27141127786116337,0.27359950162354146,0.25048671089993196
202506092148,24,Adversary,Verbal_NonVerbal,0.5,1,2,1,1.0,0,0,0,1,0,-1,EN,,,,,,,,,0.0,0.0,1,1,1,535,0.5,0.5,0.4974561858859874,0.4091566783378943,0.34498688937818583,0.3020629992293611,0.29621411101549944,0.32599916200739315,0.5088030441823406,0.5119733347615544,0.513370852531386
202506092148,25,Adversary,Verbal_NonVerbal,0.5,0,2,1,0.0,0,-1,1,1,1,1,EN,,,,,,,,,0.0,1.0,0,1,1,536,0.5,0.5,0.5007611545915873,0.5015920111814848,0.5743557046988357,0.6116225632906965,0.6327701835898393,0.6610940563199121,0.736315953271149,0.7329859749204598,0.680798765954565
202506092148,26,Adversary,Verbal_NonVerbal,0.5,1,2,1,0.0,0,1,-1,1,0,1,EN,,,,,,,,,1.0,0.0,1,1,1,537,0.5,0.5,0.49965878762440347,0.6432845751293883,0.8301504456115698,0.8893834579223605,0.6494961289219439,0.8536164597208645,0.8786067867505775,0.925116384557245,0.7232576135246775
202506092148,27,Adversary,Verbal_NonVerbal,0.5,0,2,1,0.5,0,0,0,1,0,-1,EN,,,,,,,,,0.0,0.0,1,1,1,538,0.5,0.5,0.4964765044966968,0.4131220888138908,0.3238865368666551,0.27288136728754236,0.24872454797517698,0.4299710054177743,0.626503989340653,0.6221486921336532,0.5717736318522683
202506092148,28,Adversary,Verbal_NonVerbal,0.5,1,2,1,0.5,0,1,-1,1,0,1,EN,,,,,,,,,1.0,0.0,1,1,1,539,0.5,0.5,0.49958750709419636,0.5214663602072398,0.5806339194895903,0.6093476800554207,0.5832019399237314,0.5388243230060253,0.4741166318785259,0.5293835874267253,0.7620019324194415
202506092148,29,Adversary,Verbal_NonVerbal,0.5,0,2,1,1.0,0,-1,1,1,0,0,EN,,,,,,,,,0.0,1.0,1,1,1,540,0.5,0.5,0.48989363706884886,0.48099967123839765,0.38699936604342866,0.32115818436365534,0.3253230337945338,0.3754620594999325,0.3896643218259281,0.5142105755735601,0.5595759989060008
202506092148,30,Adversary,Verbal_NonVerbal,0.5,1,2,1,1.0,0,-1,1,1,0,0,EN,,,,,,,,,0.0,1.0,1,1,1,541,0.5,0.5,0.49521037425885467,0.4088771195555176,0.34045885319314934,0.3782681390026685,0.3714985923073223,0.3124577166344527,0.14709047575090717,0.1640717462727669,0.15456600220520056
202506092148,31,Adversary,Verbal_NonVerbal,0.5,0,2,1,0.0,0,-1,1,1,0,0,EN,,,,,,,,,0.0,1.0,1,1,1,542,0.5,0.5,0.4993294418155706,0.460433440574505,0.3455279306357924,0.3290925229185068,0.2788437896549256,0.4362102713395322,0.6203122386432751,0.5709584903008981,0.4532477630988416
202506092148,32,Adversary,Verbal_NonVerbal,0.5,1,2,1,0.0,0,1,-1,1,1,0,EN,,,,,,,,,1.0,0.0,1,1,1,543,0.5,0.5,0.5003843909541064,0.36793456733797736,0.29528143014665836,0.20762936899856957,0.30497459144798833,0.36171409276816724,0.41702157526199396,0.43623146920097156,0.46451456985409334
202506092148,33,Adversary,Verbal_NonVerbal,0.5,0,2,1,0.5,0,-1,1,1,1,1,EN,,,,,,,,,0.0,1.0,1,0,1,544,0.5,0.5,0.504073155185395,0.5082804140492009,0.5640769710607878,0.595984645052701,0.6531161098698565,0.6315239842709898,0.6530521667954532,0.6589792468806888,0.7085177297304804
202506092148,34,Adversary,Verbal_NonVerbal,0.5,1,2,1,0.5,0,-1,1,1,0,0,EN,,,,,,,,,0.0,1.0,1,1,1,545,0.5,0.5,0.49829919665304917,0.5208433099243256,0.541469700417856,0.5431004815734062,0.520606174874393,0.4483753702759622,0.33619213342035864,0.3008006025693529,0.3006920701613293
202506092148,35,Adversary,Verbal_NonVerbal,0.5,0,2,1,1.0,0,-1,1,1,1,1,EN,,,,,,,,,0.0,1.0,1,1,1,546,0.5,0.5,0.5112216699117241,0.5223720339498946,0.5887435241653837,0.6431376590019209,0.6489680846581142,0.6156350212308885,0.5567612626357443,0.4862386973438247,0.4952840901211375
202506092148,36,Adversary,Verbal_NonVerbal,0.5,1,2,1,1.0,0,-1,1,1,1,1,EN,,,,,,,,,0.0,1.0,1,0,1,547,0.5,0.5,0.5059061578193901,0.5161925474676791,0.5328813793273361,0.6238921606004594,0.6566147214769269,0.7774349450750271,0.6282390311967183,0.6831260994527903,0.6270000152761458
202506092148,37,Adversary,Verbal_NonVerbal,0.5,0,2,1,0.0,0,-1,1,1,0,0,EN,,,,,,,,,0.0,1.0,1,1,1,548,0.5,0.5,0.4993553899263028,0.46136386472683577,0.3538916688521765,0.3142519590546328,0.3166018891045702,0.3550087162742941,0.5122859850308255,0.5797238538523716,0.5466123051636665
202506092148,38,Adversary,Verbal_NonVerbal,0.5,1,2,1,0.0,0,1,-1,1,0,1,EN,,,,,,,,,1.0,0.0,1,1,1,549,0.5,0.5,0.4996682496242397,0.5768210194645171,0.6295196920210723,0.7819780564290932,0.89274740225826,0.9461246047823474,0.973978130591853,0.9862793714950516,0.9928084206553264
202506092148,39,Adversary,Verbal_NonVerbal,0.5,0,2,1,0.5,0,-1,1,1,1,1,EN,,,,,,,,,0.0,1.0,1,0,1,550,0.5,0.5,0.5039724960854077,0.5082883973612374,0.5535945913552972,0.6170137706840456,0.6314926569442336,0.6443153091983496,0.6444218907036923,0.6082608958032625,0.5480735490333062
202506092148,40,Adversary,Verbal_NonVerbal,0.5,1,2,1,0.5,0,-1,1,1,0,0,EN,,,,,,,,,0.0,1.0,1,1,1,551,0.5,0.5,0.5000415584208314,0.5220548967670965,0.6271087397336119,0.5816383815325815,0.5185367856777157,0.5324497377441207,0.29856630952508517,0.2672460796759401,0.23704069430518546
202506092148,41,Adversary,Verbal_NonVerbal,0.5,0,2,1,1.0,0,-1,1,1,1,1,EN,,,,,,,,,0.0,1.0,0,0,1,552,0.5,0.5,0.5114768534170632,0.5957783461385424,0.6963131392875697,0.7266237982845624,0.7495071599668485,0.5652460478197242,0.4936095923440099,0.4100158868765514,0.4453170066075777
202506092148,42,Adversary,Verbal_NonVerbal,0.5,1,2,1,1.0,0,-1,1,1,1,1,EN,,,,,,,,,0.0,1.0,1,1,1,553,0.5,0.5,0.5055804193981186,0.511165070582457,0.5170230900275341,0.4781498573704995,0.47151400747547234,0.4926548676088737,0.46257448641367294,0.5417670704033014,0.44631667761863003
202506092148,43,Adversary,Verbal_NonVerbal,0.5,0,2,1,0.0,0,-1,1,1,1,1,EN,,,,,,,,,0.0,1.0,1,0,1,554,0.5,0.5,0.500765410563212,0.5015991140745945,0.5806129556905703,0.6303306696292541,0.6295068709420224,0.6486193850874185,0.703438588887244,0.5451197722550536,0.3697626398333481
202506092148,44,Adversary,Verbal_NonVerbal,0.5,1,2,1,0.0,0,1,-1,1,0,1,EN,,,,,,,,,1.0,0.0,1,1,1,555,0.5,0.5,0.4996775925665453,0.5211576691120272,0.5377871569230616,0.5944032981282943,0.5810061224704612,0.4863829574832865,0.5216074467227878,0.49503530284893993,0.5768318431712022
202506092148,45,Adversary,Verbal_NonVerbal,0.5,0,2,1,0.5,0,-1,1,1,1,1,EN,,,,,,,,,0.0,1.0,0,1,1,556,0.5,0.5,0.5040224085800981,0.5864616216966185,0.6818783486074919,0.6927699423323675,0.7167010988230923,0.5473756079568384,0.36988856638795,0.5834571215968289,0.6247494230048376
202506092148,46,Adversary,Verbal_NonVerbal,0.5,1,2,1,0.5,0,1,-1,1,0,1,EN,,,,,,,,,1.0,0.0,1,1,1,557,0.5,0.5,0.4983332792951542,0.639767184519746,0.8467688146206573,0.7777565594915845,0.8119192990841559,0.7584272821383548,0.5485771044622026,0.41667945025153585,0.31136634390111645
202506092148,47,Adversary,Verbal_NonVerbal,0.5,0,2,1,1.0,0,-1,1,1,1,1,EN,,,,,,,,,0.0,1.0,1,1,1,558,0.5,0.5,0.5113867377927238,0.5225209797932869,0.6063053097322298,0.6403353721249646,0.6848429312591117,0.6797087990359947,0.6811236709626929,0.5992124059106148,0.5496230517682161
202506092148,48,Adversary,Verbal_NonVerbal,0.5,1,2,1,1.0,0,-1,1,1,1,1,EN,,,,,,,,,0.0,1.0,0,1,1,559,0.5,0.5,0.5037585735347342,0.5127194422749661,0.6054559515991096,0.649089725287403,0.656469487201406,0.6514348461046202,0.5581518640912874,0.4940293989830203,0.5322209969681002
202506092148,49,Adversary,Verbal_NonVerbal,0.5,0,2,1,0.0,0,-1,1,1,1,1,EN,,,,,,,,,0.0,1.0,1,1,1,560,0.5,0.5,0.5007740186915995,0.5015784147858017,0.5793874726430632,0.6574566842815294,0.521448785184543,0.35959094656318347,0.5034149571355164,0.5042187357970024,0.5820741843773967
202506092148,50,Adversary,Verbal_NonVerbal,0.5,1,2,1,0.0,0,-1,1,1,0,0,EN,,,,,,,,,0.0,1.0,1,1,1,561,0.5,0.5,0.49969319238992294,0.5284413767190276,0.6014534084204595,0.6480024321344141,0.6015910402946327,0.5469810813192467,0.47809710079067463,0.4396538982140317,0.40319343713426875
202506092148,51,Adversary,Verbal_NonVerbal,0.5,0,2,1,0.5,0,-1,1,1,0,0,EN,,,,,,,,,0.0,1.0,1,1,1,562,0.5,0.5,0.4965784072753714,0.4127304864800099,0.31128384006346255,0.2694147848538849,0.43971180470703475,0.6227561453404659,0.5749881960075043,0.5430418716394197,0.42156839442541194
202506092148,52,Adversary,Verbal_NonVerbal,0.5,1,2,1,0.5,0,1,-1,1,0,1,EN,,,,,,,,,1.0,0.0,1,1,1,563,0.5,0.5,0.49862180654957605,0.6426496070773313,0.8116305247193375,0.8863860141923388,0.8378508823249503,0.6147326625177604,0.565389833966962,0.6659502808255021,0.5396967704594813
202506092148,53,Adversary,Verbal_NonVerbal,0.5,0,2,1,1.0,0,-1,1,1,0,0,EN,,,,,,,,,0.0,1.0,1,1,1,564,0.5,0.5,0.49016138015847166,0.40669730626587886,0.3064959133744349,0.2929806194356,0.24646267944116587,0.2140006343659174,0.21673555596897306,0.256469403257071,0.2896723593955631
202506092148,54,Adversary,Verbal_NonVerbal,0.5,1,2,1,1.0,0,-1,1,1,1,1,EN,,,,,,,,,0.0,1.0,0,1,1,565,0.5,0.5,0.5062018141977512,0.5882032227014308,0.689565842830554,0.7187803304218243,0.7384708232640048,0.7509340500761913,0.753229329185851,0.7736575861230248,0.7917788951775394
202506092148,55,Adversary,Verbal_NonVerbal,0.5,0,2,1,0.0,0,0,0,1,1,-1,EN,,,,,,,,,0.0,0.0,1,0,1,566,0.5,0.5,0.5007546373107191,0.5015779353296572,0.5530145079419698,0.602955875932438,0.5999507159702478,0.5595554201181554,0.58559601041564,0.489751502948304,0.45020120229347577
202506092148,56,Adversary,Verbal_NonVerbal,0.5,1,2,1,0.0,0,1,-1,1,1,0,EN,,,,,,,,,1.0,0.0,1,1,1,567,0.5,0.5,0.5003576934520119,0.3661468374709296,0.28259012088433616,0.32827010469228657,0.3969970732983894,0.2215791451429231,0.2703687499470702,0.41871524150437006,0.4397869188325792
202506092148,57,Adversary,Verbal_NonVerbal,0.5,0,2,1,0.5,0,-1,1,1,0,0,EN,,,,,,,,,0.0,1.0,1,1,1,568,0.5,0.5,0.49639679885900406,0.4929938965986373,0.4617113329711028,0.4454504611649641,0.3980514439226133,0.3043571160883022,0.4488956263409379,0.6240952816577913,0.48822217262776685
202506092148,58,Adversary,Verbal_NonVerbal,0.5,1,2,1,0.5,0,-1,1,1,1,1,EN,,,,,,,,,0.0,1.0,1,1,1,569,0.5,0.5,0.5018564640132716,0.47803656623358337,0.4555927223471293,0.36475105078909414,0.3779864555970677,0.40547870239205336,0.5811556699011329,0.74402763278657,0.5641601303607305
202506092148,59,Adversary,Verbal_NonVerbal,0.5,0,2,1,1.0,0,-1,1,1,1,1,EN,,,,,,,,,0.0,1.0,1,0,1,570,0.5,0.5,0.5115109513513906,0.5949876597766474,0.667232990599091,0.6881906138917105,0.5324379875536897,0.3645224060411312,0.5109928514250162,0.3845123410907474,0.5286797934082352
202506092148,60,Adversary,Verbal_NonVerbal,0.5,1,2,1,1.0,0,-1,1,1,1,1,EN,,,,,,,,,0.0,1.0,1,0,1,571,0.5,0.5,0.5052348876103722,0.5194086225453217,0.612826869067792,0.6590209411763313,0.6600406223161557,0.5407581514194694,0.4358976937925608,0.5413026584082873,0.6154399087293749
202506092148,61,Adversary,Verbal_NonVerbal,0.5,0,2,1,0.0,0,-1,1,1,1,1,EN,,,,,,,,,0.0,1.0,0,1,1,572,0.5,0.5,0.5007718375916994,0.501610445477119,0.5738907483563706,0.6475677230979462,0.6647734192468502,0.6408873342140028,0.6639019859410397,0.699560401684351,0.6949176928258696
202506092148,62,Adversary,Verbal_NonVerbal,0.5,1,2,1,0.0,0,1,-1,1,1,0,EN,,,,,,,,,1.0,0.0,1,1,1,573,0.5,0.5,0.5003871566081988,0.3660811185794777,0.2842941225420829,0.18449530023407876,0.34664458798588893,0.4288268880859646,0.38804464837135283,0.20146079794286714,0.3048236579690919
202506092148,63,Adversary,Verbal_NonVerbal,0.5,0,2,1,0.5,0,-1,1,1,0,0,EN,,,,,,,,,0.0,1.0,1,1,1,574,0.5,0.5,0.4965055379875124,0.4931710327167428,0.45450315182279316,0.42110991609245496,0.43117171629651607,0.47219778078248636,0.5320607407271728,0.5407410445129208,0.5449640914892017
202506092148,64,Adversary,Verbal_NonVerbal,0.5,1,2,1,0.5,0,1,-1,1,0,1,EN,,,,,,,,,1.0,0.0,1,1,1,575,0.5,0.5,0.49823619814876496,0.6419487963166426,0.8368760914001198,0.7254317602273977,0.84188829742826,0.6886064469313443,0.81418121662561,0.839658337185988,0.786390913087941
202506092148,65,Adversary,Verbal_NonVerbal,0.5,0,2,1,1.0,0,-1,1,1,1,1,EN,,,,,,,,,0.0,1.0,0,1,1,576,0.5,0.5,0.511311550955824,0.5223130433463713,0.5698171541992509,0.6247149263468003,0.6552231682253008,0.7039217713893803,0.7081411714286733,0.5455410046789667,0.3701527307610823
202506092148,66,Adversary,Verbal_NonVerbal,0.5,1,2,1,1.0,0,-1,1,1,0,0,EN,,,,,,,,,0.0,1.0,1,1,1,577,0.5,0.5,0.4947987116662133,0.40769724878429947,0.3403271085638457,0.32867298076046114,0.3993500230037051,0.30520992505358674,0.4295760314932374,0.3256283659963973,0.26325695432814605
202506092148,67,Adversary,Verbal_NonVerbal,0.5,0,2,1,0.0,0,1,-1,1,0,1,EN,,,,,,,,,1.0,0.0,1,1,1,578,0.5,0.5,0.4993560318431709,0.4987244657710381,0.43839965956893207,0.3660880940708198,0.48851113684450764,0.5790029771023435,0.5786971542044548,0.5787375746015322,0.4791040276928126
202506092148,68,Adversary,Verbal_NonVerbal,0.5,1,2,1,0.0,0,1,-1,1,0,1,EN,,,,,,,,,1.0,0.0,1,1,1,579,0.5,0.5,0.49982078499720123,0.6413823550815451,0.7185497487857685,0.8093765115462385,0.7165348395497386,0.603964748931268,0.5862009876668566,0.5693192903804515,0.5805039279768422
202506092148,69,Adversary,Verbal_NonVerbal,0.5,0,2,1,0.5,0,-1,1,1,0,0,EN,,,,,,,,,0.0,1.0,-1,1,1,580,0.5,0.5,0.4964704255306042,0.49310798881062823,0.4132256066051009,0.33732378732473545,0.3272872460219743,0.35743493419235467,0.535947178752509,0.4763613750750187,0.44911251755745507
202506092148,70,Adversary,Verbal_NonVerbal,0.5,1,2,1,0.5,0,-1,1,1,0,0,EN,,,,,,,,,0.0,1.0,1,1,1,581,0.5,0.5,0.49960666075797755,0.5119809295253206,0.5666273006840168,0.6113605359859714,0.5696609893058052,0.5273940915295552,0.4121428507837047,0.3917265198964955,0.3426516312877755
202506092148,72,Adversary,Verbal_NonVerbal,0.5,1,2,1,1.0,0,-1,1,1,0,0,EN,,,,,,,,,0.0,1.0,1,1,1,582,0.5,0.5,0.49517386925777784,0.4869327253459199,0.47239023751835996,0.4103416480517727,0.386585718994555,0.3886670944737519,0.3884478265745526,0.3860015796213283,0.4029722938068213
202506092148,73,Adversary,Verbal_NonVerbal,0.5,0,2,1,0.0,0,-1,1,1,1,1,EN,,,,,,,,,0.0,1.0,1,0,1,583,0.5,0.5,0.5007523742093173,0.5387822124349365,0.6580906438869466,0.6749300934403144,0.6724900460060453,0.6845610705658974,0.7104461906051512,0.6961367807703868,0.6425581253809595
202506100700,2,Adversary,Verbal_NonVerbal,0.5,1,2,1,0.0,0,1,-1,1,0,1,EN,,,,,,,,,1.0,0.0,1,1,1,584,0.5,0.5,0.4996666197341511,0.5768377102823213,0.6241175597925389,0.7674856686676351,0.6910551067746503,0.698691023536707,0.7288060908917348,0.6783896649661108,0.6428354219429298
202506100700,3,Adversary,Verbal_NonVerbal,0.5,0,2,1,0.5,0,-1,1,1,1,1,EN,,,,,,,,,0.0,1.0,1,0,1,585,0.5,0.5,0.5040466170124114,0.5863635610260125,0.6852484890698894,0.7039161981683995,0.7126745965736125,0.7300318588935951,0.7154173652266471,0.6647248867540966,0.5895132779090747
202506100700,4,Adversary,Verbal_NonVerbal,0.5,1,2,1,0.5,0,-1,1,1,1,1,EN,,,,,,,,,0.0,1.0,0,1,1,586,0.5,0.5,0.5020599921907524,0.4197096201068762,0.3633444045031973,0.30857676606315276,0.31571222890693545,0.4807758849457148,0.6993288153699161,0.7457604846117628,0.7754248135545104
202506100700,5,Adversary,Verbal_NonVerbal,0.5,0,2,1,1.0,0,-1,1,1,0,0,EN,,,,,,,,,0.0,1.0,1,1,1,587,0.5,0.5,0.49018860469933634,0.4055757539725653,0.33335992339608234,0.312828453953434,0.322125467047164,0.375864825911426,0.5595475745414938,0.5730605944340207,0.5752234325873739
202506100700,6,Adversary,Verbal_NonVerbal,0.5,1,2,1,1.0,0,-1,1,1,1,1,EN,,,,,,,,,0.0,1.0,1,1,1,588,0.5,0.5,0.5000351205106636,0.5048748437908784,0.5058925885147133,0.5861260605741659,0.6809500551566852,0.7227641756652222,0.7163781860462354,0.7113367345788718,0.7661239528641243
202506100700,7,Adversary,Verbal_NonVerbal,0.5,0,2,1,0.0,0,-1,1,1,0,0,EN,,,,,,,,,0.0,1.0,1,1,1,589,0.5,0.5,0.49933032833111896,0.4986944737808315,0.414881562452791,0.3498245497881493,0.35719105720452704,0.40389425855896677,0.47325115003668505,0.5515406698292261,0.48978182829830225
202506100700,8,Adversary,Verbal_NonVerbal,0.5,1,2,1,0.0,0,1,-1,1,1,0,EN,,,,,,,,,1.0,0.0,1,1,1,590,0.5,0.5,0.5003897404976608,0.368465630275059,0.30425776116622,0.39738017483250027,0.22343566439817117,0.3053771848161538,0.4077805485966823,0.4018755446123096,0.2797629307507832
202506100700,9,Adversary,Verbal_NonVerbal,0.5,0,2,1,0.5,0,-1,1,1,0,0,EN,,,,,,,,,0.0,1.0,1,1,1,591,0.5,0.5,0.4964504907771843,0.4120419096590335,0.3177988141289768,0.28202950843507607,0.3075799424928066,0.36157382408816435,0.346034260744941,0.3028068081024099,0.29981278246358123
202506100700,10,Adversary,Verbal_NonVerbal,0.5,1,2,1,0.5,0,1,-1,1,1,0,EN,,,,,,,,,1.0,0.0,1,1,1,592,0.5,0.5,0.5020895960834361,0.4787975343903393,0.45529904394291637,0.28262671733524714,0.297908242819906,0.3980681488782774,0.2850501333539523,0.45668858678464175,0.46910897736567
202506100700,11,Adversary,Verbal_NonVerbal,0.5,0,2,1,1.0,0,-1,1,1,1,1,EN,,,,,,,,,0.0,1.0,1,0,1,593,0.5,0.5,0.5114613085552878,0.5226114629838675,0.6067388937167079,0.683586868606758,0.6922493892393067,0.7285547058159377,0.6443883203416095,0.6543187163758346,0.6240216621734163
202506100700,12,Adversary,Verbal_NonVerbal,0.5,1,2,1,1.0,0,-1,1,1,1,1,EN,,,,,,,,,0.0,1.0,-1,1,1,594,0.5,0.5,0.5058522236503936,0.5922448573731931,0.6899243562046343,0.7381064966173209,0.7407978261644296,0.7118051367441246,0.6995556846276566,0.6988554794062906,0.7266361856842763
202506100700,13,Adversary,Verbal_NonVerbal,0.5,0,2,1,0.0,0,1,-1,1,0,1,EN,,,,,,,,,1.0,0.0,-1,1,1,595,0.5,0.5,0.49935308516505483,0.4987350890520101,0.43071326965782647,0.37008157050433604,0.3760118835688115,0.4161593887417864,0.4473175864976788,0.5108348991830743,0.5412407748490228
202506100700,14,Adversary,Verbal_NonVerbal,0.5,1,2,1,0.0,0,-1,1,1,1,1,EN,,,,,,,,,0.0,1.0,1,0,1,596,0.5,0.5,0.5003595500414487,0.4757362038928678,0.41836476266033235,0.38454136175878023,0.4305705984726639,0.5167601329139335,0.6357108695375335,0.6539628174898126,0.6927689115705032
202506100700,15,Adversary,Verbal_NonVerbal,0.5,0,2,1,0.5,0,-1,1,1,0,0,EN,,,,,,,,,0.0,1.0,1,1,1,597,0.5,0.5,0.4965266556038682,0.4122009972806009,0.31551940477523305,0.285408400182984,0.3363627395699509,0.37907640001111226,0.39177066119255494,0.3671523854497878,0.4385622674429001
202506100700,16,Adversary,Verbal_NonVerbal,0.5,1,2,1,0.5,0,1,-1,1,1,0,EN,,,,,,,,,1.0,0.0,1,0,1,598,0.5,0.5,0.5021158665724421,0.47787296288098596,0.4555517716823499,0.3653669746561703,0.2523347621866008,0.38562632785738266,0.3631910482160869,0.4526064715673796,0.46128391076869885
202506100700,17,Adversary,Verbal_NonVerbal,0.5,0,2,1,1.0,0,-1,1,1,1,1,EN,,,,,,,,,0.0,1.0,-1,1,1,599,0.5,0.5,0.511236641987163,0.5222360371203913,0.5955270789513842,0.6687090075926109,0.678892272268606,0.708397893690609,0.5486583516676847,0.3717324416367434,0.4219133623488975
202506100700,18,Adversary,Verbal_NonVerbal,0.5,1,2,1,1.0,0,-1,1,1,1,1,EN,,,,,,,,,0.0,1.0,-1,0,1,600,0.5,0.5,0.5062135453891109,0.5383017955951449,0.6226465223909644,0.6516622241492107,0.5904695038038735,0.5413621603469201,0.5790979713204452,0.6054637082280383,0.6200573081037652
202506100700,19,Adversary,Verbal_NonVerbal,0.5,0,2,1,0.0,0,-1,1,1,1,1,EN,,,,,,,,,0.0,1.0,1,1,1,601,0.5,0.5,0.500767550992862,0.5016069745559554,0.5754591282027087,0.6108537878715491,0.6422787848098668,0.6517529033265307,0.4826197169473158,0.5948191758779489,0.6078288048771208
202506100700,20,Adversary,Verbal_NonVerbal,0.5,1,2,1,0.0,0,1,-1,1,1,0,EN,,,,,,,,,1.0,0.0,1,1,1,602,0.5,0.5,0.5003954669092867,0.3664216080394099,0.30595790825183977,0.1909137797546114,0.1415242045073487,0.13637472687160135,0.18048134063953372,0.20501438702044064,0.22691631281339505
202506100700,21,Adversary,Verbal_NonVerbal,0.5,0,2,1,0.5,0,-1,1,1,0,0,EN,,,,,,,,,0.0,1.0,1,1,1,603,0.5,0.5,0.49654179536753135,0.4933185001766134,0.4111625402512317,0.34287080900342864,0.331516031492857,0.35314398010705145,0.3115695013261553,0.32578416053430936,0.3763166209315179
202506100700,22,Adversary,Verbal_NonVerbal,0.5,1,2,1,0.5,0,1,-1,1,1,0,EN,,,,,,,,,1.0,0.0,1,1,1,604,0.5,0.5,0.5019125705488404,0.36775804969936704,0.2858880249353898,0.34793271385691127,0.4571494357401183,0.4030895524255516,0.41358795910393376,0.20703012041466246,0.07890942057377674
202506100700,23,Adversary,Verbal_NonVerbal,0.5,0,2,1,1.0,0,-1,1,1,0,0,EN,,,,,,,,,0.0,1.0,1,1,1,605,0.5,0.5,0.4904585393347453,0.40697457702130074,0.3205678419879935,0.2849365923571205,0.28483247295877734,0.3227770397631867,0.2895703369054647,0.40612760895921607,0.5266038985876831
202506100853,1,Adversary,Verbal_NonVerbal,0.5,0,2,1,0.0,0,-1,1,1,1,1,EN,,,,,,,,,0.0,1.0,1,0,1,606,0.5,0.5,0.5007570852031551,0.5015936164179111,0.5876686152795454,0.6261894119654393,0.688169356959259,0.538583257510802,0.3683323104905122,0.4171777800959681,0.45141956506808595
202506100853,2,Adversary,Verbal_NonVerbal,0.5,1,2,1,0.0,0,1,-1,1,0,1,EN,,,,,,,,,1.0,0.0,1,1,1,607,0.5,0.5,0.4998046031843974,0.6425580762100768,0.8429145973394521,0.936607088247991,0.9758503783992746,0.9909729559151303,0.996157846682767,0.9983900349583218,0.9994215905009309
202506100853,3,Adversary,Verbal_NonVerbal,0.5,0,2,1,0.5,0,-1,1,1,1,1,EN,,,,,,,,,0.0,1.0,1,1,1,608,0.5,0.5,0.5039557776345894,0.5082571461558382,0.5945641601121409,0.6310862356748753,0.6441913537664044,0.6638106706957955,0.7386185914052261,0.716220715741554,0.720890082202558
202506100853,4,Adversary,Verbal_NonVerbal,0.5,1,2,1,0.5,0,0,0,1,1,-1,EN,,,,,,,,,0.0,0.0,1,1,1,609,0.5,0.5,0.5022448935749885,0.36531979087516886,0.28781123711002904,0.36297066831618136,0.36529227606825154,0.4196406570762445,0.499489320680328,0.5616872965209654,0.6459494321762775
202506100853,5,Adversary,Verbal_NonVerbal,0.5,0,2,1,1.0,0,-1,1,1,0,0,EN,,,,,,,,,0.0,1.0,0,1,1,610,0.5,0.5,0.4896242305700862,0.4079275426117572,0.31640276721362776,0.2839148578494717,0.2727338692985921,0.30130307263425654,0.4397654572664399,0.3937063089003171,0.40060654419059694
202506100853,6,Adversary,Verbal_NonVerbal,0.5,1,2,1,1.0,0,-1,1,1,0,0,EN,,,,,,,,,0.0,1.0,1,1,1,611,0.5,0.5,0.49517233716094744,0.4871277695170592,0.4066946607007339,0.3348526061138625,0.27881297473826805,0.254285156907442,0.2435176320144866,0.278224006158168,0.28004032549188107
202506100853,7,Adversary,Verbal_NonVerbal,0.5,0,2,1,0.0,0,-1,1,1,1,1,EN,,,,,,,,,0.0,1.0,1,0,1,612,0.5,0.5,0.5007446935043384,0.5377828727620261,0.6527196585445698,0.6905151043363063,0.6830402067813486,0.6376739218590131,0.6303477586548611,0.5287599212150115,0.4383926697727471
202506100853,8,Adversary,Verbal_NonVerbal,0.5,1,2,1,0.0,0,1,-1,1,1,0,EN,,,,,,,,,1.0,0.0,0,0,1,613,0.5,0.5,0.5003439152752737,0.47678628545211893,0.4606118121437906,0.29142955255995007,0.17793787624016943,0.16397237335354314,0.18596911764639162,0.20566674997197476,0.2235473149059171
202506100853,9,Adversary,Verbal_NonVerbal,0.5,0,2,1,0.5,0,-1,1,1,1,1,EN,,,,,,,,,0.0,1.0,1,1,1,614,0.5,0.5,0.5036621610597809,0.5881612015174246,0.6780341107518859,0.7164940364904917,0.731450037022244,0.7201272986630054,0.6725016684736301,0.6005718963753129,0.5180572526833207
202506100853,10,Adversary,Verbal_NonVerbal,0.5,1,2,1,0.5,0,-1,1,1,0,0,EN,,,,,,,,,0.0,1.0,1,1,1,615,0.5,0.5,0.4983229861148605,0.5199103310467312,0.5249796475158545,0.5164963453211519,0.43019785270868716,0.33014888872566256,0.24801029524748544,0.2297672445630392,0.2315678795711584
202506100853,11,Adversary,Verbal_NonVerbal,0.5,0,2,1,1.0,0,-1,1,1,1,1,EN,,,,,,,,,0.0,1.0,-1,1,1,616,0.5,0.5,0.5114304360029739,0.5222890563696424,0.5798403213430547,0.5993534471619264,0.6328096832320734,0.6626737695282865,0.4516640906817473,0.5923718525342156,0.5831447146835741
202506100853,12,Adversary,Verbal_NonVerbal,0.5,1,2,1,1.0,0,-1,1,1,1,1,EN,,,,,,,,,0.0,1.0,-1,0,1,617,0.5,0.5,0.5056381376238498,0.5158931842478378,0.6089124733339512,0.6795077026082295,0.6868187745242099,0.6535508451997606,0.5910858288643782,0.5130234725785863,0.43437358441094165
202506100853,13,Adversary,Verbal_NonVerbal,0.5,0,2,1,0.0,0,0,0,1,1,-1,EN,,,,,,,,,0.0,0.0,1,1,1,618,0.5,0.5,0.5007263355014562,0.501557710511972,0.5743609789622307,0.614195982489355,0.6690553193044056,0.6658449077704268,0.5310292466441078,0.45023103787345975,0.4503566727135293
202506100853,14,Adversary,Verbal_NonVerbal,0.5,1,2,1,0.0,0,1,-1,1,0,1,EN,,,,,,,,,1.0,0.0,1,1,1,619,0.5,0.5,0.4996876488913155,0.5211184995991313,0.536699502589002,0.7281657329344857,0.7978567937067632,0.6554130200961303,0.7157363117699559,0.7329486628696793,0.6764885432773816
202506100853,15,Adversary,Verbal_NonVerbal,0.5,0,2,1,0.5,0,-1,1,1,0,0,EN,,,,,,,,,0.0,1.0,1,1,1,620,0.5,0.5,0.4963134277873517,0.424757548543125,0.34078193175263705,0.3318515734645241,0.27591554008631297,0.23408340467278768,0.2405977362574342,0.21676351444323266,0.19750548497010026
202506100853,16,Adversary,Verbal_NonVerbal,0.5,1,2,1,0.5,0,0,0,1,1,-1,EN,,,,,,,,,0.0,0.0,0,0,1,621,0.5,0.5,0.5013375682879344,0.4672719443423267,0.4378575366915084,0.3646726195359966,0.429956477118449,0.47369553041016077,0.46930092672249707,0.5066352720370035,0.5911002351287704
202506100853,17,Adversary,Verbal_NonVerbal,0.5,0,2,1,1.0,0,-1,1,1,0,0,EN,,,,,,,,,0.0,1.0,1,1,1,622,0.5,0.5,0.4902220213047417,0.48143956579520997,0.3858594127773815,0.321440362509119,0.32503482996156996,0.3314985940615435,0.31485843522428014,0.2993764661309737,0.3116572380815788
202506100853,18,Adversary,Verbal_NonVerbal,0.5,1,2,1,1.0,0,1,-1,1,0,1,EN,,,,,,,,,1.0,0.0,1,1,1,623,0.5,0.5,0.49517604068452425,0.43079830788278844,0.34605761990478223,0.28219293913763605,0.2895196985145067,0.3379202833495305,0.5719535312338179,0.6389592059556701,0.6033091864301955
202506100853,19,Adversary,Verbal_NonVerbal,0.5,0,2,1,0.0,0,-1,1,1,0,0,EN,,,,,,,,,0.0,1.0,0,1,1,624,0.5,0.5,0.49933152311178897,0.46149558496730747,0.3613741381746693,0.35972317966782086,0.30692978643346563,0.29958837510872566,0.47201376941968204,0.44774187620128975,0.44546618457689857
202506100853,20,Adversary,Verbal_NonVerbal,0.5,1,2,1,0.0,0,1,-1,1,1,0,EN,,,,,,,,,1.0,0.0,1,0,1,625,0.5,0.5,0.5003901499467145,0.4766204156774839,0.4153458850348256,0.38121987847808125,0.2756246865648752,0.12433897471142923,0.13260337179816503,0.2074212147089728,0.36094598566816705
202506100853,22,Adversary,Verbal_NonVerbal,0.5,1,2,1,0.5,0,1,-1,1,0,1,EN,,,,,,,,,1.0,0.0,1,1,1,626,0.5,0.5,0.4981892479908709,0.6318458802576108,0.815429626759709,0.7899695665491158,0.808341094017406,0.7522696140299555,0.6787797066603952,0.5860189431211827,0.46790560927188196
202506100853,23,Adversary,Verbal_NonVerbal,0.5,0,2,1,1.0,0,-1,1,1,0,0,EN,,,,,,,,,0.0,1.0,1,1,1,627,0.5,0.5,0.4900293586106792,0.4812678595382585,0.4026396533675217,0.37729061983933143,0.327214511749006,0.3471185100054201,0.4006054674158309,0.39413286913015266,0.43950103182349287
202506100853,24,Adversary,Verbal_NonVerbal,0.5,1,2,1,1.0,0,-1,1,1,1,1,EN,,,,,,,,,0.0,1.0,1,0,1,628,0.5,0.5,0.5063167181482107,0.5160884138199043,0.5331120418384593,0.5636129365680244,0.5638658698163671,0.6045690479180926,0.6428073875985661,0.6450958534389324,0.6864734136366387
202506100853,26,Adversary,Verbal_NonVerbal,0.5,1,2,1,0.0,0,1,-1,1,0,1,EN,,,,,,,,,1.0,0.0,1,1,1,629,0.5,0.5,0.4996866840274635,0.6414494899603039,0.8408274413778793,0.9119973379207554,0.9349666156843451,0.9513159650844746,0.9637146134889543,0.9730450949900846,0.9800260487249002
202506100853,27,Adversary,Verbal_NonVerbal,0.5,0,2,1,0.5,0,-1,1,1,1,1,EN,,,,,,,,,0.0,1.0,0,1,1,630,0.5,0.5,0.5039962874230304,0.5888609549541973,0.6688792847536587,0.6936298157952764,0.700486170538878,0.6686309460267016,0.5225225716979479,0.5252961995901715,0.5289468543794313
202506100853,28,Adversary,Verbal_NonVerbal,0.5,1,2,1,0.5,0,-1,1,1,0,0,EN,,,,,,,,,0.0,1.0,1,1,1,631,0.5,0.5,0.49830546616803445,0.5200055671777,0.5903947108456329,0.6340208402448816,0.7184474938679949,0.6190018562980343,0.48071477910809446,0.356805265566353,0.28587359027507836
202506100853,29,Adversary,Verbal_NonVerbal,0.5,0,2,1,1.0,0,-1,1,1,0,0,EN,,,,,,,,,0.0,1.0,0,1,1,632,0.5,0.5,0.4897519258682478,0.4130591806673154,0.3147741522925543,0.28083480363705876,0.29915531938270506,0.35180900532886233,0.43603968121846404,0.5364049730623378,0.5492267846777745
202506100853,30,Adversary,Verbal_NonVerbal,0.5,1,2,1,1.0,0,-1,1,1,1,1,EN,,,,,,,,,0.0,1.0,1,1,1,633,0.5,0.5,0.5061335925851891,0.5163238670496223,0.5867831425683795,0.6040486801397691,0.6738939157055411,0.6865074399352328,0.8136851423178583,0.8104109440117995,0.7355338812627948
202506100853,31,Adversary,Verbal_NonVerbal,0.5,0,2,1,0.0,0,-1,1,1,0,0,EN,,,,,,,,,0.0,1.0,1,1,1,634,0.5,0.5,0.4993290446788742,0.4986913739034184,0.4201310332115411,0.3153423469969429,0.3043378859785666,0.2842752639298475,0.2976875067799309,0.28586840313057443,0.2705716649390729
202506100853,32,Adversary,Verbal_NonVerbal,0.5,1,2,1,0.0,0,1,-1,1,0,1,EN,,,,,,,,,1.0,0.0,0,1,1,635,0.5,0.5,0.49968407401746795,0.6412158201783068,0.8284178767090133,0.923167460714254,0.8578483663301341,0.8603994054615793,0.8303632339487599,0.7762690597615115,0.6621495350789538
202506100853,33,Adversary,Verbal_NonVerbal,0.5,0,2,1,0.5,0,-1,1,1,0,0,EN,,,,,,,,,0.0,1.0,1,1,1,636,0.5,0.5,0.49640620077861575,0.492991337535019,0.41576141881480144,0.3774260515955422,0.29920436320737637,0.24260676017506488,0.46849532602707605,0.4107824840712488,0.35599141310757537
202506100853,34,Adversary,Verbal_NonVerbal,0.5,1,2,1,0.5,0,1,-1,1,0,1,EN,,,,,,,,,1.0,0.0,0,1,1,637,0.5,0.5,0.4983291484336387,0.602102315943042,0.7688748645958288,0.8560925501570549,0.7562402301210657,0.7846033699532291,0.7609011792449041,0.7276632172762592,0.7064340577501569
202506100853,35,Adversary,Verbal_NonVerbal,0.5,0,2,1,1.0,0,-1,1,1,1,1,EN,,,,,,,,,0.0,1.0,1,1,1,638,0.5,0.5,0.5112789201817095,0.522321900094089,0.6140138444692477,0.6555019202742376,0.6196878876029099,0.5584300682440936,0.40543395791580494,0.4981479869806507,0.5247878802491713
202506100853,36,Adversary,Verbal_NonVerbal,0.5,1,2,1,1.0,0,-1,1,1,0,0,EN,,,,,,,,,0.0,1.0,1,1,1,639,0.5,0.5,0.49512430001482444,0.48658188334281716,0.4707496866953675,0.3666414843409982,0.459909353274068,0.3938253254529358,0.28378808052110227,0.35238267708590776,0.3965738063067717
202506100853,37,Adversary,Verbal_NonVerbal,0.5,0,2,1,0.0,0,-1,1,1,0,0,EN,,,,,,,,,0.0,1.0,1,1,1,640,0.5,0.5,0.4993358515254173,0.45970873497666004,0.3338001608891975,0.32056571741187423,0.2633302674215568,0.2498178843122662,0.27231157983789916,0.3019475409116184,0.32714731986935625
202506100853,38,Adversary,Verbal_NonVerbal,0.5,1,2,1,0.0,0,1,-1,1,1,0,EN,,,,,,,,,1.0,0.0,1,0,1,641,0.5,0.5,0.5000053589153127,0.4763971775451185,0.46166801586768164,0.361601353121982,0.4011538340036867,0.4294196993356786,0.24575483267537676,0.16035349461640405,0.0817501712184482
202506100853,39,Adversary,Verbal_NonVerbal,0.5,0,2,1,0.5,0,-1,1,1,0,0,EN,,,,,,,,,0.0,1.0,1,1,1,642,0.5,0.5,0.4964393166991679,0.49306296873538924,0.40701116358184636,0.3410295318067278,0.3459083305650494,0.3866634849298609,0.4513730002363563,0.4934615518017027,0.5016547252001473
202506100853,40,Adversary,Verbal_NonVerbal,0.5,1,2,1,0.5,0,1,-1,1,1,0,EN,,,,,,,,,1.0,0.0,1,0,1,643,0.5,0.5,0.5000148198743425,0.3656346288772454,0.2909132306391142,0.15402143060718101,0.33215564966263855,0.1605685375925986,0.3348164661360288,0.41931741240922993,0.42160261001308824
202506100853,41,Adversary,Verbal_NonVerbal,0.5,0,2,1,1.0,0,-1,1,1,1,1,EN,,,,,,,,,0.0,1.0,1,0,1,644,0.5,0.5,0.5113702305689779,0.5224938406477132,0.6008382931625517,0.6330948093432215,0.6669904764734427,0.6442498677491176,0.5143071611085981,0.5305564435586095,0.5361511880378138
202506100853,42,Adversary,Verbal_NonVerbal,0.5,1,2,1,1.0,0,-1,1,1,0,0,EN,,,,,,,,,0.0,1.0,1,1,1,645,0.5,0.5,0.49518254114188526,0.40943371299708353,0.3180306834824512,0.26748787660208045,0.23555834729045436,0.2586145501638745,0.28747465306996495,0.3078997164450425,0.3128758541575778
202506100853,43,Adversary,Verbal_NonVerbal,0.5,0,2,1,0.0,0,-1,1,1,0,0,EN,,,,,,,,,0.0,1.0,1,1,1,646,0.5,0.5,0.49932909380605656,0.49871005493490206,0.41277026174165593,0.31507074792392875,0.30883518860283937,0.2602679740860161,0.27092600151297647,0.24754589326257828,0.2804731619986669
202506100853,44,Adversary,Verbal_NonVerbal,0.5,1,2,1,0.0,0,-1,1,1,1,1,EN,,,,,,,,,0.0,1.0,1,0,1,647,0.5,0.5,0.5004147304334219,0.4135896452201232,0.35412816384712603,0.33645161403232376,0.3746518722639349,0.48248618441242835,0.5416036990011404,0.6019212683378922,0.47882121164840213
202506100853,45,Adversary,Verbal_NonVerbal,0.5,0,2,1,0.5,0,-1,1,1,1,1,EN,,,,,,,,,0.0,1.0,1,1,1,648,0.5,0.5,0.5040025607196476,0.5873515641448962,0.6813219380250649,0.7186419670907466,0.7155870361286153,0.675821588865798,0.6087334001251923,0.5265691561323051,0.44464637732032547
202506100853,46,Adversary,Verbal_NonVerbal,0.5,1,2,1,0.5,0,1,-1,1,1,0,EN,,,,,,,,,1.0,0.0,1,0,1,649,0.5,0.5,0.5022212044865696,0.39367273670632985,0.3263735499721879,0.3137590987688421,0.281519223433442,0.4257801089528027,0.3094838363904127,0.3313508271888557,0.4712068752736101
202506100853,47,Adversary,Verbal_NonVerbal,0.5,0,2,1,1.0,0,-1,1,1,0,0,EN,,,,,,,,,0.0,1.0,1,1,1,650,0.5,0.5,0.4900663291233266,0.4811820127646112,0.3912387808271041,0.3342485832966776,0.348449779047083,0.3544948173228194,0.3601825992503211,0.31391315580584156,0.27537341736995413
202506100853,49,Adversary,Verbal_NonVerbal,0.5,0,2,1,0.0,0,-1,1,1,1,1,EN,,,,,,,,,0.0,1.0,1,1,1,651,0.5,0.5,0.500747298699217,0.5388442620389795,0.6427702570000838,0.6823154980284731,0.5326711967718051,0.3640630422954769,0.4162708584727064,0.4504467434060943,0.4924580270238035
202506100853,50,Adversary,Verbal_NonVerbal,0.5,1,2,1,0.0,0,0,0,1,0,-1,EN,,,,,,,,,0.0,0.0,1,1,1,652,0.5,0.5,0.4996874360003615,0.636129629441322,0.8452434389073883,0.7311462278073984,0.6236512468578462,0.6315145847533754,0.5293390730616524,0.5007777214367166,0.4338533071532951
202506100853,51,Adversary,Verbal_NonVerbal,0.5,0,2,1,0.5,0,-1,1,1,0,0,EN,,,,,,,,,0.0,1.0,1,1,1,653,0.5,0.5,0.4963655606442362,0.4929925191820092,0.4272889964609205,0.38090242487278925,0.379871675793146,0.38229809107264523,0.4019288910228314,0.3520193362557879,0.3624257783648647
202506100853,52,Adversary,Verbal_NonVerbal,0.5,1,2,1,0.5,0,1,-1,1,0,1,EN,,,,,,,,,1.0,0.0,1,1,1,654,0.5,0.5,0.4982388212420547,0.6415004075512178,0.8441037455194478,0.752338610902811,0.6555941353587715,0.8005588766144895,0.6303522030486224,0.581771118812592,0.6028062656429011
202506100853,53,Adversary,Verbal_NonVerbal,0.5,0,2,1,1.0,0,-1,1,1,0,0,EN,,,,,,,,,0.0,1.0,1,1,1,655,0.5,0.5,0.48956307966869067,0.4802798870637394,0.39560987208016446,0.36440028034480465,0.35340696550902,0.309288961807044,0.2760088442742939,0.37622734691620646,0.368077656767247
202506100853,54,Adversary,Verbal_NonVerbal,0.5,1,2,1,1.0,0,1,-1,1,0,1,EN,,,,,,,,,1.0,0.0,1,1,1,656,0.5,0.5,0.4936069948252866,0.40712843817287236,0.30787156161872137,0.27699059051140573,0.4485516156058511,0.6259003801342944,0.5742071038808796,0.6163436599943061,0.6796741879315594
202506100853,56,Adversary,Verbal_NonVerbal,0.5,1,2,1,0.0,0,-1,1,1,1,1,EN,,,,,,,,,0.0,1.0,1,1,1,657,0.5,0.5,0.5003840681266466,0.47636595557416067,0.4571062114292665,0.45727429775264544,0.47315660734338694,0.5584518937473778,0.7008406299118799,0.7507549010118351,0.766722359944347
202506100853,57,Adversary,Verbal_NonVerbal,0.5,0,2,1,0.5,0,-1,1,1,1,1,EN,,,,,,,,,0.0,1.0,1,0,1,658,0.5,0.5,0.504021401857889,0.5704356350612444,0.6465361744650135,0.652346116052681,0.7045257554420361,0.7022294219271076,0.5844807748947867,0.6622691517211149,0.7316892806161893
202506100853,58,Adversary,Verbal_NonVerbal,0.5,1,2,1,0.5,0,1,-1,1,0,1,EN,,,,,,,,,1.0,0.0,1,1,1,659,0.5,0.5,0.49824170203879564,0.6411822055380418,0.8418978711961098,0.649617935881325,0.5690634488421833,0.5553028358383947,0.5199602266304069,0.5513490071518402,0.4750082763927821
202506100853,59,Adversary,Verbal_NonVerbal,0.5,0,2,1,1.0,0,-1,1,1,0,0,EN,,,,,,,,,0.0,1.0,1,1,1,660,0.5,0.5,0.4895776482569124,0.41007295548641925,0.309153725038273,0.27098547026508785,0.28359768100754806,0.3329307858416199,0.41042162179526814,0.49916572592380903,0.5529134341635572
202506100853,60,Adversary,Verbal_NonVerbal,0.5,1,2,1,1.0,0,-1,1,1,0,0,EN,,,,,,,,,0.0,1.0,1,1,1,661,0.5,0.5,0.49510739193156267,0.47903783487232693,0.40166250521855584,0.3244274500577144,0.29988877822443194,0.32687233616471906,0.3909479640787602,0.4830774999828014,0.5812121530153864
202506100853,61,Adversary,Verbal_NonVerbal,0.5,0,2,1,0.0,0,-1,1,1,0,0,EN,,,,,,,,,0.0,1.0,1,1,1,662,0.5,0.5,0.4993001454819455,0.45914884861093364,0.35847739393355527,0.32284070989544794,0.3208278645915132,0.34868263069429506,0.34265311640006657,0.32597318625679056,0.2730428218600748
202506101452,1,Adversary,Verbal_NonVerbal,0.5,0,2,1,0.0,0,-1,1,1,1,1,EN,,,,,,,,,0.0,1.0,0,0,1,663,0.5,0.5,0.5006862575107367,0.539854348687237,0.6626427861423124,0.7131179847130317,0.5516421584859397,0.3736783420621111,0.517589446705499,0.518979255658627,0.5910802048090952
202506101452,2,Adversary,Verbal_NonVerbal,0.5,1,2,1,0.0,0,-1,1,1,0,0,EN,,,,,,,,,0.0,1.0,1,1,1,664,0.5,0.5,0.49975064134646047,0.5216187326960964,0.5370640036025774,0.6260513900016189,0.6033677048020274,0.4941838408795412,0.41207416011878356,0.37071493762800756,0.3461293373155642
202506101452,4,Adversary,Verbal_NonVerbal,0.5,1,2,1,0.5,0,1,-1,1,1,0,EN,,,,,,,,,1.0,0.0,1,1,1,665,0.5,0.5,0.5000139039167749,0.47672266898689947,0.4066799059484853,0.35235703674521707,0.23733163128171286,0.10153550260792447,0.03976381301333361,0.014864187705432809,0.005524653392927697
202506101452,5,Adversary,Verbal_NonVerbal,0.5,0,2,1,1.0,0,-1,1,1,0,0,EN,,,,,,,,,0.0,1.0,1,1,1,666,0.5,0.5,0.48984118080855427,0.48092704172897416,0.4007138039824283,0.3694621330113464,0.3064592921661024,0.27061188085315013,0.27874474322105913,0.37470667362336585,0.3975937534325886
202506101452,6,Adversary,Verbal_NonVerbal,0.5,1,2,1,1.0,0,-1,1,1,1,1,EN,,,,,,,,,0.0,1.0,1,1,1,667,0.5,0.5,0.5068652166592439,0.5912267521920989,0.6374961209974056,0.6520367594899988,0.6730952558361023,0.659841093071382,0.48164011044517574,0.4443456435850763,0.361818301788941
202506101452,7,Adversary,Verbal_NonVerbal,0.5,0,2,1,0.0,0,-1,1,1,0,0,EN,,,,,,,,,0.0,1.0,1,1,1,668,0.5,0.5,0.49932910571959194,0.4986776577684514,0.4241358243383358,0.38895935232253626,0.30331244108468053,0.3038463805423017,0.2580647400798914,0.2266808001910979,0.21060589183484985
202506101452,8,Adversary,Verbal_NonVerbal,0.5,1,2,1,0.0,0,1,-1,1,0,1,EN,,,,,,,,,1.0,0.0,1,1,1,669,0.5,0.5,0.4996868343635786,0.5798609685897554,0.6275393362698821,0.7760755282673998,0.6962935088620229,0.7861337884826254,0.8006643113724276,0.5914550016792132,0.5469593639741245
202506101452,9,Adversary,Verbal_NonVerbal,0.5,0,2,1,0.5,0,0,0,1,0,-1,EN,,,,,,,,,0.0,0.0,1,1,1,670,0.5,0.5,0.4964302581769401,0.49307409629508914,0.42741942555561113,0.3685454597210167,0.3580823446956839,0.35872323756876806,0.5290392533464576,0.5292259143875298,0.5293089982949333
202506101452,11,Adversary,Verbal_NonVerbal,0.5,0,2,1,1.0,0,-1,1,1,0,0,EN,,,,,,,,,0.0,1.0,1,1,1,671,0.5,0.5,0.4899860125426784,0.4071237769500848,0.30613613115163507,0.2527659366293317,0.23287221677112654,0.4202679247994427,0.5341965976991576,0.534090879538777,0.5066809524262793
202506101452,12,Adversary,Verbal_NonVerbal,0.5,1,2,1,1.0,0,1,-1,1,0,1,EN,,,,,,,,,1.0,0.0,1,1,1,672,0.5,0.5,0.495056347259185,0.48753608632900997,0.38980064867270736,0.3254883390125157,0.34097986234512373,0.4081259783468445,0.5635343207622682,0.7305892936412167,0.7833931886677855
202506101452,13,Adversary,Verbal_NonVerbal,0.5,0,2,1,0.0,0,-1,1,1,1,1,EN,,,,,,,,,0.0,1.0,0,1,1,673,0.5,0.5,0.500734185744622,0.5389888028471087,0.6517341583374101,0.6637924782857061,0.66933999006826,0.6739554518566091,0.722778239343591,0.5555620777779247,0.3746257717372716
202506101452,14,Adversary,Verbal_NonVerbal,0.5,1,2,1,0.0,0,0,0,1,0,-1,EN,,,,,,,,,0.0,0.0,1,1,1,674,0.5,0.5,0.4996860229891174,0.5764493776866841,0.6758752176639923,0.7079489578931237,0.686891705602797,0.635510674670092,0.5970376073813916,0.5605518333359696,0.48404691986562765
202506101452,15,Adversary,Verbal_NonVerbal,0.5,0,2,1,0.5,0,-1,1,1,1,1,EN,,,,,,,,,0.0,1.0,1,0,1,675,0.5,0.5,0.5040179714192079,0.5869758953117309,0.6841335292783052,0.687516056961575,0.7241086185017004,0.7410401109407471,0.5595014153313851,0.46833442651357604,0.3876273481055794
202506101452,17,Adversary,Verbal_NonVerbal,0.5,0,2,1,1.0,0,-1,1,1,0,0,EN,,,,,,,,,0.0,1.0,1,1,1,676,0.5,0.5,0.4897862466479365,0.4807444181622889,0.436107073223691,0.39175019255654747,0.3300006587789382,0.47053193535721516,0.6339133850309335,0.5892201123917429,0.44117655977582315
202506101452,18,Adversary,Verbal_NonVerbal,0.5,1,2,1,1.0,0,-1,1,1,1,1,EN,,,,,,,,,0.0,1.0,1,0,1,677,0.5,0.5,0.5055102781909766,0.5883797248565102,0.6272106610140294,0.6676215930293387,0.6695876476602094,0.7856057158949672,0.6578710918498809,0.7948933844837406,0.8098896070202835
202506101452,19,Adversary,Verbal_NonVerbal,0.5,0,2,1,0.0,0,-1,1,1,1,1,EN,,,,,,,,,0.0,1.0,0,0,1,678,0.5,0.5,0.5007193283830467,0.5015479568668009,0.5788081605466407,0.620191901629489,0.6363359286934434,0.6540707552261248,0.6783906943164149,0.658597577533676,0.7058652989082789
202506101452,20,Adversary,Verbal_NonVerbal,0.5,1,2,1,0.0,0,-1,1,1,0,0,EN,,,,,,,,,0.0,1.0,1,1,1,679,0.5,0.5,0.499688560806132,0.5210126983365707,0.5736472359290062,0.6120098781467372,0.500670370118861,0.42248390707098954,0.2945052045806747,0.2701430552399937,0.24599344824679187
202506101452,22,Adversary,Verbal_NonVerbal,0.5,1,2,1,0.5,0,-1,1,1,0,0,EN,,,,,,,,,0.0,1.0,1,1,1,680,0.5,0.5,0.4985222633190383,0.524610390410376,0.5481616973951338,0.541801397042283,0.4477070888782983,0.3497574126613723,0.28311517843897954,0.2717753013204699,0.2684328067386469
202506101452,23,Adversary,Verbal_NonVerbal,0.5,0,2,1,1.0,0,-1,1,1,1,1,EN,,,,,,,,,0.0,1.0,-1,0,1,681,0.5,0.5,0.5115160814185677,0.5223768121784459,0.5853503443787437,0.6119350998380344,0.6726473977000583,0.6836807107083241,0.6667722096688165,0.6177159647848784,0.5474001882070446
202506101452,24,Adversary,Verbal_NonVerbal,0.5,1,2,1,1.0,0,0,0,1,1,-1,EN,,,,,,,,,0.0,0.0,-1,1,1,682,0.5,0.5,0.5061452166418912,0.5190506595259546,0.5399908774883319,0.4765310560744031,0.4723886763345378,0.4716803886153911,0.47058019810850593,0.4702207703655706,0.5517780879206591
202506101452,25,Adversary,Verbal_NonVerbal,0.5,0,2,1,0.0,0,-1,1,1,1,1,EN,,,,,,,,,0.0,1.0,1,1,1,683,0.5,0.5,0.5007424986724374,0.5372670221194966,0.6387786639187367,0.6799721852087799,0.6828986356881053,0.6527538577057184,0.5901167971430173,0.5134295476698998,0.4358876358555541
202506101452,26,Adversary,Verbal_NonVerbal,0.5,1,2,1,0.0,0,1,-1,1,0,1,EN,,,,,,,,,1.0,0.0,1,1,1,684,0.5,0.5,0.49955206673046815,0.572333789943723,0.6190260760942718,0.7875381127280056,0.6438682066292943,0.6044028181716575,0.7068870736722019,0.659576242063712,0.6147214731129503
202506101452,27,Adversary,Verbal_NonVerbal,0.5,0,2,1,0.5,0,-1,1,1,1,1,EN,,,,,,,,,0.0,1.0,0,0,1,685,0.5,0.5,0.5041598544366805,0.5082912490466004,0.5746325251144117,0.6071709729717322,0.6582121759967419,0.6819785947566851,0.7085455838902922,0.7002915716447562,0.6535149915987625
202506101452,28,Adversary,Verbal_NonVerbal,0.5,1,2,1,0.5,0,1,-1,1,0,1,EN,,,,,,,,,1.0,0.0,-1,1,1,686,0.5,0.5,0.5000478397761362,0.6149327708599214,0.5532427320632362,0.7586577458604886,0.6372360075693287,0.5898038478730406,0.6459780154111916,0.7159469735858356,0.5890631347180809
202506101452,29,Adversary,Verbal_NonVerbal,0.5,0,2,1,1.0,0,-1,1,1,1,1,EN,,,,,,,,,0.0,1.0,0,1,1,687,0.5,0.5,0.5112923175249812,0.5915246897913999,0.6872766102852934,0.7324928002908424,0.733105072508265,0.7032217391769207,0.6421906901952797,0.5608994249531487,0.4748010723449994
202506101452,31,Adversary,Verbal_NonVerbal,0.5,0,2,1,0.0,0,-1,1,1,0,0,EN,,,,,,,,,0.0,1.0,1,1,1,688,0.5,0.5,0.49932951352400556,0.4987180387346917,0.4405973026351137,0.3809872522831305,0.5043414123380854,0.5913252669479953,0.6032946915290327,0.45659000775165054,0.45973186653882575
202506101452,32,Adversary,Verbal_NonVerbal,0.5,1,2,1,0.0,0,0,0,1,1,-1,EN,,,,,,,,,0.0,0.0,-1,0,1,689,0.5,0.5,0.5002183897756397,0.4693864591661019,0.3979207944857443,0.35177009380601515,0.49971638756176834,0.4401881088619881,0.48294887657588176,0.5320666726515095,0.6579297319162605
202506101452,33,Adversary,Verbal_NonVerbal,0.5,0,2,1,0.5,0,-1,1,1,0,0,EN,,,,,,,,,0.0,1.0,1,1,1,690,0.5,0.5,0.49600724056962286,0.4927439276588265,0.4063311705743712,0.3568806415183517,0.389920805533737,0.4093314020575491,0.41173306278876104,0.5332356877277143,0.5224700087155697
202506101452,34,Adversary,Verbal_NonVerbal,0.5,1,2,1,0.5,0,1,-1,1,1,0,EN,,,,,,,,,1.0,0.0,1,0,1,691,0.5,0.5,0.5021610573816129,0.39284053848432315,0.32187899428162464,0.21273442762204295,0.3780551104544863,0.3783315360496959,0.36745700200637166,0.38206431356275405,0.25023587137051445
202506101452,35,Adversary,Verbal_NonVerbal,0.5,0,2,1,1.0,0,-1,1,1,0,0,EN,,,,,,,,,0.0,1.0,1,1,1,692,0.5,0.5,0.4900414370799201,0.4044507296659454,0.3016439816170465,0.2830417757178548,0.289577942260511,0.2642033337341231,0.43906527486953606,0.6186465916006362,0.5059236350976208
202506101452,36,Adversary,Verbal_NonVerbal,0.5,1,2,1,1.0,0,-1,1,1,1,1,EN,,,,,,,,,0.0,1.0,-1,0,1,693,0.5,0.5,0.505333517197734,0.5806691317890803,0.6432581634597082,0.694935284651374,0.6570236848252188,0.7172405026674824,0.5119170765644984,0.48564243532088697,0.41968686866162386
202506101452,37,Adversary,Verbal_NonVerbal,0.5,0,2,1,0.0,0,-1,1,1,0,0,EN,,,,,,,,,0.0,1.0,1,1,1,694,0.5,0.5,0.4993346008593347,0.4596717000274214,0.3656297680017972,0.3490782872654916,0.36692816387292476,0.3114406843160997,0.26233833086850594,0.4249414571026825,0.6145540325306997
202506101452,38,Adversary,Verbal_NonVerbal,0.5,1,2,1,0.0,0,1,-1,1,1,0,EN,,,,,,,,,1.0,0.0,1,1,1,695,0.5,0.5,0.5000069558611846,0.4844476881123971,0.47311982363798005,0.38642545046493987,0.3414002956888335,0.44573837959348345,0.4839213596484184,0.42679925150414005,0.4920305664085329
202506101452,39,Adversary,Verbal_NonVerbal,0.5,0,2,1,0.5,0,0,0,1,0,-1,EN,,,,,,,,,0.0,0.0,1,1,1,696,0.5,0.5,0.49649740981929147,0.49334032390807725,0.4625612650375875,0.43081498208544605,0.35769822318681915,0.48679935916041034,0.6108165366873537,0.6063957451626075,0.5680397924428255
202506101452,40,Adversary,Verbal_NonVerbal,0.5,1,2,1,0.5,0,1,-1,1,1,0,EN,,,,,,,,,1.0,0.0,1,1,1,697,0.5,0.5,0.5016233895825134,0.3874327968534071,0.3108852758462467,0.396288129849629,0.27003033399139464,0.3766835852425858,0.41676768846475426,0.4258699150230906,0.4725554205213946
202506101452,41,Adversary,Verbal_NonVerbal,0.5,0,2,1,1.0,0,-1,1,1,0,0,EN,,,,,,,,,0.0,1.0,1,1,1,698,0.5,0.5,0.49031458227178093,0.4814926112055253,0.3877753542049917,0.3105518035881171,0.45630655723206415,0.6265442217412929,0.409138660183017,0.3231205510389919,0.2879388661422784
202506101452,42,Adversary,Verbal_NonVerbal,0.5,1,2,1,1.0,0,1,-1,1,1,0,EN,,,,,,,,,1.0,0.0,0,1,1,699,0.5,0.5,0.5055490227634765,0.5127758031352608,0.5212835085002535,0.5088553810818748,0.5618125751864864,0.5364924690623262,0.504774666171589,0.48577413819615656,0.4593673401034608
202506101452,43,Adversary,Verbal_NonVerbal,0.5,0,2,1,0.0,0,-1,1,1,0,0,EN,,,,,,,,,0.0,1.0,1,1,1,700,0.5,0.5,0.4993511330955031,0.49873332398043246,0.4120517551083544,0.3649777626232808,0.31846103780293883,0.3354503355953759,0.286478168029243,0.28852704318967837,0.3078473781969802
202506101452,44,Adversary,Verbal_NonVerbal,0.5,1,2,1,0.0,0,-1,1,1,1,1,EN,,,,,,,,,0.0,1.0,1,1,1,701,0.5,0.5,0.5003479285399403,0.4775504226055215,0.41497817310461876,0.37012556417264597,0.482020842288773,0.5199881950219563,0.5811221113557247,0.6352122139717488,0.7082627979881873
202506101452,45,Adversary,Verbal_NonVerbal,0.5,0,2,1,0.5,0,-1,1,1,1,1,EN,,,,,,,,,0.0,1.0,-1,0,1,702,0.5,0.5,0.5041460808895964,0.507902534226672,0.5557417515609996,0.5799709502613757,0.6210489962467859,0.6602750327780735,0.5197531356936268,0.35774030188313416,0.5435793250653277
202506101452,46,Adversary,Verbal_NonVerbal,0.5,1,2,1,0.5,0,1,-1,1,0,1,EN,,,,,,,,,1.0,0.0,1,1,1,703,0.5,0.5,0.4976988247478875,0.6087061790233879,0.6763986182799713,0.8006710934020846,0.7493953344882319,0.6108939451569408,0.6454550428880556,0.570318260389384,0.5146838766870018
202506101452,47,Adversary,Verbal_NonVerbal,0.5,0,2,1,1.0,0,-1,1,1,0,0,EN,,,,,,,,,0.0,1.0,1,1,1,704,0.5,0.5,0.4898172519722156,0.4813292713674539,0.43098341025106446,0.37441629652419894,0.3219008029667351,0.29394236194508916,0.3015510920311919,0.27516478923322085,0.29530995211892297
202506101452,48,Adversary,Verbal_NonVerbal,0.5,1,2,1,1.0,0,-1,1,1,0,0,EN,,,,,,,,,0.0,1.0,1,1,1,705,0.5,0.5,0.49174550072029294,0.4810703685869313,0.3936048542380648,0.3264534165703517,0.3082475780592572,0.4661561034841917,0.6659924230079111,0.5311983189204526,0.43260227759350833
202506101452,49,Adversary,Verbal_NonVerbal,0.5,0,2,1,0.0,0,-1,1,1,0,0,EN,,,,,,,,,0.0,1.0,1,1,1,706,0.5,0.5,0.49931663636295803,0.4687857053540085,0.35072376716084475,0.31395729779343134,0.3384035130284328,0.3531301910981372,0.48885772478218137,0.43759225319018635,0.3520351790773992
202506101452,50,Adversary,Verbal_NonVerbal,0.5,1,2,1,0.0,0,1,-1,1,1,0,EN,,,,,,,,,1.0,0.0,1,0,1,707,0.5,0.5,0.5004427509903194,0.396670320059471,0.3304974178969688,0.20989632782998935,0.11583549474947161,0.31480569160315935,0.4221388423948975,0.4580750548629936,0.2350591616307912
202506101452,51,Adversary,Verbal_NonVerbal,0.5,0,2,1,0.5,0,-1,1,1,0,0,EN,,,,,,,,,0.0,1.0,1,1,1,708,0.5,0.5,0.4963306594213157,0.4099610966295933,0.30579568794349443,0.2947954111149457,0.30239321974902533,0.25062024521336307,0.2924826849912718,0.29449207816316364,0.2973172272071606
202506101452,52,Adversary,Verbal_NonVerbal,0.5,1,2,1,0.5,0,1,-1,1,1,0,EN,,,,,,,,,1.0,0.0,1,1,1,709,0.5,0.5,0.5017583717606167,0.4856618012412273,0.4285779515001372,0.39255453712131716,0.37945606648099345,0.38629669290523083,0.4122163981390409,0.4041569071261637,0.31735203845023735
202506101452,53,Adversary,Verbal_NonVerbal,0.5,0,2,1,1.0,0,-1,1,1,0,0,EN,,,,,,,,,0.0,1.0,1,1,1,710,0.5,0.5,0.4895339423121509,0.4810146335191491,0.4355464684907114,0.35601556864418693,0.3443829791807363,0.32316677662490045,0.2745988612592369,0.3000796481502116,0.39918105543532206
202506101452,54,Adversary,Verbal_NonVerbal,0.5,1,2,1,1.0,0,-1,1,1,1,1,EN,,,,,,,,,0.0,1.0,0,0,1,711,0.5,0.5,0.5000663578934995,0.586338712927431,0.6275641040724547,0.6967148664127051,0.7418113062830685,0.7730732932788252,0.7998173035082896,0.7027184637436829,0.7208195680494367
202506101452,55,Adversary,Verbal_NonVerbal,0.5,0,2,1,0.0,0,-1,1,1,0,0,EN,,,,,,,,,0.0,1.0,1,1,1,712,0.5,0.5,0.4993063696901253,0.4986927670695912,0.42174103748155833,0.3451962644494531,0.4786986351184913,0.6399692113612695,0.49587249465849315,0.45071568795922967,0.42486407266721704
202506101452,56,Adversary,Verbal_NonVerbal,0.5,1,2,1,0.0,0,1,-1,1,1,0,EN,,,,,,,,,1.0,0.0,1,1,1,713,0.5,0.5,0.5000964002628843,0.3809904083536427,0.1842437360519818,0.07105977357633014,0.1274207036732419,0.31877633202273936,0.42007958197720646,0.44383652134362,0.48784656260157344
202506101452,57,Adversary,Verbal_NonVerbal,0.5,0,2,1,0.5,0,1,-1,1,0,1,EN,,,,,,,,,1.0,0.0,1,1,1,714,0.5,0.5,0.4965203669969642,0.4105136780169017,0.3226494907618653,0.2909230890702355,0.4500030810278086,0.6210707059499152,0.7097125826035432,0.7583151203543608,0.6480707235367378
202506101452,58,Adversary,Verbal_NonVerbal,0.5,1,2,1,0.5,0,1,-1,1,1,0,EN,,,,,,,,,1.0,0.0,1,1,1,715,0.5,0.5,0.5011365554426904,0.43073447712934326,0.374624612596377,0.24738797773139318,0.11426100950295907,0.3276431958337311,0.35271542403640954,0.39796846428141563,0.4376372879276572
202506101452,59,Adversary,Verbal_NonVerbal,0.5,0,2,1,1.0,0,-1,1,1,0,0,EN,,,,,,,,,0.0,1.0,1,1,1,716,0.5,0.5,0.49055355351945185,0.4049942343044417,0.3182334370442379,0.3088812714553332,0.3030434113302473,0.2640725163199522,0.22527164880060727,0.2170964168554424,0.24891904658051528
202506101452,60,Adversary,Verbal_NonVerbal,0.5,1,2,1,1.0,0,-1,1,1,1,1,EN,,,,,,,,,0.0,1.0,1,0,1,717,0.5,0.5,0.5033124133086153,0.5111921632221548,0.5191120192209462,0.623781778766223,0.600148862316541,0.6013668171238611,0.5856452638817409,0.5152364191514897,0.4750827118163539
202506101452,61,Adversary,Verbal_NonVerbal,0.5,0,2,1,0.0,0,-1,1,1,1,1,EN,,,,,,,,,0.0,1.0,1,1,1,718,0.5,0.5,0.50075969213054,0.5368784928609317,0.6303629959862186,0.6245347637594421,0.6695243587008003,0.6446575560348677,0.5840437438485282,0.5086678274369993,0.4329827904888947
202506101452,62,Adversary,Verbal_NonVerbal,0.5,1,2,1,0.0,0,-1,1,1,1,1,EN,,,,,,,,,0.0,1.0,-1,1,1,719,0.5,0.5,0.5003346955251496,0.4709694204601583,0.40420154797712043,0.3647312042335432,0.4101429126814942,0.5188113607381057,0.5679429982576387,0.664128533362245,0.7029846788506017
202506101452,63,Adversary,Verbal_NonVerbal,0.5,0,2,1,0.5,0,-1,1,1,1,1,EN,,,,,,,,,0.0,1.0,0,1,1,720,0.5,0.5,0.5040539703447559,0.5855975441549447,0.6831719849904108,0.6984035701196347,0.6869139775635781,0.6924672820812471,0.7118577134458058,0.7044766518388668,0.6993669556149809
202506101452,64,Adversary,Verbal_NonVerbal,0.5,1,2,1,0.5,0,1,-1,1,0,1,EN,,,,,,,,,1.0,0.0,1,0,1,721,0.5,0.5,0.49736903553690764,0.5210540915116169,0.5960531686917871,0.6398283775891651,0.5987281260367505,0.494450288234823,0.6195983098711465,0.8247871407042535,0.6446603592802067
202506101452,65,Adversary,Verbal_NonVerbal,0.5,0,2,1,1.0,0,-1,1,1,0,0,EN,,,,,,,,,0.0,1.0,1,1,1,722,0.5,0.5,0.4897509782143567,0.40476633500835263,0.3374371618395105,0.3392903905911993,0.3143609161356015,0.2704104213714512,0.25231803229802857,0.2702447786318951,0.3244384112710574
202506101452,66,Adversary,Verbal_NonVerbal,0.5,1,2,1,1.0,0,-1,1,1,0,0,EN,,,,,,,,,0.0,1.0,1,1,1,723,0.5,0.5,0.49528090512586104,0.485604108863397,0.47367050567455365,0.4109194166554948,0.4577478603924103,0.4376798869844429,0.3572911918452477,0.3615031930409193,0.36319590211408376
202506101452,67,Adversary,Verbal_NonVerbal,0.5,0,2,1,0.0,0,-1,1,1,1,1,EN,,,,,,,,,0.0,1.0,0,0,1,724,0.5,0.5,0.500802203489683,0.5015484950699254,0.5715620599009043,0.6484568912808427,0.6576260347954855,0.5133560518925252,0.4211828736233999,0.42099602204933634,0.5271896764605585
202506101452,69,Adversary,Verbal_NonVerbal,0.5,0,2,1,0.5,0,-1,1,1,1,1,EN,,,,,,,,,0.0,1.0,1,1,1,725,0.5,0.5,0.5044138827892711,0.5855148943322204,0.6720960956532357,0.6654148970736091,0.7153376721524884,0.7117840604401316,0.6723079260861382,0.6056626766799543,0.5248036469988541
202506101452,70,Adversary,Verbal_NonVerbal,0.5,1,2,1,0.5,0,-1,1,1,0,0,EN,,,,,,,,,0.0,1.0,1,1,1,726,0.5,0.5,0.4983849583735822,0.5369029079510966,0.5699952088245929,0.6266905494514117,0.616748039856487,0.48771629991687526,0.48173770598407223,0.40024514147726165,0.40387675812027196
202506101452,71,Adversary,Verbal_NonVerbal,0.5,0,2,1,1.0,0,0,0,1,1,-1,EN,,,,,,,,,0.0,0.0,0,0,1,727,0.5,0.5,0.5113548849538219,0.5927959512107559,0.6607612842663001,0.6827468431200298,0.7126667488967363,0.5404310990510549,0.36728753281716064,0.4172990263859135,0.4234712503633492
202506101452,73,Adversary,Verbal_NonVerbal,0.5,0,2,1,0.0,0,-1,1,1,0,0,EN,,,,,,,,,0.0,1.0,-1,1,1,728,0.5,0.5,0.49932999018221963,0.49870221661645314,0.416969731509742,0.3736234469145671,0.3582110999710121,0.29436962223659424,0.44465454886225814,0.6240076992273399,0.5768140334439409
202506101452,74,Adversary,Verbal_NonVerbal,0.5,1,2,1,0.0,0,1,-1,1,1,0,EN,,,,,,,,,1.0,0.0,1,0,1,729,0.5,0.5,0.5004738655704205,0.37077170508407664,0.29509709583432825,0.3873625585214903,0.26304202422617323,0.2830734493643598,0.42057389750003615,0.4542599852322926,0.28141978578780524
202506101452,75,Adversary,Verbal_NonVerbal,0.5,0,2,1,0.5,0,-1,1,1,1,1,EN,,,,,,,,,0.0,1.0,1,0,1,730,0.5,0.5,0.5039443605160843,0.5078163854289109,0.5904735905406444,0.6528656147071151,0.6468181085232642,0.6049952564796197,0.6131969177125639,0.5152659679369967,0.4266444256727505
202506101452,76,Adversary,Verbal_NonVerbal,0.5,1,2,1,0.5,0,1,-1,1,1,0,EN,,,,,,,,,1.0,0.0,1,1,1,731,0.5,0.5,0.5015625059760157,0.4883131950326806,0.48930215417343514,0.4880118959167611,0.48934070625628384,0.34983844956300575,0.13972132010559804,0.17253359514049726,0.3758262207244284
202506101452,77,Adversary,Verbal_NonVerbal,0.5,0,2,1,1.0,0,-1,1,1,1,1,EN,,,,,,,,,0.0,1.0,-1,0,1,732,0.5,0.5,0.5113666240461354,0.5224396911141095,0.5981663827145005,0.6337087013308728,0.6953878231745344,0.7061232547713371,0.5386425499421161,0.3656966237160864,0.4951202355641213
202506101452,78,Adversary,Verbal_NonVerbal,0.5,1,2,1,1.0,0,-1,1,1,1,1,EN,,,,,,,,,0.0,1.0,0,0,1,733,0.5,0.5,0.5000756397634042,0.5775383741546919,0.6699357158843506,0.6884039196642101,0.6798423761888914,0.6730140767928058,0.6410585283835455,0.6628729022185337,0.6307583432870496
202506101452,79,Adversary,Verbal_NonVerbal,0.5,0,2,1,0.0,0,-1,1,1,0,0,EN,,,,,,,,,0.0,1.0,1,1,1,734,0.5,0.5,0.4993203080993116,0.458933913196592,0.3324020317963793,0.26299719447456404,0.27130622000374405,0.23319897911529938,0.2471329846008891,0.22589796816438437,0.24386455460610476
202506101452,80,Adversary,Verbal_NonVerbal,0.5,1,2,1,0.0,0,1,-1,1,1,0,EN,,,,,,,,,1.0,0.0,1,1,1,735,0.5,0.5,0.5000077288689561,0.476844669025916,0.4117119242033094,0.3708805284561405,0.4204875666870141,0.4023932192918373,0.39604692927452045,0.354619443547705,0.3132441016008667
202506101916,1,Adversary,Verbal_NonVerbal,0.5,0,2,1,0.0,0,-1,1,1,1,1,EN,,,,,,,,,0.0,1.0,1,1,1,736,0.5,0.5,0.500643448791451,0.5389215033523932,0.6258317906424888,0.6260804649374299,0.6288133886641225,0.6909727582471924,0.5757882129976952,0.38521908629924817,0.5218030221415954
202506101916,2,Adversary,Verbal_NonVerbal,0.5,1,2,1,0.0,0,1,-1,1,1,0,EN,,,,,,,,,1.0,0.0,1,1,1,737,0.5,0.5,0.5003332182925257,0.3641282146329927,0.2936318655471109,0.19707953708899723,0.22093147050805623,0.1739308196018532,0.34858189115181315,0.4373546085136822,0.44436056930570167
202506101916,3,Adversary,Verbal_NonVerbal,0.5,0,2,1,0.5,0,-1,1,1,0,0,EN,,,,,,,,,0.0,1.0,1,1,1,738,0.5,0.5,0.496472218177518,0.40973469913768484,0.32453401326831766,0.2881841713302157,0.2842488622866237,0.3203794027739268,0.51708052556733,0.5383280472180031,0.5454603064740212
202506101916,4,Adversary,Verbal_NonVerbal,0.5,1,2,1,0.5,0,1,-1,1,0,1,EN,,,,,,,,,1.0,0.0,1,1,1,739,0.5,0.5,0.49817997419963633,0.5198428647784684,0.5464415510275181,0.6383586820355628,0.6817344418285112,0.6173198325619853,0.5696785240487776,0.5857169952772961,0.5142926990951501
202506101916,5,Adversary,Verbal_NonVerbal,0.5,0,2,1,1.0,0,-1,1,1,1,1,EN,,,,,,,,,0.0,1.0,1,1,1,740,0.5,0.5,0.5098508887752335,0.5206040536939531,0.5987834866063552,0.6438441784332763,0.6260002004579618,0.5779059815747459,0.5113573359695824,0.439429500409916,0.44042683525308496
202506101916,6,Adversary,Verbal_NonVerbal,0.5,1,2,1,1.0,0,-1,1,1,0,0,EN,,,,,,,,,0.0,1.0,1,1,1,741,0.5,0.5,0.4942136193843736,0.4386416567059215,0.39013016790369404,0.3781846623477075,0.3901499655536379,0.39543307609538125,0.4063958988519991,0.41787644893770803,0.425615868707418
202506101916,7,Adversary,Verbal_NonVerbal,0.5,0,2,1,0.0,0,-1,1,1,0,0,EN,,,,,,,,,0.0,1.0,1,1,1,742,0.5,0.5,0.49932985584055545,0.4597440621868859,0.3633789828201498,0.3586821934890713,0.35099074878637093,0.30474249607010834,0.3307620141785671,0.3708643713432372,0.4005896463743423
202506101916,8,Adversary,Verbal_NonVerbal,0.5,1,2,1,0.0,0,1,-1,1,0,1,EN,,,,,,,,,1.0,0.0,1,1,1,743,0.5,0.5,0.500011787109114,0.5222422495072584,0.4897099891331222,0.4781546302083201,0.4791822693904685,0.5954043037613842,0.6423150201977782,0.6149735707117331,0.599645338420428
202506101916,9,Adversary,Verbal_NonVerbal,0.5,0,2,1,0.5,0,-1,1,1,0,0,EN,,,,,,,,,0.0,1.0,1,1,1,744,0.5,0.5,0.4964273150424516,0.4120698316278442,0.31904059213181774,0.3116093538696575,0.2639036183299699,0.24360923259104936,0.2549209994439159,0.27952317055561265,0.30190580764143804
202506101916,10,Adversary,Verbal_NonVerbal,0.5,1,2,1,0.5,0,1,-1,1,1,0,EN,,,,,,,,,1.0,0.0,1,1,1,745,0.5,0.5,0.5021504198903836,0.4158389006724831,0.3589303761657159,0.31614777192428106,0.4261269946677462,0.4280306533310573,0.5383446493341157,0.46114129932554926,0.4847300098162431
202506101916,11,Adversary,Verbal_NonVerbal,0.5,0,2,1,1.0,0,-1,1,1,1,1,EN,,,,,,,,,0.0,1.0,0,1,1,746,0.5,0.5,0.5098087709322944,0.5207423871535498,0.5626138591185672,0.5821430246465615,0.6170842521161279,0.6011625829943155,0.5130059455157153,0.5281955920695847,0.4501975847367725
202506101916,12,Adversary,Verbal_NonVerbal,0.5,1,2,1,1.0,0,-1,1,1,1,1,EN,,,,,,,,,0.0,1.0,0,1,1,747,0.5,0.5,0.5042629136854305,0.588016319634953,0.6778751769001555,0.7281450758696963,0.7146023737882582,0.6969018884132007,0.7469037426282972,0.7638015194505604,0.7625650743090757
202506101916,13,Adversary,Verbal_NonVerbal,0.5,0,2,1,0.0,0,-1,1,1,1,1,EN,,,,,,,,,0.0,1.0,1,0,1,748,0.5,0.5,0.5006522646838798,0.5380842528422444,0.625042224591455,0.6213366575295768,0.6384628406649645,0.6649432044120442,0.7009539827226949,0.7000925936268825,0.6670580958222873
202506101916,14,Adversary,Verbal_NonVerbal,0.5,1,2,1,0.0,0,1,-1,1,1,0,EN,,,,,,,,,1.0,0.0,1,1,1,749,0.5,0.5,0.500414185092836,0.4764734203568291,0.4595425816471678,0.29346132669158,0.18214155361377213,0.16582553242421308,0.24558451841094558,0.23236155346589343,0.21757756147506907
202506101916,15,Adversary,Verbal_NonVerbal,0.5,0,2,1,0.5,0,-1,1,1,0,0,EN,,,,,,,,,0.0,1.0,1,1,1,750,0.5,0.5,0.4964285749568571,0.41026778434533107,0.32607047333056316,0.3258186146133656,0.2639082198008671,0.23816798089965183,0.2506877257606249,0.303952029851532,0.3859458191588213
202506101916,17,Adversary,Verbal_NonVerbal,0.5,0,2,1,1.0,0,-1,1,1,0,0,EN,,,,,,,,,0.0,1.0,1,1,1,751,0.5,0.5,0.49000130674964537,0.40686809051955747,0.31156154228753985,0.262186359323063,0.25514069868000167,0.2921935903008714,0.28061896765816746,0.2953533983788831,0.28418506064691196
202506101916,18,Adversary,Verbal_NonVerbal,0.5,1,2,1,1.0,0,-1,1,1,1,1,EN,,,,,,,,,0.0,1.0,0,0,1,752,0.5,0.5,0.5052949091518419,0.5883066461101961,0.6301681340958428,0.6762542259755085,0.6282555663029287,0.5096374363743801,0.5118045354838006,0.6146252744970817,0.6443019245282977
202506101916,19,Adversary,Verbal_NonVerbal,0.5,0,2,1,0.0,0,-1,1,1,1,1,EN,,,,,,,,,0.0,1.0,1,1,1,753,0.5,0.5,0.5006508771919618,0.5014702371285561,0.5782747086379172,0.6671531066900542,0.6814340927531012,0.6744043918409798,0.6294417354795567,0.5598318051870552,0.4806939937287878
202506101916,20,Adversary,Verbal_NonVerbal,0.5,1,2,1,0.0,0,1,-1,1,1,0,EN,,,,,,,,,1.0,0.0,1,1,1,754,0.5,0.5,0.5003635130602361,0.41914452061936325,0.3687913976194573,0.38002965176590103,0.47467802976734647,0.3680704480603271,0.45697209942822,0.4382440516044322,0.4404756321505321
202506101916,21,Adversary,Verbal_NonVerbal,0.5,0,2,1,0.5,0,-1,1,1,0,0,EN,,,,,,,,,0.0,1.0,1,1,1,755,0.5,0.5,0.49641712459389487,0.4101594930157885,0.3174512410518444,0.27836163674958236,0.2782205242883384,0.32012674647317924,0.3462026999792239,0.398705373173984,0.39931369852566423
202506101916,22,Adversary,Verbal_NonVerbal,0.5,1,2,1,0.5,0,1,-1,1,0,1,EN,,,,,,,,,1.0,0.0,1,1,1,756,0.5,0.5,0.49843497758327987,0.6407530339627127,0.7366564513993585,0.7407347429534429,0.5524076348598086,0.6718677667121956,0.565209686639967,0.5393736415104348,0.5148914348395355
202506101916,23,Adversary,Verbal_NonVerbal,0.5,0,2,1,1.0,0,-1,1,1,0,0,EN,,,,,,,,,0.0,1.0,1,1,1,757,0.5,0.5,0.4898695224251167,0.4803220985079324,0.40407988028154035,0.32669570197755404,0.26830260693847496,0.27445741963685877,0.21587951535710984,0.40880388741650314,0.6105249496264726
202506101916,24,Adversary,Verbal_NonVerbal,0.5,1,2,1,1.0,0,-1,1,1,1,1,EN,,,,,,,,,0.0,1.0,1,0,1,758,0.5,0.5,0.5056633764919635,0.5887000245410338,0.6267876782275545,0.6628117335570836,0.665892639734782,0.6660117084655265,0.6659139373219255,0.6593701066666549,0.6382178200121631
202506101916,26,Adversary,Verbal_NonVerbal,0.5,1,2,1,0.0,0,1,-1,1,1,0,EN,,,,,,,,,1.0,0.0,0,1,1,759,0.5,0.5,0.5003670338442698,0.47660547966690997,0.4173379013928391,0.3777096944074879,0.45649147487500913,0.44456772688393703,0.3900611928534019,0.437053806096572,0.5288757294666812
202506101916,27,Adversary,Verbal_NonVerbal,0.5,0,2,1,0.5,0,-1,1,1,0,0,EN,,,,,,,,,0.0,1.0,1,1,1,760,0.5,0.5,0.4964382035093073,0.4926927996173703,0.416163378315994,0.35691298069119304,0.36537861834010765,0.4094256776770069,0.4761308823776687,0.5523910504262579,0.5542576776327557
202506101916,28,Adversary,Verbal_NonVerbal,0.5,1,2,1,0.5,0,1,-1,1,0,1,EN,,,,,,,,,1.0,0.0,1,1,1,761,0.5,0.5,0.49798513983859455,0.6385820091630708,0.8189246664017592,0.6717341112726852,0.6971368596997336,0.8026668949350074,0.8656140450359479,0.6824771523896828,0.6128994042683906
202506101916,29,Adversary,Verbal_NonVerbal,0.5,0,2,1,1.0,0,-1,1,1,0,0,EN,,,,,,,,,0.0,1.0,1,1,1,762,0.5,0.5,0.48987109363361886,0.4082572672573638,0.30944478820052024,0.28377642933875885,0.2537640920571355,0.25386492640394076,0.2618779600806099,0.27944759607989605,0.253299295551862
202506101916,30,Adversary,Verbal_NonVerbal,0.5,1,2,1,1.0,0,-1,1,1,1,1,EN,,,,,,,,,0.0,1.0,1,0,1,763,0.5,0.5,0.5055628131954563,0.5885967276276959,0.6459066759960794,0.6526831459020602,0.6464668590090382,0.6169876027729242,0.5705932819381067,0.5716461036486307,0.5813974390414685
202506101916,31,Adversary,Verbal_NonVerbal,0.5,0,2,1,0.0,0,0,0,1,1,-1,EN,,,,,,,,,0.0,0.0,1,0,1,764,0.5,0.5,0.5006483771306587,0.501480016513993,0.5436031054247523,0.5653068836913453,0.648930769003044,0.5182345719427695,0.3589037441985652,0.4849900361683673,0.5048338779734324
202506101916,32,Adversary,Verbal_NonVerbal,0.5,1,2,1,0.0,0,1,-1,1,1,0,EN,,,,,,,,,1.0,0.0,1,1,1,765,0.5,0.5,0.5003432970806835,0.3618813879394198,0.3045139413382692,0.13892626276871894,0.051991547841941994,0.1370924299514351,0.13786208141858738,0.1632618896505596,0.19703917053181055
202506101916,34,Adversary,Verbal_NonVerbal,0.5,1,2,1,0.5,0,1,-1,1,0,1,EN,,,,,,,,,1.0,0.0,1,1,1,766,0.5,0.5,0.4979785156650408,0.6421076255807617,0.7990873711724978,0.897582845115211,0.778078047177715,0.5971426994000886,0.5898534828409256,0.5403907120924561,0.5313953458881843
202506101916,35,Adversary,Verbal_NonVerbal,0.5,0,2,1,1.0,0,-1,1,1,0,0,EN,,,,,,,,,0.0,1.0,1,1,1,767,0.5,0.5,0.4898603038413493,0.4803077600812984,0.3874109101622279,0.3602939789251235,0.33084040105027923,0.3164366230770944,0.30995535319869344,0.29398383003808704,0.26887246410592436
202506101916,36,Adversary,Verbal_NonVerbal,0.5,1,2,1,1.0,0,-1,1,1,1,1,EN,,,,,,,,,0.0,1.0,0,0,1,768,0.5,0.5,0.5052455960819546,0.5895250773087418,0.6475885337042643,0.6509367484873463,0.6878621338905783,0.7352961190994429,0.5568862106157157,0.612195847566051,0.6559573249052862
202506101916,37,Adversary,Verbal_NonVerbal,0.5,0,2,1,0.0,0,-1,1,1,0,0,EN,,,,,,,,,0.0,1.0,1,1,1,769,0.5,0.5,0.49933679179785506,0.49861311581413476,0.45924068459742984,0.43556395218860067,0.40290479064122187,0.340477194207193,0.3462185569425007,0.37302833754258924,0.48802455979938086
202506101916,38,Adversary,Verbal_NonVerbal,0.5,1,2,1,0.0,0,0,0,1,0,-1,EN,,,,,,,,,0.0,0.0,1,1,1,770,0.5,0.5,0.49962732001995785,0.5780237776483371,0.62816138389001,0.6850527039801904,0.6839980067822024,0.6555631664452023,0.4928632281026771,0.4097995743202425,0.4829143898222491
202506101916,39,Adversary,Verbal_NonVerbal,0.5,0,2,1,0.5,0,-1,1,1,0,0,EN,,,,,,,,,0.0,1.0,1,1,1,771,0.5,0.5,0.4964074152081788,0.41038230798273784,0.33743234206437583,0.321446544190252,0.3331615638011673,0.3016406802379005,0.2925660270229828,0.24683271286071345,0.23804573507858257
202506101916,41,Adversary,Verbal_NonVerbal,0.5,0,2,1,1.0,0,-1,1,1,1,1,EN,,,,,,,,,0.0,1.0,1,1,1,772,0.5,0.5,0.5098282286038052,0.5207420681506316,0.5797483258560597,0.6246456921851103,0.6342992961404996,0.6342365774693954,0.6335221051029477,0.6105886456358183,0.64557549948166
202506101916,42,Adversary,Verbal_NonVerbal,0.5,1,2,1,1.0,0,-1,1,1,1,1,EN,,,,,,,,,0.0,1.0,1,1,1,773,0.5,0.5,0.5059480747089052,0.5156004973893825,0.6075252868979465,0.656975512119347,0.6566803526458289,0.5888475673785984,0.6223002190001298,0.672940710690627,0.7214777972197323
202506101916,43,Adversary,Verbal_NonVerbal,0.5,0,2,1,0.0,0,-1,1,1,1,1,EN,,,,,,,,,0.0,1.0,1,1,1,774,0.5,0.5,0.5006526162704938,0.5383974766105688,0.6565717293937365,0.6910291325113778,0.676783721283002,0.6238035848680719,0.618789264948028,0.515674441188795,0.42607854068956763
202506101916,44,Adversary,Verbal_NonVerbal,0.5,1,2,1,0.0,0,1,-1,1,1,0,EN,,,,,,,,,1.0,0.0,1,1,1,775,0.5,0.5,0.5003472909690279,0.47659452703680877,0.4151447113128645,0.3579947393656759,0.37066439306118815,0.4248943850166002,0.5120348917851428,0.4437221968780699,0.47858930013885537
202506101916,45,Adversary,Verbal_NonVerbal,0.5,0,2,1,0.5,0,-1,1,1,1,1,EN,,,,,,,,,0.0,1.0,1,0,1,776,0.5,0.5,0.5034918685558032,0.5883841802089057,0.6878514264334137,0.6927997266992133,0.697024584732668,0.7209747498577418,0.6991574812152619,0.6437489327590291,0.5656439585018953
202506101916,46,Adversary,Verbal_NonVerbal,0.5,1,2,1,0.5,0,1,-1,1,0,1,EN,,,,,,,,,1.0,0.0,1,1,1,777,0.5,0.5,0.498264079512371,0.513570008041392,0.5783504774941364,0.6185942055711579,0.5308204630343368,0.6266063970326862,0.7025745171367044,0.5275390568939918,0.5567628157499555
202506101916,47,Adversary,Verbal_NonVerbal,0.5,0,2,1,1.0,0,-1,1,1,1,1,EN,,,,,,,,,0.0,1.0,1,1,1,778,0.5,0.5,0.5099765597399585,0.5946044232067663,0.6877443125001258,0.730732652315698,0.7446298289413479,0.5612367986944705,0.3766791623254471,0.5217948282195425,0.5216588738780064
202506101916,48,Adversary,Verbal_NonVerbal,0.5,1,2,1,1.0,0,0,0,1,0,-1,EN,,,,,,,,,0.0,0.0,1,1,1,779,0.5,0.5,0.4942758337509271,0.4858328961772963,0.4887069676701016,0.4438396331203558,0.3548616892076092,0.457594526592317,0.6752668235004561,0.5663923335592029,0.45039286556112523
202506101916,49,Adversary,Verbal_NonVerbal,0.5,0,2,1,0.0,0,-1,1,1,0,0,EN,,,,,,,,,0.0,1.0,1,1,1,780,0.5,0.5,0.49933648706538736,0.4986312755245186,0.4169777757935828,0.3142841243773764,0.3037741197007936,0.25047051561122086,0.48484545999870005,0.38381775820225245,0.3651374338699321
202506101916,50,Adversary,Verbal_NonVerbal,0.5,1,2,1,0.0,0,-1,1,1,1,1,EN,,,,,,,,,0.0,1.0,1,1,1,781,0.5,0.5,0.5000696402913426,0.4653511217703257,0.43819930129439266,0.41327072471310694,0.41277006514125114,0.48191458734505804,0.5535369837301046,0.6423337622201918,0.6997181388643148
202506101916,51,Adversary,Verbal_NonVerbal,0.5,0,2,1,0.5,0,-1,1,1,1,1,EN,,,,,,,,,0.0,1.0,1,0,1,782,0.5,0.5,0.5035282426629064,0.5078211471980681,0.5854845844905048,0.6577565148598032,0.666982221959944,0.638256601478852,0.5807236057941713,0.5072941633590522,0.5467507179167933
202506101916,52,Adversary,Verbal_NonVerbal,0.5,1,2,1,0.5,0,0,0,1,0,-1,EN,,,,,,,,,0.0,0.0,1,1,1,783,0.5,0.5,0.4980521390204937,0.519939983042908,0.5459865480254608,0.6419850561342026,0.5284013532080142,0.515364284701686,0.5060908777881501,0.43836084671775,0.46049070080825016
202506101916,53,Adversary,Verbal_NonVerbal,0.5,0,2,1,1.0,0,-1,1,1,0,0,EN,,,,,,,,,0.0,1.0,1,1,1,784,0.5,0.5,0.49008021155275366,0.4076288982371133,0.31217465519039883,0.3015290694296622,0.266660471794662,0.25262102635302375,0.22181450862692287,0.2205542229459472,0.21982407259991033
202506101916,54,Adversary,Verbal_NonVerbal,0.5,1,2,1,1.0,0,-1,1,1,1,1,EN,,,,,,,,,0.0,1.0,0,0,1,785,0.5,0.5,0.5057119927503972,0.5911738575256777,0.6673302173481932,0.7159050673787286,0.7646555974379295,0.7938234262440556,0.8120976528120888,0.7939802326268806,0.772347681786071
202506101916,55,Adversary,Verbal_NonVerbal,0.5,0,2,1,0.0,0,-1,1,1,1,1,EN,,,,,,,,,0.0,1.0,1,1,1,786,0.5,0.5,0.5006534805083179,0.5014886611951617,0.5811264638123821,0.6223963804054607,0.6407498365672375,0.6950131549429722,0.7095206052269695,0.7093107703421183,0.701496017837641
202506101916,56,Adversary,Verbal_NonVerbal,0.5,1,2,1,0.0,0,-1,1,1,1,1,EN,,,,,,,,,0.0,1.0,1,0,1,787,0.5,0.5,0.5003461918534274,0.47659568688914133,0.41539020417746547,0.37455176097691634,0.42120128032772525,0.5210790945748649,0.708679414040085,0.7063471277573682,0.6887636203002901
202506101916,57,Adversary,Verbal_NonVerbal,0.5,0,2,1,0.5,0,0,0,1,0,-1,EN,,,,,,,,,0.0,0.0,1,1,1,788,0.5,0.5,0.49642958665379583,0.4927145819167807,0.412694006238018,0.3585329612730673,0.3760984801671176,0.5188589803911168,0.4751978994534656,0.5147364863546174,0.6481844223429364
202506101916,58,Adversary,Verbal_NonVerbal,0.5,1,2,1,0.5,0,1,-1,1,1,0,EN,,,,,,,,,1.0,0.0,1,0,1,789,0.5,0.5,0.5017730845055928,0.47409784760703877,0.4515876156822119,0.4223263766201062,0.4728547007916585,0.564436321937689,0.503723362181802,0.482228427564655,0.36384886125593363
202506101916,59,Adversary,Verbal_NonVerbal,0.5,0,2,1,1.0,0,-1,1,1,0,0,EN,,,,,,,,,0.0,1.0,1,1,1,790,0.5,0.5,0.489966030620108,0.48023990122913224,0.3994609482732703,0.3136838603146169,0.2992285835324027,0.288552797509128,0.27532961267788836,0.4451558583794528,0.6244272722840357
202506101916,60,Adversary,Verbal_NonVerbal,0.5,1,2,1,1.0,0,-1,1,1,1,1,EN,,,,,,,,,0.0,1.0,1,0,1,791,0.5,0.5,0.5053094634325664,0.5146743557125455,0.6085922216171911,0.6530461304309909,0.6463527166821101,0.6629756646560726,0.654667594369023,0.7130013323068394,0.716077330990562
202506101916,61,Adversary,Verbal_NonVerbal,0.5,0,2,1,0.0,0,-1,1,1,1,1,EN,,,,,,,,,0.0,1.0,0,1,1,792,0.5,0.5,0.5006629045493842,0.5379180545243538,0.635658306267416,0.6316568930112721,0.7160180641624085,0.7302240248984961,0.7195481956198029,0.7070280016078788,0.7192654733203014
202506101916,62,Adversary,Verbal_NonVerbal,0.5,1,2,1,0.0,0,-1,1,1,1,1,EN,,,,,,,,,0.0,1.0,0,0,1,793,0.5,0.5,0.5003726230762665,0.4585059236238979,0.42901582631420043,0.3770245760394032,0.4445875262759704,0.4596353862849338,0.5341934889749784,0.5653162255690609,0.6252252610758299
202506101916,63,Adversary,Verbal_NonVerbal,0.5,0,2,1,0.5,0,-1,1,1,1,1,EN,,,,,,,,,0.0,1.0,1,0,1,794,0.5,0.5,0.5034823018076706,0.5882350464943532,0.6849632577176871,0.6920892099431284,0.6896019830269593,0.6987470914778253,0.7180043495469612,0.7178165004704861,0.7527360807814127
202506101916,64,Adversary,Verbal_NonVerbal,0.5,1,2,1,0.5,0,1,-1,1,0,1,EN,,,,,,,,,1.0,0.0,1,1,1,795,0.5,0.5,0.5000466556369928,0.5221499452197598,0.6242374596362393,0.6343721307634707,0.5283780693616564,0.6505538820708212,0.5302017888126209,0.5450555611172648,0.5159155622140028
202506101916,65,Adversary,Verbal_NonVerbal,0.5,0,2,1,1.0,0,-1,1,1,1,1,EN,,,,,,,,,0.0,1.0,1,1,1,796,0.5,0.5,0.5099136757409481,0.5924856010049722,0.6912761254301287,0.7225892053201282,0.7167201109120164,0.753548151604494,0.7531253271107392,0.7267276391950004,0.6690011650384399
202506101916,66,Adversary,Verbal_NonVerbal,0.5,1,2,1,1.0,0,1,-1,1,1,0,EN,,,,,,,,,1.0,0.0,1,1,1,797,0.5,0.5,0.5057211127158266,0.5217863526194075,0.5442614649920687,0.5782629346745338,0.5733937097604308,0.507104735053377,0.4627108403952068,0.4789795253689623,0.47778438368246823
202506101916,67,Adversary,Verbal_NonVerbal,0.5,0,2,1,0.0,0,1,-1,1,1,0,EN,,,,,,,,,1.0,0.0,1,1,1,798,0.5,0.5,0.5006560921584119,0.5389952137884033,0.6477772418599372,0.6889833489959533,0.6891884121223847,0.6548692795780606,0.46926606244984714,0.4468090777085233,0.45361857908878467
202506101916,68,Adversary,Verbal_NonVerbal,0.5,1,2,1,0.0,0,1,-1,1,0,1,EN,,,,,,,,,1.0,0.0,1,1,1,799,0.5,0.5,0.49962733816363786,0.6431189550926298,0.8309443780270378,0.9190522286327031,0.708755652267096,0.6699769061612376,0.5553415195873634,0.5338520280249758,0.4992114398452863
202506101916,69,Adversary,Verbal_NonVerbal,0.5,0,2,1,0.5,0,-1,1,1,0,0,EN,,,,,,,,,0.0,1.0,1,1,1,800,0.5,0.5,0.4964486590085112,0.41099064188929735,0.3073084572750391,0.26791049188248184,0.4391699556046161,0.617639146411909,0.5733180277176263,0.4696099455808853,0.43708434760016285
202506101916,70,Adversary,Verbal_NonVerbal,0.5,1,2,1,0.5,0,1,-1,1,1,0,EN,,,,,,,,,1.0,0.0,1,1,1,801,0.5,0.5,0.5019562393733333,0.3635240375829586,0.2829348163301584,0.237556960795387,0.24089369177303824,0.4225303165585395,0.45269290283204755,0.47499142720866255,0.48507168668825484
202506101916,71,Adversary,Verbal_NonVerbal,0.5,0,2,1,1.0,0,-1,1,1,0,0,EN,,,,,,,,,0.0,1.0,1,1,1,802,0.5,0.5,0.4899003171653722,0.480267946744493,0.4084750274578311,0.34474734519926825,0.33372679686838375,0.3454860250460715,0.3680745074902729,0.2864398518142822,0.2696938182173525
202506101916,72,Adversary,Verbal_NonVerbal,0.5,1,2,1,1.0,0,-1,1,1,1,1,EN,,,,,,,,,0.0,1.0,1,0,1,803,0.5,0.5,0.5051644840383543,0.5851631576809091,0.6189786061375352,0.6680332693147233,0.6687099058882499,0.6687048856798168,0.5013420041621577,0.5013382669521318,0.48899860813810336
202506101916,73,Adversary,Verbal_NonVerbal,0.5,0,2,1,0.0,0,-1,1,1,0,0,EN,,,,,,,,,0.0,1.0,1,1,1,804,0.5,0.5,0.4993291705928804,0.45785985801282597,0.35187235449369253,0.3346715682539407,0.28846203477712345,0.26721245674270855,0.4440012733693395,0.4554742595640308,0.41156557710526526
202506101916,74,Adversary,Verbal_NonVerbal,0.5,1,2,1,0.0,0,1,-1,1,0,1,EN,,,,,,,,,1.0,0.0,1,1,1,805,0.5,0.5,0.49962244163003783,0.5214327797080917,0.5385282013524072,0.6859346401166203,0.7264892294377251,0.5484703802938549,0.5398791750177404,0.5289328612267735,0.534746578991896
202506101916,75,Adversary,Verbal_NonVerbal,0.5,0,2,1,0.5,0,-1,1,1,1,1,EN,,,,,,,,,0.0,1.0,1,1,1,806,0.5,0.5,0.5034611623341436,0.5872315583406088,0.6786828477584871,0.687378222137693,0.6893353183091646,0.7259266404887155,0.7550491610495815,0.7513208550349707,0.726039356204589
202506101916,76,Adversary,Verbal_NonVerbal,0.5,1,2,1,0.5,0,1,-1,1,1,0,EN,,,,,,,,,1.0,0.0,1,0,1,807,0.5,0.5,0.5020976841065773,0.3690609995920265,0.2955215121581683,0.3548326450203387,0.40351165510002035,0.4282293745145816,0.4752824025202569,0.45382759411776274,0.5038356594393246
202506101916,77,Adversary,Verbal_NonVerbal,0.5,0,2,1,1.0,0,-1,1,1,0,0,EN,,,,,,,,,0.0,1.0,1,1,1,808,0.5,0.5,0.4901310996566832,0.4804628954422737,0.391031238598995,0.3188099942707972,0.30957660861385855,0.3403996707066358,0.34543972768192527,0.44189353396699915,0.5358451416084258
202506101916,78,Adversary,Verbal_NonVerbal,0.5,1,2,1,1.0,0,-1,1,1,1,1,EN,,,,,,,,,0.0,1.0,1,0,1,809,0.5,0.5,0.5052712408136725,0.5145784193624016,0.5758435498627372,0.5460273391866897,0.6008714138550012,0.680648555488762,0.5130171115819447,0.40914628329335867,0.4096375784694145
202506101916,79,Adversary,Verbal_NonVerbal,0.5,0,2,1,0.0,0,-1,1,1,1,1,EN,,,,,,,,,0.0,1.0,1,0,1,810,0.5,0.5,0.5006531063015391,0.5014868613702281,0.5805264593039966,0.6461777409181882,0.5089502311978946,0.3541049851614064,0.4891507916537508,0.5131202021874783,0.5181259998952278
202506101916,80,Adversary,Verbal_NonVerbal,0.5,1,2,1,0.0,0,1,-1,1,0,1,EN,,,,,,,,,1.0,0.0,0,1,1,811,0.5,0.5,0.4996298227410528,0.6433884109293111,0.8519174383486583,0.9485782188664589,0.781543359436884,0.8481906597065257,0.8693457071123666,0.8715841222219449,0.8731651352101547
202506101916,81,Adversary,Verbal_NonVerbal,0.5,0,2,1,0.5,0,-1,1,1,1,1,EN,,,,,,,,,0.0,1.0,1,1,1,812,0.5,0.5,0.5034760545061572,0.507777790216118,0.5852565447481733,0.6229208581422129,0.6400271119119071,0.6540951331529117,0.6870231164456108,0.5253768874740443,0.3596738663123535
202506101916,82,Adversary,Verbal_NonVerbal,0.5,1,2,1,0.5,0,-1,1,1,1,1,EN,,,,,,,,,0.0,1.0,1,1,1,813,0.5,0.5,0.5010176336279325,0.4779935673605421,0.4551159794399553,0.4052110985979922,0.41521618953614503,0.5359325121075071,0.6207342957253494,0.6331416917518009,0.6342225950393078
202506101916,83,Adversary,Verbal_NonVerbal,0.5,0,2,1,1.0,0,-1,1,1,0,0,EN,,,,,,,,,0.0,1.0,1,1,1,814,0.5,0.5,0.4899380434566887,0.480394242066428,0.38740876266962665,0.349700191314371,0.2931893661809683,0.2912202324697392,0.43598652360827356,0.48848113718811026,0.38966110263546727
202506101916,84,Adversary,Verbal_NonVerbal,0.5,1,2,1,1.0,0,0,0,1,0,-1,EN,,,,,,,,,0.0,0.0,1,1,1,815,0.5,0.5,0.4984437211674115,0.4100021869833241,0.31083742907760514,0.36483880411195607,0.2964859382797686,0.3086613865111966,0.46221315178682065,0.5456643802856902,0.5674244377481565
202506101916,85,Adversary,Verbal_NonVerbal,0.5,0,2,1,0.0,0,-1,1,1,1,1,EN,,,,,,,,,0.0,1.0,1,0,1,816,0.5,0.5,0.5006472952663313,0.5381352295482765,0.6561169919330834,0.6648347466181695,0.7172379521815068,0.5527623586031364,0.4903379401416163,0.5020135011398773,0.5133399680422414
202506101916,86,Adversary,Verbal_NonVerbal,0.5,1,2,1,0.0,0,1,-1,1,1,0,EN,,,,,,,,,1.0,0.0,1,1,1,817,0.5,0.5,0.5003578365046555,0.48394921470152696,0.4344101963720903,0.3919306508834476,0.3929522637743855,0.4179813262857844,0.4571355293140063,0.45916775640933366,0.471046648916605
202506101916,87,Adversary,Verbal_NonVerbal,0.5,0,2,1,0.5,0,0,0,1,0,-1,EN,,,,,,,,,0.0,0.0,1,1,1,818,0.5,0.5,0.49645395047624113,0.4927141434405216,0.4335875543163643,0.4049024724696381,0.33667837396255823,0.32665750750813394,0.3578681072034039,0.4190300248085737,0.4975752017033066
202506101916,88,Adversary,Verbal_NonVerbal,0.5,1,2,1,0.5,0,-1,1,1,1,1,EN,,,,,,,,,0.0,1.0,0,0,1,819,0.5,0.5,0.5018996861411708,0.3679143661103051,0.2923409645120469,0.35786556116359997,0.38672887555051966,0.44339502158109934,0.5566670495521615,0.6754036958738344,0.7476704204299153
202506101916,90,Adversary,Verbal_NonVerbal,0.5,1,2,1,1.0,0,1,-1,1,0,1,EN,,,,,,,,,1.0,0.0,1,1,1,820,0.5,0.5,0.4942153245419144,0.4082527856785651,0.37104462172250624,0.45848030011788565,0.5968988610934849,0.6052133930879773,0.6712135482254582,0.5479953723616897,0.5724661898567998
202506101916,91,Adversary,Verbal_NonVerbal,0.5,0,2,1,0.0,0,-1,1,1,0,0,EN,,,,,,,,,0.0,1.0,1,1,1,821,0.5,0.5,0.4993377399264951,0.4576639588961834,0.32991527175275864,0.3079215551585107,0.2794459306531293,0.2589879089506626,0.22109897877691853,0.24446242247717936,0.2205274374362981
202506101916,92,Adversary,Verbal_NonVerbal,0.5,1,2,1,0.0,0,1,-1,1,0,1,EN,,,,,,,,,1.0,0.0,0,1,1,822,0.5,0.5,0.49961264562023067,0.5217450312151146,0.5382845585696484,0.733041352968358,0.6560279735744744,0.7769453919590806,0.7246387942549278,0.7545996284211738,0.7460026820384291
202506101916,93,Adversary,Verbal_NonVerbal,0.5,0,2,1,0.5,0,-1,1,1,1,1,EN,,,,,,,,,0.0,1.0,0,1,1,823,0.5,0.5,0.5034469340664808,0.5865482527893215,0.6748103758538085,0.6726492600186871,0.7148654305460832,0.5468715425018006,0.3729458150319328,0.5153579574240694,0.5274884180315978
202506101916,94,Adversary,Verbal_NonVerbal,0.5,1,2,1,0.5,0,1,-1,1,0,1,EN,,,,,,,,,1.0,0.0,1,1,1,824,0.5,0.5,0.49915091582314863,0.5128414085736298,0.5293733141915854,0.6852347225724934,0.6022763748687917,0.5651535029114265,0.580695393966852,0.5685623885946284,0.5173951371687872
202506101916,95,Adversary,Verbal_NonVerbal,0.5,0,2,1,1.0,0,-1,1,1,0,0,EN,,,,,,,,,0.0,1.0,1,1,1,825,0.5,0.5,0.48988007116770454,0.48024080708730443,0.43349259582012073,0.4117390008475016,0.3903084652392378,0.3240813520355755,0.4684384876689255,0.6360105800663594,0.5831854139787761
202506101916,96,Adversary,Verbal_NonVerbal,0.5,1,2,1,1.0,0,1,-1,1,1,0,EN,,,,,,,,,1.0,0.0,1,1,1,826,0.5,0.5,0.5052358375737176,0.5882284257711317,0.6259723227198917,0.6134688302647222,0.563768055962719,0.4210943889223315,0.44576116932537024,0.4861373374018932,0.49683568829466224
202506101916,97,Adversary,Verbal_NonVerbal,0.5,0,2,1,0.0,0,-1,1,1,1,1,EN,,,,,,,,,0.0,1.0,1,0,1,827,0.5,0.5,0.5006585293893239,0.53809661387716,0.6547899957970021,0.7002762495312951,0.6968293908793863,0.6582116077788555,0.5898419096984577,0.5102563981130793,0.4332094616340391
202506101916,98,Adversary,Verbal_NonVerbal,0.5,1,2,1,0.0,0,1,-1,1,0,1,EN,,,,,,,,,1.0,0.0,1,1,1,828,0.5,0.5,0.4996214311336154,0.6434648579227108,0.8451812765297202,0.8917182127773349,0.7292056348229438,0.6098846914433894,0.5464340956934454,0.5604706407336199,0.539652583717976
202506101916,99,Adversary,Verbal_NonVerbal,0.5,0,2,1,0.5,0,-1,1,1,1,1,EN,,,,,,,,,0.0,1.0,1,0,1,829,0.5,0.5,0.5034743173129758,0.5887405704506118,0.6740076576103456,0.7007768480054571,0.6932350885515557,0.6488853018293025,0.5802995241338661,0.5014845540444816,0.5514246251990051
202506101916,100,Adversary,Verbal_NonVerbal,0.5,1,2,1,0.5,0,-1,1,1,1,1,EN,,,,,,,,,0.0,1.0,1,1,1,830,0.5,0.5,0.5019005583798777,0.4778397815438307,0.4548678258646846,0.38719705080249767,0.4225545093687376,0.5357020469900364,0.6412262908977551,0.6915313610522876,0.6939925704545729
202506101916,101,Adversary,Verbal_NonVerbal,0.5,0,2,1,1.0,0,-1,1,1,0,0,EN,,,,,,,,,0.0,1.0,1,1,1,831,0.5,0.5,0.4899535535665309,0.4052142897140182,0.31042725898505164,0.2818532599605012,0.30271249702344916,0.33285000567259787,0.3421371957851551,0.2989363905378401,0.26086449210158413
202506101916,102,Adversary,Verbal_NonVerbal,0.5,1,2,1,1.0,0,0,0,1,0,-1,EN,,,,,,,,,0.0,0.0,1,1,1,832,0.5,0.5,0.49463856488890645,0.40912848047471584,0.30768346791692136,0.2822127025760476,0.2842407133964843,0.28710390122106577,0.5274021447639311,0.6441704019452597,0.7587267420408943
202506101916,103,Adversary,Verbal_NonVerbal,0.5,0,2,1,0.0,0,-1,1,1,1,1,EN,,,,,,,,,0.0,1.0,1,1,1,833,0.5,0.5,0.5006577376780577,0.5386774179875188,0.6442577773391265,0.6833873970130008,0.6835246235268221,0.6483170002372364,0.5837542855031884,0.5062267114812773,0.4292368267230983
202506101916,104,Adversary,Verbal_NonVerbal,0.5,1,2,1,0.0,0,1,-1,1,1,0,EN,,,,,,,,,1.0,0.0,1,0,1,834,0.5,0.5,0.5003574309745109,0.4765157412655904,0.4178030523987712,0.3744602565483503,0.3855751960750583,0.49686867626823794,0.49886564771126385,0.365174484557658,0.3910388701452401
202506101916,105,Adversary,Verbal_NonVerbal,0.5,0,2,1,0.5,0,-1,1,1,0,0,EN,,,,,,,,,0.0,1.0,1,1,1,835,0.5,0.5,0.49641507381863015,0.49267003502341467,0.4237591590173279,0.36520235736123496,0.36599296376182444,0.4038167031681529,0.3910634300604498,0.43538336676990974,0.43571528386225766
202506101916,106,Adversary,Verbal_NonVerbal,0.5,1,2,1,0.5,0,1,-1,1,1,0,EN,,,,,,,,,1.0,0.0,1,1,1,836,0.5,0.5,0.5020510442713393,0.4779692378343536,0.4662380434371587,0.4785479642927599,0.40904176059960723,0.5081483148513949,0.5467146094853738,0.4356791136428611,0.31928832867485196
202506101916,107,Adversary,Verbal_NonVerbal,0.5,0,2,1,1.0,0,-1,1,1,0,0,EN,,,,,,,,,0.0,1.0,1,1,1,837,0.5,0.5,0.48993655083237075,0.4049517862776712,0.3141197762565727,0.2926646351084546,0.3205368366572618,0.3804790497680638,0.579732211864112,0.5029264301696595,0.42571941827813026
202506101916,108,Adversary,Verbal_NonVerbal,0.5,1,2,1,1.0,0,-1,1,1,1,1,EN,,,,,,,,,0.0,1.0,1,0,1,838,0.5,0.5,0.500161309745533,0.5866368834599169,0.6890452687614033,0.7112899049151189,0.7137169995791818,0.6731973798490614,0.6137632227343409,0.6016488637863043,0.531963657846264
202506101916,109,Adversary,Verbal_NonVerbal,0.5,0,2,1,0.0,0,-1,1,1,1,1,EN,,,,,,,,,0.0,1.0,1,1,1,839,0.5,0.5,0.500662536877227,0.5014921582993467,0.5611802677851028,0.5902350625245264,0.6247171178634825,0.6595641401915735,0.5298023579062502,0.45707256104718713,0.39893233658680927
202506101916,110,Adversary,Verbal_NonVerbal,0.5,1,2,1,0.0,0,1,-1,1,0,1,EN,,,,,,,,,1.0,0.0,0,1,1,840,0.5,0.5,0.49962794967640145,0.5213891532855657,0.5368889083266047,0.6119815309325747,0.5723102382530311,0.7794822231819647,0.6887351356273352,0.5881912614060738,0.7288280559378411
202506101916,111,Adversary,Verbal_NonVerbal,0.5,0,2,1,0.5,0,1,-1,1,0,1,EN,,,,,,,,,1.0,0.0,1,1,1,841,0.5,0.5,0.49648853306239465,0.4114130711736175,0.32160354027887256,0.28846592710541186,0.4506594910369228,0.6266984589204452,0.6222221777054363,0.6521639209734958,0.5088820987736757
202506101916,112,Adversary,Verbal_NonVerbal,0.5,1,2,1,0.5,0,1,-1,1,1,0,EN,,,,,,,,,1.0,0.0,1,1,1,842,0.5,0.5,0.5019504006498218,0.41942541392052807,0.36277676752918575,0.19270130406701838,0.22571229069991933,0.27295262997153275,0.33464128388397596,0.4148467251908941,0.4768808195057261
202506101916,113,Adversary,Verbal_NonVerbal,0.5,0,2,1,1.0,0,-1,1,1,1,1,EN,,,,,,,,,0.0,1.0,1,0,1,843,0.5,0.5,0.5098544472841523,0.5932554161162614,0.6741090194497842,0.6699091055710519,0.712070492522766,0.7086444264256606,0.6699505449437306,0.6043448620809688,0.5242474314556158
202506101916,114,Adversary,Verbal_NonVerbal,0.5,1,2,1,1.0,0,-1,1,1,1,1,EN,,,,,,,,,0.0,1.0,1,0,1,844,0.5,0.5,0.5001779868419821,0.586362041324898,0.6703930446724977,0.6947340314394813,0.6921883606744965,0.6632261283465448,0.8213340107153546,0.8022699711417035,0.7825494920910905
202506101916,115,Adversary,Verbal_NonVerbal,0.5,0,2,1,0.0,0,0,0,1,1,-1,EN,,,,,,,,,0.0,0.0,1,1,1,845,0.5,0.5,0.5006525589382894,0.5382372935598648,0.6376366917484211,0.646979268761704,0.696463756051902,0.544022166107893,0.372351626646156,0.5152650131234273,0.5090922188264758
202506101916,116,Adversary,Verbal_NonVerbal,0.5,1,2,1,0.0,0,0,0,1,1,-1,EN,,,,,,,,,0.0,0.0,1,0,1,846,0.5,0.5,0.5003379682447474,0.4199575704270783,0.36914481931409376,0.33601220318931896,0.4211661245948229,0.41525435048651327,0.49958725981595303,0.5857076675630607,0.6547485909904956
202506101916,117,Adversary,Verbal_NonVerbal,0.5,0,2,1,0.5,0,-1,1,1,0,0,EN,,,,,,,,,0.0,1.0,1,1,1,847,0.5,0.5,0.49643544835222997,0.49269437241754127,0.4124931683111673,0.3460124828024371,0.3385674758063958,0.34915090925398695,0.515002485891357,0.5415889895430461,0.5503994679258856
202506101916,118,Adversary,Verbal_NonVerbal,0.5,1,2,1,0.5,0,-1,1,1,0,0,EN,,,,,,,,,0.0,1.0,1,1,1,848,0.5,0.5,0.49800004100556583,0.51996543001161,0.5898271816603327,0.6299737416944747,0.5094506243243058,0.4555750616181585,0.5057502911667475,0.4307624781792017,0.32743877116187325
202506101916,119,Adversary,Verbal_NonVerbal,0.5,0,2,1,1.0,0,-1,1,1,0,0,EN,,,,,,,,,0.0,1.0,1,1,1,849,0.5,0.5,0.49001372563277507,0.4803214203881027,0.3923337742555148,0.3611704184133485,0.3042796128700909,0.29376743634052366,0.1597044864856043,0.14785374792388098,0.1923871627878814
202506101916,120,Adversary,Verbal_NonVerbal,0.5,1,2,1,1.0,0,-1,1,1,1,1,EN,,,,,,,,,0.0,1.0,0,1,1,850,0.5,0.5,0.5058619856899418,0.5630582829067385,0.6599734242844856,0.732194123201155,0.7727305912687807,0.7641031870355829,0.8753084893648867,0.8738376081495748,0.8597662852658342
202506101916,122,Adversary,Verbal_NonVerbal,0.5,1,2,1,0.0,0,1,-1,1,1,0,EN,,,,,,,,,1.0,0.0,1,0,1,851,0.5,0.5,0.5003717660832036,0.36695712537798497,0.30527509964640825,0.3880778741763591,0.26472779241702205,0.23372081261669062,0.26090126883458714,0.4187546143835867,0.39845724494277823
202506101916,123,Adversary,Verbal_NonVerbal,0.5,0,2,1,0.5,0,-1,1,1,0,0,EN,,,,,,,,,0.0,1.0,1,1,1,852,0.5,0.5,0.4964571764736456,0.4927277782884065,0.43537755756177826,0.40651241095343604,0.33605978806525383,0.3234714194082443,0.3529093332257857,0.41138228425724144,0.5524612313090747
202506101916,124,Adversary,Verbal_NonVerbal,0.5,1,2,1,0.5,0,1,-1,1,1,0,EN,,,,,,,,,1.0,0.0,1,1,1,853,0.5,0.5,0.5018166584777175,0.41890302780742755,0.3609872496514801,0.4107033171958733,0.3137719129237893,0.2848144630785201,0.39821972546982204,0.45763381328902786,0.5541438856157866
202506101916,125,Adversary,Verbal_NonVerbal,0.5,0,2,1,1.0,0,-1,1,1,0,0,EN,,,,,,,,,0.0,1.0,1,1,1,854,0.5,0.5,0.4899787215350601,0.48027948024498596,0.42124426044258073,0.36244684916921016,0.3158461313280414,0.46386838074534215,0.5118663486021333,0.5807142953004448,0.36900819274198576
202506101916,126,Adversary,Verbal_NonVerbal,0.5,1,2,1,1.0,0,1,-1,1,1,0,EN,,,,,,,,,1.0,0.0,1,0,1,855,0.5,0.5,0.5053340953074561,0.5876720184393295,0.6349408836260029,0.6434725260883554,0.6308237941785583,0.6222761834391567,0.40715504256291113,0.34431237274206,0.27141532289994785
202506101916,127,Adversary,Verbal_NonVerbal,0.5,0,2,1,0.0,0,-1,1,1,1,1,EN,,,,,,,,,0.0,1.0,1,1,1,856,0.5,0.5,0.5006520932118432,0.5014624873196714,0.5780942058392914,0.6183232567902801,0.6408343233704863,0.6796730163586668,0.5295252288807794,0.3641985602453351,0.4130719461375696
202506101916,128,Adversary,Verbal_NonVerbal,0.5,1,2,1,0.0,0,1,-1,1,1,0,EN,,,,,,,,,1.0,0.0,1,1,1,857,0.5,0.5,0.500357454292274,0.3665673074226948,0.29620270713694713,0.15168404484491546,0.35331499913044473,0.2146661229951683,0.3239823401664151,0.3419707375924161,0.4626662311013814
202506101916,129,Adversary,Verbal_NonVerbal,0.5,0,2,1,0.5,0,-1,1,1,1,1,EN,,,,,,,,,0.0,1.0,1,1,1,858,0.5,0.5,0.5034917500376517,0.5077890134235383,0.5523664580292489,0.5834621859320531,0.6306853731089448,0.6436302924452425,0.4821849688873918,0.46014090792796025,0.4525914771547349
202506101916,130,Adversary,Verbal_NonVerbal,0.5,1,2,1,0.5,0,1,-1,1,1,0,EN,,,,,,,,,1.0,0.0,1,1,1,859,0.5,0.5,0.5017977499612227,0.3624948831384931,0.2918667397577282,0.3754285922143224,0.40585024198713954,0.3844004201232377,0.40058917252688997,0.4144019888379634,0.4262267772363015
202506101916,131,Adversary,Verbal_NonVerbal,0.5,0,2,1,1.0,0,-1,1,1,1,1,EN,,,,,,,,,0.0,1.0,0,1,1,860,0.5,0.5,0.5098306356264725,0.5916444176177644,0.6918627695485136,0.7260703866214311,0.7097350470559264,0.6597820579952146,0.5854490047555078,0.5008438369625713,0.4505862519884784
202506110842,2,Adversary,Verbal_NonVerbal,0.5,1,2,1,0.0,0,1,-1,1,0,1,EN,,,,,,,,,1.0,0.0,1,1,1,861,0.5,0.5,0.499801222807431,0.5290999304208613,0.5511867006199103,0.6687164591756518,0.5806912088851893,0.6516067427379919,0.4803517399264536,0.566831490813269,0.508531699027713
202506110842,3,Adversary,Verbal_NonVerbal,0.5,0,2,1,0.5,0,-1,1,1,0,0,EN,,,,,,,,,0.0,1.0,1,1,1,862,0.5,0.5,0.49649498458456653,0.4118222422317709,0.3121026317423589,0.28076440073456005,0.2999877287460329,0.3533927539731188,0.2916980921261442,0.3807135270569577,0.37190304613673375
202506110842,4,Adversary,Verbal_NonVerbal,0.5,1,2,1,0.5,0,1,-1,1,1,0,EN,,,,,,,,,1.0,0.0,1,1,1,863,0.5,0.5,0.5000582464787945,0.4767439723338009,0.46211655164789617,0.29205521818704117,0.327858502107464,0.32182220658073535,0.28101808098084563,0.2871333682073106,0.29047851083217197
202506110842,5,Adversary,Verbal_NonVerbal,0.5,0,2,1,1.0,0,-1,1,1,0,0,EN,,,,,,,,,0.0,1.0,1,1,1,864,0.5,0.5,0.49008374090110873,0.40694424464240353,0.3100138635056088,0.27987490736108983,0.3006059437941171,0.35573050643506315,0.43606054386812415,0.5249846794020806,0.5334736861435215
202506110842,6,Adversary,Verbal_NonVerbal,0.5,1,2,1,1.0,0,-1,1,1,1,1,EN,,,,,,,,,0.0,1.0,0,0,1,865,0.5,0.5,0.5061126541621618,0.5362941230419753,0.6246129712315082,0.6263287408185849,0.7021569283955557,0.7356034209649803,0.7618767771148985,0.7536492109801125,0.7764778614605723
202506110842,7,Adversary,Verbal_NonVerbal,0.5,0,2,1,0.0,0,-1,1,1,0,0,EN,,,,,,,,,0.0,1.0,1,1,1,866,0.5,0.5,0.4993433680794194,0.49863060334140263,0.4313928911855383,0.3947513467799263,0.33761643833632676,0.3416671058844617,0.6735620687593695,0.66677482255629,0.6548154002993867
202506110842,8,Adversary,Verbal_NonVerbal,0.5,1,2,1,0.0,0,1,-1,1,0,1,EN,,,,,,,,,1.0,0.0,1,1,1,867,0.5,0.5,0.4999414925504887,0.5220624453149989,0.5854092123208611,0.6444618183571564,0.6426860869217672,0.49232475747825977,0.5844619213867257,0.5367714699764939,0.5429972955639587
202506110842,9,Adversary,Verbal_NonVerbal,0.5,0,2,1,0.5,0,-1,1,1,1,1,EN,,,,,,,,,0.0,1.0,0,0,1,868,0.5,0.5,0.5034756693549298,0.5077397104609226,0.5984104252643404,0.6382300599799476,0.6592958613740254,0.6889941849006123,0.5379439143570225,0.36625173996037647,0.5696818094498045
202506110842,10,Adversary,Verbal_NonVerbal,0.5,1,2,1,0.5,0,1,-1,1,0,1,EN,,,,,,,,,1.0,0.0,1,0,1,869,0.5,0.5,0.49804890882267916,0.6379997886662975,0.8469970863006291,0.8494994212695353,0.8552783726987427,0.8055193808898281,0.7781346071073998,0.7227004250880393,0.6632579517505827
202506110842,12,Adversary,Verbal_NonVerbal,0.5,1,2,1,1.0,0,-1,1,1,1,1,EN,,,,,,,,,0.0,1.0,1,0,1,870,0.5,0.5,0.5054470736523099,0.5149382903395981,0.5405052302161424,0.556197288848723,0.5870733226415316,0.5793821606508325,0.49253692537291666,0.5827418756025358,0.6658702660602294
202506110842,13,Adversary,Verbal_NonVerbal,0.5,0,2,1,0.0,0,-1,1,1,0,0,EN,,,,,,,,,0.0,1.0,-1,1,1,871,0.5,0.5,0.49932657761100524,0.498619438042733,0.45096685257273544,0.4215946002437153,0.3512558711877159,0.3317183071741191,0.460750826971342,0.35847991940912843,0.337035350494335
202506110842,14,Adversary,Verbal_NonVerbal,0.5,1,2,1,0.0,0,1,-1,1,0,1,EN,,,,,,,,,1.0,0.0,1,1,1,872,0.5,0.5,0.49965774411584135,0.6412852739444286,0.8314639036626332,0.8131671002649353,0.8251762285239637,0.791217841088474,0.7300313804128469,0.7088249273490821,0.6604707496400537
202506110842,15,Adversary,Verbal_NonVerbal,0.5,0,2,1,0.5,0,-1,1,1,1,1,EN,,,,,,,,,0.0,1.0,1,1,1,873,0.5,0.5,0.503446628441517,0.5878346728936442,0.672200087873972,0.701206866646617,0.696012966573275,0.6535066445021429,0.4922861956762401,0.5285514597854679,0.6334874422693529
202506110842,16,Adversary,Verbal_NonVerbal,0.5,1,2,1,0.5,0,-1,1,1,1,1,EN,,,,,,,,,0.0,1.0,1,1,1,874,0.5,0.5,0.5017937622105786,0.47790294197603705,0.40579841844824766,0.36439019669840866,0.4105291981926948,0.5175300272256853,0.575208974811261,0.605567294721703,0.5999699928424191
202506110842,17,Adversary,Verbal_NonVerbal,0.5,0,2,1,1.0,0,-1,1,1,0,0,EN,,,,,,,,,0.0,1.0,1,1,1,875,0.5,0.5,0.4899560930921984,0.48031460944204535,0.38687353176612455,0.32625271524459093,0.33413584064192453,0.3775454097131914,0.3556516216861245,0.4231233626260624,0.43675072164158607
202506110842,18,Adversary,Verbal_NonVerbal,0.5,1,2,1,1.0,0,-1,1,1,0,0,EN,,,,,,,,,0.0,1.0,1,1,1,876,0.5,0.5,0.4942376080344759,0.4855265895088095,0.4098912801743295,0.3329429666208031,0.27822362861684974,0.2519411624551104,0.24185234085297977,0.21800353834475783,0.21076758742564033
202506110842,19,Adversary,Verbal_NonVerbal,0.5,0,2,1,0.0,0,1,-1,1,0,1,EN,,,,,,,,,1.0,0.0,1,1,1,877,0.5,0.5,0.49932078187629786,0.4985988230490372,0.45813240993661014,0.3862608712733696,0.4958843717053962,0.5844527961111977,0.6550583628795913,0.6539318713352977,0.6293023328337153
202506110842,22,Adversary,Verbal_NonVerbal,0.5,1,2,1,0.5,0,1,-1,1,1,0,EN,,,,,,,,,1.0,0.0,1,0,1,878,0.5,0.5,0.5019540497825647,0.47790722528825336,0.4562383298030578,0.3053214356683563,0.37246393333080674,0.4297000924763339,0.29598886024271015,0.15786728926091487,0.31727395108056844
202506110842,23,Adversary,Verbal_NonVerbal,0.5,0,2,1,1.0,0,-1,1,1,1,1,EN,,,,,,,,,0.0,1.0,0,0,1,879,0.5,0.5,0.5095987729906148,0.594667781695761,0.6859938184818879,0.6983224644563042,0.7292319127179655,0.5582604936701813,0.49139094165827935,0.4125683192900813,0.44692955752779373
202506110842,24,Adversary,Verbal_NonVerbal,0.5,1,2,1,1.0,0,-1,1,1,0,0,EN,,,,,,,,,0.0,1.0,1,1,1,880,0.5,0.5,0.49427226173005384,0.4081969324715211,0.3042350770767692,0.295187998546463,0.2703933718798735,0.2718909951977843,0.3585460962633226,0.3892497336021405,0.4405401821508528
202506110842,25,Adversary,Verbal_NonVerbal,0.5,0,2,1,0.0,0,-1,1,1,0,0,EN,,,,,,,,,0.0,1.0,1,1,1,881,0.5,0.5,0.49932616301035243,0.4986238931780227,0.42829369159639663,0.36396710009993344,0.3661721587813085,0.40730482255607586,0.3757471742536977,0.4561226011872816,0.44835148400676167
202506110842,26,Adversary,Verbal_NonVerbal,0.5,1,2,1,0.0,0,-1,1,1,1,1,EN,,,,,,,,,0.0,1.0,1,1,1,882,0.5,0.5,0.5003640990261045,0.4766245322222235,0.4083674128851804,0.35286897405763973,0.250517312548521,0.3684955861769651,0.6132380048280416,0.5799785890579326,0.5760772957575169
202506110842,27,Adversary,Verbal_NonVerbal,0.5,0,2,1,0.5,0,0,0,1,1,-1,EN,,,,,,,,,0.0,0.0,1,1,1,883,0.5,0.5,0.5034757042185017,0.5890056399625437,0.6719655921512125,0.697153581687172,0.5376579686892755,0.36674408047194734,0.48924941745255623,0.47963951197135346,0.5662398735556745
202506110842,28,Adversary,Verbal_NonVerbal,0.5,1,2,1,0.5,0,1,-1,1,1,0,EN,,,,,,,,,1.0,0.0,0,0,1,884,0.5,0.5,0.5017934873600554,0.3665680030786114,0.2978120598086216,0.28307973562104194,0.26969916747654704,0.4258210502435382,0.41894881499826686,0.4836032537998645,0.5565511041104877
202506110842,29,Adversary,Verbal_NonVerbal,0.5,0,2,1,1.0,0,-1,1,1,0,0,EN,,,,,,,,,0.0,1.0,0,1,1,885,0.5,0.5,0.48987173490614155,0.4084881532352876,0.3064334891069904,0.25104571663141956,0.2445908451422053,0.28509581324977246,0.2755510281170159,0.30517407100991656,0.37149974864213087
202506110842,30,Adversary,Verbal_NonVerbal,0.5,1,2,1,1.0,0,0,0,1,1,-1,EN,,,,,,,,,0.0,0.0,0,0,1,886,0.5,0.5,0.5059028670528231,0.515452692301694,0.6077846152696311,0.6438183811506043,0.6185346316021779,0.5987418521001213,0.4862066039781732,0.5071853153827793,0.5197886932083794
202506110842,31,Adversary,Verbal_NonVerbal,0.5,0,2,1,0.0,0,-1,1,1,1,1,EN,,,,,,,,,0.0,1.0,1,0,1,887,0.5,0.5,0.5006530488230718,0.5014839592761784,0.5653000781419278,0.6282845441044597,0.6308873114251486,0.5953093865506531,0.5351593261245849,0.46475519262545717,0.45964435419909866
202506110842,32,Adversary,Verbal_NonVerbal,0.5,1,2,1,0.0,0,1,-1,1,1,0,EN,,,,,,,,,1.0,0.0,0,0,1,888,0.5,0.5,0.5003948844398529,0.40530336116713367,0.3597353356860514,0.42418000685004975,0.23979634766277078,0.13424701913752063,0.4222057794975378,0.40629281505714654,0.4034149870539767
202506110842,33,Adversary,Verbal_NonVerbal,0.5,0,2,1,0.5,0,1,-1,1,0,1,EN,,,,,,,,,1.0,0.0,1,1,1,889,0.5,0.5,0.49637735035063363,0.49268593789750376,0.4624391016690227,0.4457627859561965,0.3778972711864633,0.3660451402340613,0.5183328093071684,0.5188369303191589,0.5125128061527587
202506110842,34,Adversary,Verbal_NonVerbal,0.5,1,2,1,0.5,0,1,-1,1,1,0,EN,,,,,,,,,1.0,0.0,1,1,1,890,0.5,0.5,0.5019997528405328,0.4777836689861538,0.39965825810309513,0.344583433844786,0.3454101435085435,0.35762892485867215,0.3229365460402268,0.3424525470215028,0.3792672132043635
202506110842,35,Adversary,Verbal_NonVerbal,0.5,0,2,1,1.0,0,-1,1,1,1,1,EN,,,,,,,,,0.0,1.0,1,1,1,891,0.5,0.5,0.5095079132453233,0.520538650699629,0.6142822539383991,0.6506704523720727,0.6753513694440859,0.7181133175394296,0.5571195586658906,0.3786888843588571,0.5093366228631151
202506110842,36,Adversary,Verbal_NonVerbal,0.5,1,2,1,1.0,0,1,-1,1,1,0,EN,,,,,,,,,1.0,0.0,0,1,1,892,0.5,0.5,0.5040772996796382,0.5536860288060704,0.5789223626411137,0.5478299513105968,0.5342840496155983,0.49519411707826233,0.4537097388014894,0.4345742961826692,0.42320634113241745
202506110842,37,Adversary,Verbal_NonVerbal,0.5,0,2,1,0.0,0,-1,1,1,0,0,EN,,,,,,,,,0.0,1.0,1,1,1,893,0.5,0.5,0.4993184418662305,0.49861638591049995,0.41834459256033457,0.3455935836631594,0.48128371973868045,0.5744011093168943,0.4977337384154425,0.42835035560558493,0.4284770768544258
202506110842,38,Adversary,Verbal_NonVerbal,0.5,1,2,1,0.0,0,1,-1,1,1,0,EN,,,,,,,,,1.0,0.0,1,0,1,894,0.5,0.5,0.5004211393415363,0.47640095202782656,0.458876819430519,0.2500592327547543,0.2863569096146242,0.35888747955112743,0.19070193745719424,0.33313973885926557,0.409108504322709
202506110842,39,Adversary,Verbal_NonVerbal,0.5,0,2,1,0.5,0,-1,1,1,1,1,EN,,,,,,,,,0.0,1.0,1,0,1,895,0.5,0.5,0.503504652179064,0.5077715756340812,0.5958276862776442,0.6709703025381643,0.5302530705697658,0.364279794065962,0.2641557028897842,0.33666031239137245,0.39515047819862176
202506110842,40,Adversary,Verbal_NonVerbal,0.5,1,2,1,0.5,0,1,-1,1,0,1,EN,,,,,,,,,1.0,0.0,1,1,1,896,0.5,0.5,0.49802118932283285,0.5201358560159306,0.5392850753233231,0.5483075817315276,0.5246058547761345,0.480136672049797,0.43447204306006654,0.414838562912201,0.39723411352278615
202506110842,41,Adversary,Verbal_NonVerbal,0.5,0,2,1,1.0,0,-1,1,1,0,0,EN,,,,,,,,,0.0,1.0,1,1,1,897,0.5,0.5,0.4899099582584663,0.40656692885780066,0.31185766287454053,0.3000398259920327,0.2679341975476768,0.2616925363878834,0.22943112877436583,0.41500114943627253,0.6129887848164218
202506110842,42,Adversary,Verbal_NonVerbal,0.5,1,2,1,1.0,0,1,-1,1,0,1,EN,,,,,,,,,1.0,0.0,1,1,1,898,0.5,0.5,0.4946085287085096,0.4867527808079007,0.4531251908993003,0.581917412936693,0.6899427880521571,0.6965614548745664,0.6670067668901026,0.6211529915025802,0.5533113498209483
202506110842,43,Adversary,Verbal_NonVerbal,0.5,0,2,1,0.0,0,-1,1,1,1,1,EN,,,,,,,,,0.0,1.0,1,1,1,899,0.5,0.5,0.5006488985936831,0.5389716379731696,0.6460416458715638,0.6510331725075297,0.67680790756717,0.6830992553242439,0.7097449569137398,0.6651923412702809,0.6465364446975372
202506110842,44,Adversary,Verbal_NonVerbal,0.5,1,2,1,0.0,0,1,-1,1,1,0,EN,,,,,,,,,1.0,0.0,1,0,1,900,0.5,0.5,0.5003456912996694,0.3574669758758022,0.2924588794729341,0.1739527213685544,0.35732928943022785,0.3957018647292343,0.4507063325034441,0.41859842041335216,0.3560222423420331
202506110842,45,Adversary,Verbal_NonVerbal,0.5,0,2,1,0.5,0,-1,1,1,0,0,EN,,,,,,,,,0.0,1.0,1,1,1,901,0.5,0.5,0.49647210821312693,0.4129567107268862,0.3273752635404107,0.30434406463437685,0.32305238298336547,0.48645695093058566,0.6021434216605415,0.5618768324841031,0.5353565092950696
202506110842,46,Adversary,Verbal_NonVerbal,0.5,1,2,1,0.5,0,0,0,1,1,-1,EN,,,,,,,,,0.0,0.0,1,0,1,902,0.5,0.5,0.5000616781842045,0.4766532101897824,0.4087264353059661,0.37129592956353474,0.4876005513631174,0.5369249560015307,0.5119663563738287,0.6242278880171678,0.529652000205671
202506110842,47,Adversary,Verbal_NonVerbal,0.5,0,2,1,1.0,0,-1,1,1,1,1,EN,,,,,,,,,0.0,1.0,1,1,1,903,0.5,0.5,0.5098397004300973,0.5205965624206236,0.6121526517138576,0.6760340658214962,0.52566630525115,0.3600348847325947,0.4143944736809132,0.44814423401844866,0.5719466133567631
202506110842,48,Adversary,Verbal_NonVerbal,0.5,1,2,1,1.0,0,1,-1,1,1,0,EN,,,,,,,,,1.0,0.0,1,0,1,904,0.5,0.5,0.5055302545856548,0.510101616478586,0.418072316834744,0.4010847526419324,0.34623163399491763,0.42598523016594514,0.4420197470238709,0.4084331797885927,0.4855663980196276
202506110842,49,Adversary,Verbal_NonVerbal,0.5,0,2,1,0.0,0,-1,1,1,0,0,EN,,,,,,,,,0.0,1.0,0,1,1,905,0.5,0.5,0.4993339528585412,0.4582506861609247,0.366878005841227,0.34969212406155903,0.36138599531483107,0.3835452305936655,0.3949118823663157,0.43073740778228864,0.4908347858699462
202506110842,50,Adversary,Verbal_NonVerbal,0.5,1,2,1,0.0,0,-1,1,1,0,0,EN,,,,,,,,,0.0,1.0,1,1,1,906,0.5,0.5,0.49964289561383407,0.521209596713382,0.5408401649367667,0.5323582719273839,0.4485762493086923,0.34623647457547163,0.2870755827480912,0.2807506116527121,0.33475689124237173
202506110842,51,Adversary,Verbal_NonVerbal,0.5,0,2,1,0.5,0,-1,1,1,0,0,EN,,,,,,,,,0.0,1.0,1,1,1,907,0.5,0.5,0.4964454360321419,0.4128837676934533,0.32393263870243477,0.30176712726038163,0.32584682720218605,0.38211690713654584,0.38854381610203365,0.39295527808529634,0.4526303012919702
202506110842,52,Adversary,Verbal_NonVerbal,0.5,1,2,1,0.5,0,1,-1,1,0,1,EN,,,,,,,,,1.0,0.0,0,1,1,908,0.5,0.5,0.49800375206374453,0.6403621827600924,0.8190140081247296,0.7874697093130332,0.7601250949331259,0.7176856296511723,0.6789433484233545,0.6629931894302646,0.6534448272824113
202506110842,53,Adversary,Verbal_NonVerbal,0.5,0,2,1,1.0,0,-1,1,1,1,1,EN,,,,,,,,,0.0,1.0,-1,1,1,909,0.5,0.5,0.5098582817942954,0.5929598161920989,0.6947291961990618,0.7061224416569892,0.7127507654397336,0.744423981200846,0.5635427689244337,0.379009316133522,0.5205190922749113
202506110842,54,Adversary,Verbal_NonVerbal,0.5,1,2,1,1.0,0,0,0,1,1,-1,EN,,,,,,,,,0.0,0.0,1,1,1,910,0.5,0.5,0.5063027437556459,0.5885277770370377,0.6251069171133491,0.6796391882226465,0.6794973884905002,0.6408514783307752,0.5232112563523648,0.3830925528003251,0.29034478240301953
202506110842,55,Adversary,Verbal_NonVerbal,0.5,0,2,1,0.0,0,-1,1,1,0,0,EN,,,,,,,,,0.0,1.0,1,1,1,911,0.5,0.5,0.49932994406651143,0.49860865229993756,0.4222424980097905,0.3829387466216553,0.3669726356499238,0.34287041098629284,0.2826462412974601,0.2444122135446672,0.24820065335355368
202506110842,56,Adversary,Verbal_NonVerbal,0.5,1,2,1,0.0,0,1,-1,1,1,0,EN,,,,,,,,,1.0,0.0,1,1,1,912,0.5,0.5,0.5003890213552425,0.4178544327241974,0.36644734713735677,0.3655588364729893,0.4248514363278591,0.4071627950240871,0.5324925737655226,0.4455223162315928,0.34797777912589434
202506110842,57,Adversary,Verbal_NonVerbal,0.5,0,2,1,0.5,0,-1,1,1,0,0,EN,,,,,,,,,0.0,1.0,1,1,1,913,0.5,0.5,0.49643315999083204,0.4101931163197519,0.30555150762068944,0.2850828139427167,0.2779307614993502,0.304161306162855,0.3639927496988024,0.3115594809050535,0.3797229582219174
202506110842,59,Adversary,Verbal_NonVerbal,0.5,0,2,1,1.0,0,-1,1,1,1,1,EN,,,,,,,,,0.0,1.0,1,1,1,914,0.5,0.5,0.5098844896236946,0.520677523806842,0.6048272873894162,0.6314375906445311,0.6477700157861422,0.6772567296705908,0.7028998919810346,0.6879034516236611,0.6389131774259065
202506110842,60,Adversary,Verbal_NonVerbal,0.5,1,2,1,1.0,0,-1,1,1,0,0,EN,,,,,,,,,0.0,1.0,1,1,1,915,0.5,0.5,0.49460771647221285,0.4867912882479971,0.39557761944272934,0.3171250462533001,0.38510118621470957,0.408117235626149,0.49178794500261724,0.3911850284009044,0.41411412719282953
202506110842,61,Adversary,Verbal_NonVerbal,0.5,0,2,1,0.0,0,-1,1,1,1,1,EN,,,,,,,,,0.0,1.0,1,1,1,916,0.5,0.5,0.5006538977779424,0.5396732562984901,0.6475880873317641,0.6867119047566969,0.6850690464104642,0.6481370916417153,0.5820109774746999,0.5032342327673764,0.4251814219346983
202506180809,1,Partner,Verbal_NonVerbal,0.5,0,2,1,0.0,0,-1,-1,0,1,1,EN,,,,,,,,,0.0,1.0,0,0,1,917,0.5,0.5,0.5185198524039117,0.5987816448572928,0.6811433415433014,0.7035956013145747,0.7032227867547756,0.697863333601719,0.7254448454202032,0.7028280127384371,0.7115968585286659
202506180809,2,Partner,Verbal_NonVerbal,0.5,1,2,1,0.0,0,-1,-1,0,0,0,EN,,,,,,,,,0.0,1.0,1,1,1,918,0.5,0.5,0.4790274441382664,0.46027291099981776,0.38252688242787464,0.3368346197123972,0.31543803561888134,0.3044391040964701,0.16655708009229206,0.15547942985103808,0.247423890451713
202506180809,3,Partner,Verbal_NonVerbal,0.5,0,2,1,0.5,0,-1,-1,0,0,0,EN,,,,,,,,,0.0,1.0,1,1,1,919,0.5,0.5,0.45904422257392274,0.42230186642544404,0.35366340631881155,0.3191362573559536,0.3329495851977215,0.34477556718980557,0.3681657621125758,0.38843205930211444,0.3935109951196938
202506180809,4,Partner,Verbal_NonVerbal,0.5,1,2,1,0.5,0,-1,-1,0,1,1,EN,,,,,,,,,0.0,1.0,0,0,1,920,0.5,0.5,0.5362181929009365,0.6157365972081196,0.7016795488585343,0.7301911618840434,0.7306713854465625,0.7211230065129756,0.7131085900459083,0.659429924563843,0.6733733835227113
202506180809,5,Partner,Verbal_NonVerbal,0.5,0,2,1,1.0,0,-1,-1,0,0,0,EN,,,,,,,,,0.0,1.0,1,1,1,921,0.5,0.5,0.4574991967124269,0.4197757437439539,0.3560287326396403,0.3096943036210537,0.30408185868943327,0.30497431717595724,0.30678242381409876,0.3107161209057591,0.3150476412259381
202506180809,6,Partner,Verbal_NonVerbal,0.5,1,2,1,1.0,0,-1,-1,0,0,0,EN,,,,,,,,,0.0,1.0,1,1,1,922,0.5,0.5,0.4578855659052479,0.42010142958323266,0.389456388884798,0.37083755205299396,0.36770805654248545,0.3588413129474385,0.505003704225373,0.48281692166750534,0.4874109698337114
202506180809,7,Partner,Verbal_NonVerbal,0.5,0,2,1,0.0,0,1,1,1,1,1,EN,,,,,,,,,1.0,0.0,1,0,1,923,0.5,0.5,0.5183715887722478,0.5375036064167136,0.6219100629103859,0.6721981166837574,0.6704962336559928,0.6473907727352619,0.6425430176924599,0.6579707623550815,0.5670955263501093
202506180809,8,Partner,Verbal_NonVerbal,0.5,1,2,1,0.0,0,1,1,1,0,0,EN,,,,,,,,,1.0,0.0,1,1,1,924,0.5,0.5,0.47908919827869617,0.46036099637060507,0.3881443283783305,0.30275101949151617,0.2712685076337577,0.2760482799086735,0.47411822336115106,0.5703932442743544,0.48538162477642416
202506180809,9,Partner,Verbal_NonVerbal,0.5,0,2,1,0.5,0,1,1,1,0,0,EN,,,,,,,,,1.0,0.0,1,1,1,925,0.5,0.5,0.45847625023577465,0.3692291837149822,0.30579224820912465,0.29183123669234573,0.2934976604906005,0.2947612384337373,0.25973726342759,0.2630359434392632,0.26404476788303505
202506180809,10,Partner,Verbal_NonVerbal,0.5,1,2,1,0.5,0,1,1,1,1,1,EN,,,,,,,,,1.0,0.0,0,0,1,926,0.5,0.5,0.5318655565985538,0.5561001443715808,0.600604676001268,0.6275420437573165,0.6172886969921165,0.6304696823229018,0.6872842034584807,0.6816401031268063,0.7322263855149278
202506180809,11,Partner,Verbal_NonVerbal,0.5,0,2,1,1.0,0,1,1,1,1,1,EN,,,,,,,,,1.0,0.0,0,0,1,927,0.5,0.5,0.5441311259381414,0.634771299841405,0.7108804750870068,0.7347842754010624,0.7116063248197477,0.6937323817479651,0.7019599569446897,0.7111344362163614,0.7210062479998153
202506180809,12,Partner,Verbal_NonVerbal,0.5,1,2,1,1.0,0,1,1,1,1,1,EN,,,,,,,,,1.0,0.0,0,0,1,928,0.5,0.5,0.5348792014864543,0.6154517342995603,0.7033871269309173,0.7330865434733655,0.7402513883742398,0.7527691041675729,0.7691004783013281,0.786767009996071,0.8008983397042657
202506180809,13,Partner,Verbal_NonVerbal,0.5,0,2,1,0.0,0,1,1,1,0,0,EN,,,,,,,,,1.0,0.0,1,1,1,929,0.5,0.5,0.4826113812833436,0.3988756217014341,0.3066556329917585,0.2792012673113517,0.2623664932417284,0.34405401635883004,0.2860543187054603,0.2745693991559722,0.3413968758184028
202506180809,14,Partner,Verbal_NonVerbal,0.5,1,2,1,0.0,0,1,1,1,1,1,EN,,,,,,,,,1.0,0.0,0,0,1,930,0.5,0.5,0.5223945770500296,0.6020265237476885,0.6853401554039433,0.725065032579167,0.7280703319801236,0.7218488628161106,0.6564365028490179,0.6891006259539706,0.6766594924690538
202506180809,15,Partner,Verbal_NonVerbal,0.5,0,2,1,0.5,0,1,1,1,1,1,EN,,,,,,,,,1.0,0.0,0,0,1,931,0.5,0.5,0.5430651833086634,0.6321169545891723,0.6980979580103664,0.714931790420561,0.7179249564955297,0.7237653599328974,0.7301901347694658,0.7373091936596499,0.7394508686767265
202506180809,16,Partner,Verbal_NonVerbal,0.5,1,2,1,0.5,0,1,1,1,1,1,EN,,,,,,,,,1.0,0.0,0,0,1,932,0.5,0.5,0.5429881370040557,0.632750890918647,0.7032132750977963,0.7240225831483922,0.7234136446898641,0.6287688190688276,0.7079547133850201,0.7371774370951264,0.7000071746887571
202506180809,17,Partner,Verbal_NonVerbal,0.5,0,2,1,1.0,0,1,1,1,1,1,EN,,,,,,,,,1.0,0.0,0,0,1,933,0.5,0.5,0.5442617124037897,0.5841613714331635,0.6095999241592316,0.6221417151826792,0.6216623570341641,0.6214434150069467,0.6216237009796723,0.6218037766491361,0.6069262160523798
202506180809,18,Partner,Verbal_NonVerbal,0.5,1,2,1,1.0,0,1,1,1,1,1,EN,,,,,,,,,1.0,0.0,1,0,1,934,0.5,0.5,0.5117739311156398,0.5990931546939221,0.6975038944665815,0.7309053885300543,0.7366178723467879,0.7422481364893405,0.5455325056266639,0.5627026526061997,0.569832785309789
202506180809,19,Partner,Verbal_NonVerbal,0.5,0,2,1,0.0,0,1,1,1,0,0,EN,,,,,,,,,1.0,0.0,1,1,1,935,0.5,0.5,0.4826074475341912,0.4653692866944758,0.38128788101045297,0.3363618497021408,0.34200009453273017,0.30110735444288833,0.2760959722788307,0.2893002071805434,0.302844721419898
202506180809,20,Partner,Verbal_NonVerbal,0.5,1,2,1,0.0,0,1,1,1,1,1,EN,,,,,,,,,1.0,0.0,0,0,1,936,0.5,0.5,0.5228202550208728,0.5797217121846873,0.6544889011330853,0.712158240267815,0.7325768882197938,0.7260392854709138,0.7342797292332013,0.7418772609007227,0.7482585922178357
202506180809,21,Partner,Verbal_NonVerbal,0.5,0,2,1,0.5,0,1,1,1,0,0,EN,,,,,,,,,1.0,0.0,1,1,1,937,0.5,0.5,0.45858030952104545,0.3699328222112644,0.3107364488681992,0.2888108065209506,0.27584356239233887,0.2662193318399334,0.25322146671424717,0.2437466840820224,0.23834768730336345
202506180809,22,Partner,Verbal_NonVerbal,0.5,1,2,1,0.5,0,1,1,1,0,0,EN,,,,,,,,,1.0,0.0,1,1,1,938,0.5,0.5,0.45828836077206275,0.4116342271020272,0.3462594864151312,0.3960020637883495,0.3173729169899129,0.288351109593402,0.40698556795439267,0.32461756483270604,0.30265522557663666
202506180809,24,Partner,Verbal_NonVerbal,0.5,1,2,1,1.0,0,1,1,1,0,0,EN,,,,,,,,,1.0,0.0,1,1,1,939,0.5,0.5,0.45778732903639086,0.36576706740180365,0.2841182842760519,0.24100196480886074,0.21770462667992685,0.19753164381365948,0.18142716972852627,0.17598488143633223,0.3599566917462107
202506180809,25,Partner,Verbal_NonVerbal,0.5,0,2,1,0.0,0,1,1,1,1,1,EN,,,,,,,,,1.0,0.0,0,0,1,940,0.5,0.5,0.5185621605575229,0.599190228844463,0.6980999591597951,0.7313428107188029,0.7103075891017033,0.6934387622595266,0.7008172834941726,0.7081899284964452,0.7139630077384427
202506180809,26,Partner,Verbal_NonVerbal,0.5,1,2,1,0.0,0,1,1,1,1,1,EN,,,,,,,,,1.0,0.0,0,0,1,941,0.5,0.5,0.5219452899046404,0.5425719868446334,0.5867349576263106,0.6130555709148421,0.6155500643631515,0.5671921461746386,0.7451824652548322,0.7306687070133452,0.7378720987837267
202506180809,27,Partner,Verbal_NonVerbal,0.5,0,2,1,0.5,0,1,1,1,1,1,EN,,,,,,,,,1.0,0.0,0,0,1,942,0.5,0.5,0.5431624474598887,0.6328212033708253,0.7064369493688526,0.7286728294328649,0.728508192504909,0.5985719290181546,0.5169013348736354,0.5418881550463731,0.5963565080870187
202506180809,28,Partner,Verbal_NonVerbal,0.5,1,2,1,0.5,0,1,1,1,0,0,EN,,,,,,,,,1.0,0.0,1,1,1,943,0.5,0.5,0.5002566051055051,0.4712591670159165,0.37838839963136034,0.3096956071641735,0.298062816169628,0.2959243521642209,0.5209996898160814,0.4791915183952947,0.4789775575069029
202506180809,29,Partner,Verbal_NonVerbal,0.5,0,2,1,1.0,0,1,1,1,1,1,EN,,,,,,,,,1.0,0.0,0,0,1,944,0.5,0.5,0.5429838720751056,0.6347102303925822,0.6899919280019963,0.6972790869312645,0.7009613873480101,0.7086515486774598,0.7223214491278246,0.7342386120060405,0.7411085958492578
202506180809,30,Partner,Verbal_NonVerbal,0.5,1,2,1,1.0,0,1,1,1,0,0,EN,,,,,,,,,1.0,0.0,1,1,1,945,0.5,0.5,0.5002696848162363,0.4930859875603617,0.4001676232036946,0.33811138135183827,0.35604366550116606,0.35671142130626715,0.29786891017464284,0.2979352479030571,0.29931726745301407
202506180809,31,Partner,Verbal_NonVerbal,0.5,0,2,1,0.0,0,1,1,1,0,0,EN,,,,,,,,,1.0,0.0,1,1,1,946,0.5,0.5,0.4826836868100518,0.4654235744323359,0.3889401741650665,0.344872160644373,0.3635878355407979,0.3895725391933073,0.39947292308550414,0.36622256402458264,0.3365539277322006
202506180809,32,Partner,Verbal_NonVerbal,0.5,1,2,1,0.0,0,1,1,1,0,0,EN,,,,,,,,,1.0,0.0,1,1,1,947,0.5,0.5,0.4789834166790035,0.4635819227397694,0.4094163887733339,0.37543798169557313,0.3762602805241811,0.37752081852040703,0.42566535251543314,0.4834309854486272,0.5101236217623667
202506180809,33,Partner,Verbal_NonVerbal,0.5,0,2,1,0.5,0,1,1,1,0,0,EN,,,,,,,,,1.0,0.0,1,1,1,948,0.5,0.5,0.4578912186504148,0.4206645594524929,0.4104700451521328,0.4112100151916762,0.40214452962148756,0.38608022154619265,0.37166793719409835,0.3614508737231358,0.3529213728631313
202506180809,34,Partner,Verbal_NonVerbal,0.5,1,2,1,0.5,0,1,1,1,1,1,EN,,,,,,,,,1.0,0.0,0,0,1,949,0.5,0.5,0.5128493538051622,0.5997375839207647,0.6769058312026891,0.6980095520116426,0.7290254808235923,0.772012954164015,0.7805665866931581,0.7842658231798408,0.7309637402206202
202506180809,35,Partner,Verbal_NonVerbal,0.5,0,2,1,1.0,0,1,1,1,0,0,EN,,,,,,,,,1.0,0.0,1,1,1,950,0.5,0.5,0.45881046002471093,0.3665049217551036,0.28532879266258576,0.2600262697174918,0.29849958239849594,0.33038833964825587,0.3313563584077733,0.3533330396247763,0.38714609181922743
202506180809,36,Partner,Verbal_NonVerbal,0.5,1,2,1,1.0,0,1,1,1,0,0,EN,,,,,,,,,1.0,0.0,1,1,1,951,0.5,0.5,0.45792667357569583,0.4205868629370225,0.3729633610748537,0.34457617477777036,0.34786232644618137,0.3505026046124324,0.35224920992200903,0.3530936366679505,0.42008495136699653
202506180809,37,Partner,Verbal_NonVerbal,0.5,0,2,1,0.0,0,1,1,1,0,0,EN,,,,,,,,,1.0,0.0,0,1,1,952,0.5,0.5,0.4826751190548693,0.4069078051022982,0.3363844556972896,0.3215501845898433,0.32301440289829275,0.32343390753986667,0.323413127128791,0.32353637696500076,0.3235409915990343
202506180809,38,Partner,Verbal_NonVerbal,0.5,1,2,1,0.0,0,1,1,1,1,1,EN,,,,,,,,,1.0,0.0,0,0,1,953,0.5,0.5,0.5223443372866804,0.5432592689217322,0.6269710912116356,0.6767285584828596,0.6935026846539355,0.6735666808014807,0.7047038244677446,0.5950214904858026,0.6904636384225418
202506180809,39,Partner,Verbal_NonVerbal,0.5,0,2,1,0.5,0,1,1,1,1,1,EN,,,,,,,,,1.0,0.0,0,0,1,954,0.5,0.5,0.5429439068579839,0.6347497505530681,0.6972468351838105,0.7103250366463201,0.7079059360705493,0.7110394054498573,0.5295909110567045,0.5387817921159442,0.5468145517905927
202506180809,40,Partner,Verbal_NonVerbal,0.5,1,2,1,0.5,0,1,1,1,1,1,EN,,,,,,,,,1.0,0.0,0,0,1,955,0.5,0.5,0.5441985566765286,0.5839894615506497,0.6177497469592907,0.639348217784375,0.6496793687710865,0.662556535219283,0.7077547089195542,0.7618741246103047,0.6325966341520117
202506180809,41,Partner,Verbal_NonVerbal,0.5,0,2,1,1.0,0,1,1,1,1,1,EN,,,,,,,,,1.0,0.0,0,0,1,956,0.5,0.5,0.5443832227135873,0.6355100095861365,0.7076295878149433,0.7290990388779554,0.7286641557176257,0.642136502454715,0.5217366441540804,0.5476722389601075,0.5593376569862756
202506180809,42,Partner,Verbal_NonVerbal,0.5,1,2,1,1.0,0,1,1,1,1,1,EN,,,,,,,,,1.0,0.0,0,0,1,957,0.5,0.5,0.5444079861234005,0.5847092962913523,0.6317899546161607,0.6979724578431612,0.7261017131025563,0.7288082366148544,0.7340798922199745,0.7386783409665862,0.7433342183210989
202506180809,43,Partner,Verbal_NonVerbal,0.5,0,2,1,0.0,0,1,1,1,0,0,EN,,,,,,,,,1.0,0.0,1,1,1,958,0.5,0.5,0.4826578368217556,0.4010751249600508,0.3063246180901297,0.28121415932474686,0.2632546507487852,0.24408084065706157,0.24656273440755475,0.2478005372659606,0.2540122964159888
202506180809,44,Partner,Verbal_NonVerbal,0.5,1,2,1,0.0,0,1,1,1,0,0,EN,,,,,,,,,1.0,0.0,1,1,1,959,0.5,0.5,0.49688066604689834,0.4896630887466439,0.41240956135777046,0.35805152446646443,0.35526044190759504,0.3673463829306981,0.35254915264862136,0.3134350961939237,0.2819853503425405
202506180809,45,Partner,Verbal_NonVerbal,0.5,0,2,1,0.5,0,1,1,1,0,0,EN,,,,,,,,,1.0,0.0,0,1,1,960,0.5,0.5,0.45859181612977107,0.4215660027088448,0.3685324133949336,0.3223604802100316,0.30942837632866105,0.29722941420618065,0.28200054657909196,0.27596520955044523,0.4450272140873133
202506180809,46,Partner,Verbal_NonVerbal,0.5,1,2,1,0.5,0,-1,-1,1,0,1,EN,,,,,,,,,0.0,1.0,1,1,1,961,0.5,0.5,0.4936439389933938,0.40398266259586657,0.45159908720035,0.5119432669274951,0.6068478765395607,0.6227825063153806,0.6545078489293363,0.6966451015279527,0.728845946946839
202506180809,47,Partner,Verbal_NonVerbal,0.5,0,2,1,1.0,0,1,1,1,0,0,EN,,,,,,,,,1.0,0.0,1,1,1,962,0.5,0.5,0.4573022390861934,0.36484962129694026,0.29160608848309916,0.2742534579298931,0.25840283221526744,0.23877106641581783,0.23633429779904533,0.23746967144652964,0.23420389705269964
202506180809,48,Partner,Verbal_NonVerbal,0.5,1,2,1,1.0,0,1,1,1,1,1,EN,,,,,,,,,1.0,0.0,0,0,1,963,0.5,0.5,0.5291221015478721,0.5901693517969812,0.6734759444773023,0.71379699968577,0.7358327954019597,0.7601816836482079,0.7707465709590611,0.7553868281029061,0.7165087446879841
202506180809,49,Partner,Verbal_NonVerbal,0.5,0,2,1,0.0,0,1,1,1,0,0,EN,,,,,,,,,1.0,0.0,1,1,1,964,0.5,0.5,0.48314174456358894,0.4659186005943686,0.3941004887929729,0.3524855956342098,0.3422482277857648,0.32975945941225077,0.32951441158442646,0.3308089944327473,0.4610206434075791
202506180809,50,Partner,Verbal_NonVerbal,0.5,1,2,1,0.0,0,1,1,1,1,1,EN,,,,,,,,,1.0,0.0,0,0,1,965,0.5,0.5,0.5226071185455604,0.5787603809371114,0.6580142224747301,0.6903459465609988,0.6898003291322797,0.6802328323226012,0.6718704238694182,0.6820587028835067,0.6724756814165335
202506180809,51,Partner,Verbal_NonVerbal,0.5,0,2,1,0.5,0,1,1,1,1,1,EN,,,,,,,,,1.0,0.0,0,0,1,966,0.5,0.5,0.542956320548402,0.5818943693082853,0.6375823750646546,0.6736631110781072,0.6809070656827834,0.6885113770890737,0.7343931088215778,0.7463429791951893,0.7569518593351955
202506180809,52,Partner,Verbal_NonVerbal,0.5,1,2,1,0.5,0,1,1,1,1,1,EN,,,,,,,,,1.0,0.0,0,0,1,967,0.5,0.5,0.5429532197252541,0.6321214348653452,0.7038652117817263,0.7333981764769798,0.7350617158633687,0.7276127820951772,0.729140573041552,0.7224126578508842,0.6987388485077255
202506180809,53,Partner,Verbal_NonVerbal,0.5,0,2,1,1.0,0,1,1,1,1,1,EN,,,,,,,,,1.0,0.0,1,0,1,968,0.5,0.5,0.5443184058124075,0.5842679217759633,0.6445219014235676,0.6822744320328513,0.6675002509815245,0.6588839820846261,0.6707613304823483,0.6778881084670263,0.5558511576244322
202506180809,54,Partner,Verbal_NonVerbal,0.5,1,2,1,1.0,0,1,1,1,0,0,EN,,,,,,,,,1.0,0.0,1,1,1,969,0.5,0.5,0.4580078769543459,0.38827495982264754,0.31139639147422793,0.2517423808329778,0.22673685010332298,0.22109087605915004,0.21646119026506486,0.21149351766233074,0.20001713181074307
202506180809,55,Partner,Verbal_NonVerbal,0.5,0,2,1,0.0,0,1,1,1,0,0,EN,,,,,,,,,1.0,0.0,1,1,1,970,0.5,0.5,0.4825855485297589,0.40284643687379107,0.3053428921766362,0.27461608035666873,0.2769711510740566,0.2778465968360147,0.16297023471657393,0.31623585255180564,0.43356353881939963
202506180809,56,Partner,Verbal_NonVerbal,0.5,1,2,1,0.0,0,1,1,1,1,1,EN,,,,,,,,,1.0,0.0,0,0,1,971,0.5,0.5,0.5224927056424656,0.5641915387199804,0.6372919607632258,0.6234753838052113,0.5900046347165908,0.5699944899542236,0.47106148821538557,0.490917266766729,0.5079653742064292
202506180809,57,Partner,Verbal_NonVerbal,0.5,0,2,1,0.5,0,1,1,1,1,1,EN,,,,,,,,,1.0,0.0,0,0,1,972,0.5,0.5,0.5425002928796386,0.6315861320556126,0.7140044342512718,0.7430525632468462,0.7444637301336209,0.7409220694742791,0.7362520689150324,0.7344584573021739,0.7330680805236955
202506180809,58,Partner,Verbal_NonVerbal,0.5,1,2,1,0.5,0,1,1,1,0,0,EN,,,,,,,,,1.0,0.0,-1,1,1,973,0.5,0.5,0.4578143267224431,0.4203558122064527,0.372205018212547,0.3408877594620511,0.30292812782186146,0.24796368130259733,0.43952234050883093,0.419322044216229,0.39140575315511233
202506180809,59,Partner,Verbal_NonVerbal,0.5,0,2,1,1.0,0,1,1,1,0,0,EN,,,,,,,,,1.0,0.0,1,1,1,974,0.5,0.5,0.4567868174824169,0.36713072685798215,0.30976427724739375,0.2997797218832014,0.27646598103968345,0.25639987620274424,0.24192943387150703,0.25920005499657806,0.2672368936612639
202506180809,61,Partner,Verbal_NonVerbal,0.5,0,2,1,0.0,0,0,0,1,1,-1,EN,,,,,,,,,0.0,0.0,1,0,1,975,0.5,0.5,0.5188675850503051,0.5377001626282991,0.5575264458646227,0.5609022639954577,0.5608709944637867,0.5602294284443249,0.45342165201505413,0.4773169588390783,0.4767004711378317
202506180809,62,Partner,Verbal_NonVerbal,0.5,1,2,1,0.0,0,-1,-1,1,0,1,EN,,,,,,,,,0.0,1.0,0,1,1,976,0.5,0.5,0.4827159062564394,0.40012357723502057,0.3950562855189698,0.4932069052385468,0.6076765481167851,0.620040693300708,0.651408329871113,0.5305677249947315,0.7036722574974373
202506180809,63,Partner,Verbal_NonVerbal,0.5,0,2,1,0.5,0,1,1,1,0,0,EN,,,,,,,,,1.0,0.0,1,1,1,977,0.5,0.5,0.4590384500132918,0.422249241058705,0.40977821763249284,0.40397703614863545,0.39959160435270374,0.3925699110026943,0.32357449519159076,0.3236441965226807,0.32460475857950344
202506180809,64,Partner,Verbal_NonVerbal,0.5,1,2,1,0.5,0,1,1,1,1,1,EN,,,,,,,,,1.0,0.0,1,0,1,978,0.5,0.5,0.5077410839192249,0.5942357156826648,0.6818263757471292,0.7084982141954194,0.7133599431651353,0.7097249322865069,0.6979202163609125,0.7087469691108544,0.6996170114301205
202506180809,65,Partner,Verbal_NonVerbal,0.5,0,2,1,1.0,0,1,1,1,0,0,EN,,,,,,,,,1.0,0.0,1,1,1,979,0.5,0.5,0.4577468186441749,0.4200550499918053,0.3496096963117765,0.30535220205057745,0.28144772323203515,0.2603338011022981,0.2541809373728085,0.2499448603645965,0.25216975346981196
202506180809,66,Partner,Verbal_NonVerbal,0.5,1,2,1,1.0,0,1,1,1,0,0,EN,,,,,,,,,1.0,0.0,1,1,1,980,0.5,0.5,0.4765790151808946,0.44917656476580153,0.3708833617708519,0.2958069891102762,0.2719528944052921,0.3406955488583256,0.4678065468004464,0.4513879621236811,0.34459109783194364
202506180809,67,Partner,Verbal_NonVerbal,0.5,0,2,1,0.0,0,1,1,1,0,0,EN,,,,,,,,,1.0,0.0,1,1,1,981,0.5,0.5,0.4828245543281059,0.404678437463528,0.3064958110759365,0.2661790982774166,0.25953838031246446,0.2553857379366834,0.45197370489660393,0.4331398029700522,0.4721608762279662
202506180809,68,Partner,Verbal_NonVerbal,0.5,1,2,1,0.0,0,1,1,1,0,0,EN,,,,,,,,,1.0,0.0,0,1,1,982,0.5,0.5,0.478773888769933,0.42459576792234344,0.35546382837259616,0.3327153687841454,0.42154429883918715,0.46966883208414745,0.49434670364255484,0.513977352004984,0.5216503022539105
202506180809,69,Partner,Verbal_NonVerbal,0.5,0,2,1,0.5,0,1,1,1,0,0,EN,,,,,,,,,1.0,0.0,1,1,1,983,0.5,0.5,0.45861310609054795,0.4217963129022746,0.3519258918824161,0.30730457051601323,0.3064363493039474,0.3032996071933325,0.260116953622111,0.2634972181918245,0.2690602371155534
202506180809,70,Partner,Verbal_NonVerbal,0.5,1,2,1,0.5,0,1,1,1,0,0,EN,,,,,,,,,1.0,0.0,1,1,1,984,0.5,0.5,0.4598551382315816,0.3682158926741967,0.38751915851590174,0.34724230289322877,0.4849394428000693,0.576821327000176,0.5764740350105187,0.5033854613535496,0.44252791101802336
202506180809,71,Partner,Verbal_NonVerbal,0.5,0,2,1,1.0,0,1,1,1,0,0,EN,,,,,,,,,1.0,0.0,1,1,1,985,0.5,0.5,0.45754616182158153,0.36751009768085824,0.30039167446179205,0.28807654635922664,0.2952609260698413,0.2975896430018931,0.299112687423525,0.33278553172020753,0.3810206663251705
202506180809,72,Partner,Verbal_NonVerbal,0.5,1,2,1,1.0,0,1,1,1,1,1,EN,,,,,,,,,1.0,0.0,1,0,1,986,0.5,0.5,0.5439086796323966,0.5839512703095846,0.6428692668128357,0.6813384117429496,0.6829114967588218,0.6844938272712519,0.6893239105510535,0.7244587225231782,0.7501279273828934
202506180809,73,Partner,Verbal_NonVerbal,0.5,0,2,1,0.0,0,1,1,1,1,1,EN,,,,,,,,,1.0,0.0,1,0,1,987,0.5,0.5,0.5184783746718756,0.5996447021776828,0.6797531337012553,0.6966100823037793,0.6970934342397949,0.6545778022561018,0.6805542704999874,0.700619704309997,0.6795524174103303
202506180809,74,Partner,Verbal_NonVerbal,0.5,1,2,1,0.0,0,1,1,1,0,0,EN,,,,,,,,,1.0,0.0,0,1,1,988,0.5,0.5,0.47948930075695495,0.42854691138933393,0.3617408871256657,0.42663742754369544,0.3758303924174615,0.33205124314860923,0.2856964728536502,0.26897065437581813,0.259883323542113
202506180809,75,Partner,Verbal_NonVerbal,0.5,0,2,1,0.5,0,1,1,1,1,1,EN,,,,,,,,,1.0,0.0,1,0,1,989,0.5,0.5,0.5437071840194604,0.6339994661320152,0.7118231577894873,0.736871155401352,0.7364517561689107,0.6843922640130838,0.7094051609171234,0.7110939746242972,0.7096378028613677
202506180809,76,Partner,Verbal_NonVerbal,0.5,1,2,1,0.5,0,1,1,1,0,0,EN,,,,,,,,,1.0,0.0,1,1,1,990,0.5,0.5,0.4583651562355557,0.42142289912928116,0.3766554759542875,0.3487982545108968,0.35156250682188417,0.48436051699263943,0.4978225515882298,0.43167546816433205,0.4330133985873529
202506180809,77,Partner,Verbal_NonVerbal,0.5,0,2,1,1.0,0,1,1,1,1,1,EN,,,,,,,,,1.0,0.0,0,0,1,991,0.5,0.5,0.5440983470251871,0.6349984987263545,0.7123126901607019,0.7379144956528427,0.7418645353576436,0.7473795151964958,0.7523997542758115,0.75784596870865,0.7653870907746255
202506180809,78,Partner,Verbal_NonVerbal,0.5,1,2,1,1.0,0,1,1,1,0,0,EN,,,,,,,,,1.0,0.0,1,1,1,992,0.5,0.5,0.45809074619137213,0.36826896890167704,0.2848768273750556,0.23704067783046853,0.217107362577127,0.21326415080494956,0.21021630069907007,0.2061528519330495,0.19235762400166143
202506180809,79,Partner,Verbal_NonVerbal,0.5,0,2,1,0.0,0,1,1,1,1,1,EN,,,,,,,,,1.0,0.0,0,1,1,993,0.5,0.5,0.5184504649092204,0.6002113301252295,0.6708102199855461,0.6811500890131647,0.6775456811517033,0.6545561396051177,0.6442970242561918,0.6644066003284386,0.648512025378193
202506180809,80,Partner,Verbal_NonVerbal,0.5,1,2,1,0.0,0,1,1,1,1,1,EN,,,,,,,,,1.0,0.0,1,0,1,994,0.5,0.5,0.5221714657811504,0.6020832298570731,0.6976303213882158,0.7299411893046093,0.7303246848633959,0.7333194959249181,0.7686926532881262,0.7786035184906692,0.789366789470589
202506180809,81,Partner,Verbal_NonVerbal,0.5,0,2,1,0.5,0,-1,-1,1,1,0,EN,,,,,,,,,0.0,1.0,1,0,1,995,0.5,0.5,0.5429081608561174,0.58201712625703,0.6075843414852785,0.6198627124517125,0.616187533089955,0.6019356564917118,0.4564958646306585,0.4567118767730115,0.4449058046467319
202506180809,82,Partner,Verbal_NonVerbal,0.5,1,2,1,0.5,0,-1,-1,1,1,0,EN,,,,,,,,,0.0,1.0,1,0,1,996,0.5,0.5,0.5436043115711707,0.5834057457580556,0.4756411621999477,0.3764951036910323,0.5076774390302512,0.6440099727690364,0.5154810763770422,0.4296980470931338,0.432322066686973
202506180809,83,Partner,Verbal_NonVerbal,0.5,0,2,1,1.0,0,1,1,1,1,1,EN,,,,,,,,,1.0,0.0,0,1,1,997,0.5,0.5,0.5440399051385156,0.6331414706702908,0.7052225925845433,0.7273619112479172,0.7279452560545512,0.7244492673508635,0.837573430875062,0.8338338999888999,0.8322786202596313
202506180809,84,Partner,Verbal_NonVerbal,0.5,1,2,1,1.0,0,1,1,1,1,1,EN,,,,,,,,,1.0,0.0,0,0,1,998,0.5,0.5,0.5003416585647764,0.5861099718477017,0.6865240272120403,0.71994461500725,0.7448456098989483,0.7674279277554696,0.7734632433334073,0.7782328700649787,0.7803743466958605
202506180809,85,Partner,Verbal_NonVerbal,0.5,0,2,1,0.0,0,1,1,1,0,0,EN,,,,,,,,,1.0,0.0,1,1,1,999,0.5,0.5,0.48300145151877494,0.4658478865962207,0.4113505279903396,0.3641367346501262,0.34972861010240075,0.34735973324669545,0.3421698348617132,0.3370095388232757,0.33465692556308946
202506180809,86,Partner,Verbal_NonVerbal,0.5,1,2,1,0.0,0,1,1,1,0,0,EN,,,,,,,,,1.0,0.0,1,1,1,1000,0.5,0.5,0.478655933880211,0.39688207898069894,0.3685762538593338,0.4198998196632837,0.48417569809526523,0.48649759666082704,0.4876203679728173,0.41333946279991324,0.3250469181966399
202506180809,87,Partner,Verbal_NonVerbal,0.5,0,2,1,0.5,0,1,1,1,0,0,EN,,,,,,,,,1.0,0.0,1,1,1,1001,0.5,0.5,0.4582390074416985,0.37158205311259457,0.30919253452815076,0.2959891954613906,0.32190483735424996,0.3418388097474312,0.30405807197751555,0.275279023611144,0.27616737169498395
202506180809,88,Partner,Verbal_NonVerbal,0.5,1,2,1,0.5,0,1,1,1,1,1,EN,,,,,,,,,1.0,0.0,0,0,1,1002,0.5,0.5,0.5433918640381271,0.632813457451735,0.6904778203325578,0.7129636235478046,0.7240750652091911,0.7307929095391894,0.5513169992455672,0.640583983489337,0.6864250776085781
202506180809,89,Partner,Verbal_NonVerbal,0.5,0,2,1,1.0,0,1,1,1,0,0,EN,,,,,,,,,1.0,0.0,1,1,1,1003,0.5,0.5,0.4589189782409416,0.3687817724891376,0.28839505552150285,0.29480529129073957,0.3407288755004914,0.37104723579920906,0.38505498588101744,0.38568659399224436,0.3850217627117098
202506180809,90,Partner,Verbal_NonVerbal,0.5,1,2,1,1.0,0,1,1,1,0,0,EN,,,,,,,,,1.0,0.0,1,1,1,1004,0.5,0.5,0.4580573499004644,0.41134522108557425,0.34172802508971395,0.27131032990113935,0.24757947914641354,0.25459235878944003,0.26092559055072406,0.3543820120003464,0.47854620908819956
202506180809,91,Partner,Verbal_NonVerbal,0.5,0,2,1,0.0,0,1,1,1,1,1,EN,,,,,,,,,1.0,0.0,0,0,1,1005,0.5,0.5,0.5185333139618954,0.6000498246162406,0.6952817602592669,0.7253044398024533,0.7035606463181561,0.6869299669587164,0.5161647759296644,0.5282025661811898,0.5490183541579704
202506180809,92,Partner,Verbal_NonVerbal,0.5,1,2,1,0.0,0,1,1,1,1,1,EN,,,,,,,,,1.0,0.0,0,0,1,1006,0.5,0.5,0.5225229084884195,0.6030636505204493,0.6864736821960018,0.7260724964139756,0.7382279651985516,0.7273726315249178,0.5693297841625473,0.5131218586120389,0.5749089310013672
202506180809,93,Partner,Verbal_NonVerbal,0.5,0,2,1,0.5,0,1,1,1,0,0,EN,,,,,,,,,1.0,0.0,1,1,1,1007,0.5,0.5,0.4587060077857754,0.42184335375099674,0.39263800430185364,0.3818835717417333,0.388139857997949,0.38961273023983073,0.19529678719249788,0.22150777485634823,0.24387581921422632
202506180809,94,Partner,Verbal_NonVerbal,0.5,1,2,1,0.5,0,1,1,1,0,0,EN,,,,,,,,,1.0,0.0,1,0,1,1008,0.5,0.5,0.45874568913708086,0.36661001951557515,0.43242648312888,0.343983050338498,0.3213983152157619,0.3224032295189441,0.48915594152034797,0.48915012084325554,0.424546215302899
202506180809,95,Partner,Verbal_NonVerbal,0.5,0,2,1,1.0,0,1,1,1,1,1,EN,,,,,,,,,1.0,0.0,0,0,1,1009,0.5,0.5,0.5436930910831754,0.5834799472878192,0.6297923455619179,0.6573687281763813,0.6577047326362513,0.6553953968477958,0.6521864792467735,0.650508558239301,0.6412029402940832
202506180809,96,Partner,Verbal_NonVerbal,0.5,1,2,1,1.0,0,1,1,1,0,0,EN,,,,,,,,,1.0,0.0,1,1,1,1010,0.5,0.5,0.4573589957864987,0.41932514877455557,0.36858981755037895,0.3046033826608856,0.2791970025166875,0.3118119135430212,0.3492995340741562,0.35856874948356365,0.38206508274011286
202506180809,97,Partner,Verbal_NonVerbal,0.5,0,2,1,0.0,0,-1,-1,1,0,1,EN,,,,,,,,,0.0,1.0,1,1,1,1011,0.5,0.5,0.48254035654563415,0.4652865601982247,0.43465036108302907,0.42048621915083084,0.4211248372386862,0.42222715630339486,0.5908530556224103,0.5976179539366402,0.5876973357464038
202506180809,98,Partner,Verbal_NonVerbal,0.5,1,2,1,0.0,0,-1,-1,1,0,1,EN,,,,,,,,,0.0,1.0,0,1,1,1012,0.5,0.5,0.47887567291395017,0.39641805249670675,0.4478160938982528,0.5112289441850851,0.5685098623007572,0.6328917910239388,0.6210346494266878,0.6639433120789021,0.6991111144368971
202506180809,99,Partner,Verbal_NonVerbal,0.5,0,2,1,0.5,0,1,1,1,0,0,EN,,,,,,,,,1.0,0.0,0,1,1,1013,0.5,0.5,0.45852773915303613,0.4215928806790564,0.3494780945789641,0.3047192585927362,0.2991686794429269,0.29003540927439714,0.27858328877788674,0.2714275795084427,0.27261924744258187
202506180809,100,Partner,Verbal_NonVerbal,0.5,1,2,1,0.5,0,1,1,1,0,0,EN,,,,,,,,,1.0,0.0,1,1,1,1014,0.5,0.5,0.4580722329332689,0.3898776262478446,0.31259596556096036,0.26320937866088834,0.23943502097490715,0.20911822716939155,0.1843766940614535,0.22653212938676495,0.2153958190722916
202506180809,101,Partner,Verbal_NonVerbal,0.5,0,2,1,1.0,0,1,1,1,1,1,EN,,,,,,,,,1.0,0.0,0,0,1,1015,0.5,0.5,0.5441700089858317,0.6326689069806191,0.7049368608128966,0.728088340399768,0.7038414122745218,0.6860051750814257,0.7100665157123087,0.7288594319544991,0.6895647209060144
202506180809,102,Partner,Verbal_NonVerbal,0.5,1,2,1,1.0,0,1,1,1,1,1,EN,,,,,,,,,1.0,0.0,0,0,1,1016,0.5,0.5,0.5075860190825615,0.5235399235142497,0.5805241748048352,0.6205986498353249,0.621083222386403,0.630358095658858,0.6462041195684196,0.6576176523464574,0.6654148266961024
202506180809,103,Partner,Verbal_NonVerbal,0.5,0,2,1,0.0,0,1,1,1,0,0,EN,,,,,,,,,1.0,0.0,1,1,1,1017,0.5,0.5,0.48258318989907484,0.4653294262993242,0.40649127808251406,0.3575601438299448,0.30344223648272833,0.27056777336748794,0.2711858031560682,0.2530581456012961,0.2524125824574622
202506180809,104,Partner,Verbal_NonVerbal,0.5,1,2,1,0.0,0,1,1,1,1,1,EN,,,,,,,,,1.0,0.0,0,0,1,1018,0.5,0.5,0.5226125301118981,0.5437484252187427,0.6165905851878893,0.661406224648215,0.6519448286497164,0.6510090139804986,0.7069871142153058,0.7028422722143196,0.6961959158910156
202506180809,105,Partner,Verbal_NonVerbal,0.5,0,2,1,0.5,0,1,1,1,1,1,EN,,,,,,,,,1.0,0.0,0,0,1,1019,0.5,0.5,0.5431747673193229,0.5823012086522364,0.620923441936004,0.6383713723229748,0.6112072030533078,0.5774829114195229,0.5453739301446008,0.518406151748417,0.5062960053085339
202506180809,106,Partner,Verbal_NonVerbal,0.5,1,2,1,0.5,0,1,1,1,1,1,EN,,,,,,,,,1.0,0.0,0,0,1,1020,0.5,0.5,0.5438590138853161,0.583905684082732,0.6450725412363524,0.684291204570682,0.6857404940382024,0.6851637103921996,0.5534678434901283,0.5719212670295103,0.5811972191028361
202506180809,107,Partner,Verbal_NonVerbal,0.5,0,2,1,1.0,0,1,1,1,1,1,EN,,,,,,,,,1.0,0.0,0,0,1,1021,0.5,0.5,0.5442262869341009,0.6339560763559107,0.6960888485524512,0.7101419790399461,0.7132027176826453,0.720365400762511,0.7280065648615135,0.734153653135127,0.7418328675596785
202506180809,108,Partner,Verbal_NonVerbal,0.5,1,2,1,1.0,0,1,1,1,0,0,EN,,,,,,,,,1.0,0.0,1,1,1,1022,0.5,0.5,0.4578327734902095,0.42036461345209686,0.36884209296534926,0.2951067008165287,0.26484603365893494,0.24338386440719476,0.4400530762999828,0.4485040894137314,0.45390785062309835
202506180809,109,Partner,Verbal_NonVerbal,0.5,0,2,1,0.0,0,1,1,1,0,0,EN,,,,,,,,,1.0,0.0,1,1,1,1023,0.5,0.5,0.48265202562538,0.4654461719859289,0.3836677657898604,0.33104617826760646,0.32197615695018045,0.30685050853139484,0.29571652600827714,0.2902053839675441,0.2809443271168675
202506180809,110,Partner,Verbal_NonVerbal,0.5,1,2,1,0.0,0,1,1,1,0,0,EN,,,,,,,,,1.0,0.0,1,1,1,1024,0.5,0.5,0.479059202770493,0.425175018420719,0.3509653682495922,0.32071277377383645,0.31734474573872096,0.31164511320491917,0.2906765996169343,0.32102205919308835,0.3028523525773169
202506180809,112,Partner,Verbal_NonVerbal,0.5,1,2,1,0.5,0,1,1,1,0,0,EN,,,,,,,,,1.0,0.0,0,1,1,1025,0.5,0.5,0.4583865403398716,0.4213355707694311,0.3492738612226032,0.41407949815250117,0.32557588142584937,0.30036702069051563,0.3033722058549283,0.35804547429391614,0.42488396235900294
202506180809,113,Partner,Verbal_NonVerbal,0.5,0,2,1,1.0,0,1,1,1,0,0,EN,,,,,,,,,1.0,0.0,1,1,1,1026,0.5,0.5,0.4578324822099313,0.4202007875759425,0.39676841526443424,0.38425088967950016,0.38387179260029913,0.3982657417856082,0.5115470285636704,0.4746026900469381,0.4899864124334394
202506180809,114,Partner,Verbal_NonVerbal,0.5,1,2,1,1.0,0,1,1,1,0,0,EN,,,,,,,,,1.0,0.0,1,1,1,1027,0.5,0.5,0.4730041650027413,0.3876761269114383,0.30102020598093404,0.2764886332346078,0.27880975920451473,0.2816984205510695,0.324909662526458,0.36230680997842496,0.35822018286375984
202506180809,115,Partner,Verbal_NonVerbal,0.5,0,2,1,0.0,0,1,1,1,0,0,EN,,,,,,,,,1.0,0.0,0,1,1,1028,0.5,0.5,0.4827668559835156,0.40544149391862816,0.33203269598022,0.3165816082974547,0.28887327397405604,0.262098446680478,0.4591437234064228,0.4679313679161601,0.46341871353024566
202506180809,116,Partner,Verbal_NonVerbal,0.5,1,2,1,0.0,0,1,1,1,0,0,EN,,,,,,,,,1.0,0.0,1,1,1,1029,0.5,0.5,0.47868915231034637,0.459849776757777,0.39162461226668677,0.3478472412542906,0.3378678418632823,0.32264451329997396,0.32689793374493686,0.3126151371897676,0.30754797306970705
202506180809,118,Partner,Verbal_NonVerbal,0.5,1,2,1,0.5,0,1,1,1,0,0,EN,,,,,,,,,1.0,0.0,1,1,1,1030,0.5,0.5,0.5003858951927694,0.4115900955732654,0.3240782621473438,0.31300026446768825,0.3262831781538884,0.32877100046577357,0.5042384211718264,0.5182457453197067,0.5198606628079313
202506180809,119,Partner,Verbal_NonVerbal,0.5,0,2,1,1.0,0,1,1,1,0,0,EN,,,,,,,,,1.0,0.0,1,1,1,1031,0.5,0.5,0.4574279933455387,0.3675717170318559,0.30707255547721457,0.2947097305715764,0.29462290003433916,0.29205927301358864,0.46943425821932483,0.4479182420533815,0.4216486693997129
202506180809,120,Partner,Verbal_NonVerbal,0.5,1,2,1,1.0,0,1,1,1,0,0,EN,,,,,,,,,1.0,0.0,1,1,1,1032,0.5,0.5,0.45801389037307905,0.36534603373057245,0.28155954472897904,0.23938163117677724,0.20962938906946638,0.2023627194038434,0.42616371092541383,0.3755260886616553,0.31035482036971984
202506180809,121,Partner,Verbal_NonVerbal,0.5,0,2,1,0.0,0,1,1,1,0,0,EN,,,,,,,,,1.0,0.0,1,1,1,1033,0.5,0.5,0.48279019234613346,0.465668294447292,0.40631235012168965,0.37301405865425813,0.3832799178250901,0.3890360043171249,0.38802252283571037,0.34928757236085095,0.30380300572791774
202506180809,122,Partner,Verbal_NonVerbal,0.5,1,2,1,0.0,0,1,1,1,0,0,EN,,,,,,,,,1.0,0.0,1,1,1,1034,0.5,0.5,0.4916738010615612,0.4047856009058827,0.31315878876418046,0.27800410518434315,0.26790810664792786,0.3139325281046958,0.26767411009337455,0.3410269822364483,0.3819524199507134
202506180809,123,Partner,Verbal_NonVerbal,0.5,0,2,1,0.5,0,1,1,1,0,0,EN,,,,,,,,,1.0,0.0,1,1,1,1035,0.5,0.5,0.4586538636899752,0.4217213380584618,0.4120991893628769,0.4134329690309025,0.42298177758757605,0.4326544910014214,0.4333419887225487,0.4500694790849028,0.46430149021977724
202506180809,124,Partner,Verbal_NonVerbal,0.5,1,2,1,0.5,0,1,1,1,0,0,EN,,,,,,,,,1.0,0.0,1,1,1,1036,0.5,0.5,0.4579490683356514,0.3914129965461251,0.3358766596475788,0.3147905857486074,0.31352983575188137,0.31435631491051885,0.3080341623105074,0.26622203168491926,0.229098311585562
202506180809,125,Partner,Verbal_NonVerbal,0.5,0,2,1,1.0,0,1,1,1,0,0,EN,,,,,,,,,1.0,0.0,1,1,1,1037,0.5,0.5,0.45737685254754434,0.3730956135442412,0.30179230842769483,0.2784787707636063,0.2791466566978198,0.30695141158884504,0.3519320948192369,0.38856306643769856,0.41872825503805366
202506180809,126,Partner,Verbal_NonVerbal,0.5,1,2,1,1.0,0,1,1,1,0,0,EN,,,,,,,,,1.0,0.0,0,1,1,1038,0.5,0.5,0.45882281014817927,0.421617868749896,0.3737387264972034,0.30595799831839865,0.2786421415745584,0.280846410717172,0.47135413556001554,0.4714275892691361,0.47145351833255905
202506180809,127,Partner,Verbal_NonVerbal,0.5,0,2,1,0.0,0,1,1,1,0,0,EN,,,,,,,,,1.0,0.0,1,1,1,1039,0.5,0.5,0.4827817064458714,0.4654722366024283,0.4050726804793585,0.370414363390786,0.33691944544788555,0.3296266169742149,0.3262813613965746,0.3220608980937227,0.31733426882805177
202506180809,128,Partner,Verbal_NonVerbal,0.5,1,2,1,0.0,0,1,1,1,0,0,EN,,,,,,,,,1.0,0.0,1,1,1,1040,0.5,0.5,0.47912249668908985,0.396384439538033,0.48296146296908854,0.46343968440526045,0.4393347955040579,0.4200747614753498,0.38268248051648757,0.3304907119918399,0.2728384479891333
202506180809,129,Partner,Verbal_NonVerbal,0.5,0,2,1,0.5,0,1,1,1,1,1,EN,,,,,,,,,1.0,0.0,0,0,1,1041,0.5,0.5,0.5414948367974789,0.6320677162255034,0.6895775373397356,0.6987062519958822,0.7022606791633347,0.7125452335153344,0.7203253757906677,0.7271717630677026,0.7366056054478607
202506180809,130,Partner,Verbal_NonVerbal,0.5,1,2,1,0.5,0,1,1,1,0,0,EN,,,,,,,,,1.0,0.0,1,1,1,1042,0.5,0.5,0.4572172527769802,0.41925366422418786,0.36012732162825073,0.4158636532769117,0.36710415600586693,0.3676390350532369,0.4199632909677175,0.4652398058943268,0.4723196837409267
202506180809,131,Partner,Verbal_NonVerbal,0.5,0,2,1,1.0,0,1,1,1,0,0,EN,,,,,,,,,1.0,0.0,1,1,1,1043,0.5,0.5,0.4576011774699394,0.3698722558496199,0.2909019093616935,0.26781548246048825,0.2998827602930416,0.3118813219110537,0.4816314504431933,0.4826112034622848,0.4870934578915407
202506180809,132,Partner,Verbal_NonVerbal,0.5,1,2,1,1.0,0,1,1,1,0,0,EN,,,,,,,,,1.0,0.0,1,1,1,1044,0.5,0.5,0.47548482900854333,0.3898410959367292,0.3038322536172578,0.2699507103714637,0.26110187085408415,0.25806454674331264,0.24084863032447265,0.2326246067972487,0.24191455124201763
202506180809,133,Partner,Verbal_NonVerbal,0.5,0,2,1,0.0,0,1,1,1,1,1,EN,,,,,,,,,1.0,0.0,1,0,1,1045,0.5,0.5,0.518765144652935,0.5379196490199392,0.6098707423832868,0.6518479499760302,0.6520878932312402,0.6425385940282523,0.5454954954845866,0.563366510270303,0.5486881326774602
202506180809,134,Partner,Verbal_NonVerbal,0.5,1,2,1,0.0,0,1,1,1,0,0,EN,,,,,,,,,1.0,0.0,1,1,1,1046,0.5,0.5,0.47880796244727264,0.460027943915433,0.4045593639493059,0.3337173246074973,0.306969892647195,0.31295386818141374,0.31623913667501347,0.31634483011604325,0.32186233512472373
202506180809,136,Partner,Verbal_NonVerbal,0.5,1,2,1,0.5,0,1,1,1,1,1,EN,,,,,,,,,1.0,0.0,0,0,1,1047,0.5,0.5,0.5433783545412787,0.6155489879107946,0.6800524182636783,0.7064912104428334,0.6979449850419565,0.6951327026829062,0.6959298047796251,0.705318569621962,0.718486173265374
202506180809,137,Partner,Verbal_NonVerbal,0.5,0,2,1,1.0,0,1,1,1,0,0,EN,,,,,,,,,1.0,0.0,1,1,1,1048,0.5,0.5,0.4570488978158517,0.36621363131325846,0.2832143083122229,0.2556651499048996,0.25698916437360125,0.236458896806522,0.2188882630579443,0.21754599491656354,0.28678718821880933
202506180809,138,Partner,Verbal_NonVerbal,0.5,1,2,1,1.0,0,1,1,1,0,0,EN,,,,,,,,,1.0,0.0,1,1,1,1049,0.5,0.5,0.4573660847741243,0.38515476556595357,0.3276524124695124,0.2789629048065691,0.25556887755067276,0.257205110206536,0.2601658139111539,0.26442209761847985,0.3087386292198357
202506180809,139,Partner,Verbal_NonVerbal,0.5,0,2,1,0.0,0,1,1,1,1,1,EN,,,,,,,,,1.0,0.0,0,1,1,1050,0.5,0.5,0.5188339421572127,0.5379237177512716,0.5803747569213461,0.6028740915697416,0.6549233575209372,0.6535373052126514,0.6150118210533347,0.6791921354852355,0.6757624456054915
202506180809,140,Partner,Verbal_NonVerbal,0.5,1,2,1,0.0,0,1,1,1,0,0,EN,,,,,,,,,1.0,0.0,0,1,1,1051,0.5,0.5,0.47828940303690903,0.45910903711041734,0.37216689149923776,0.36457882210572484,0.35119675968946434,0.3553840544877877,0.5125321605380081,0.571086984246987,0.42771263229847895
202506180809,141,Partner,Verbal_NonVerbal,0.5,0,2,1,0.5,0,1,1,1,0,0,EN,,,,,,,,,1.0,0.0,1,1,1,1052,0.5,0.5,0.4580491840784023,0.3747431693986041,0.3370719596315179,0.3420220966980195,0.3427672624617306,0.3466051528199062,0.35218671184301625,0.35676911884467094,0.34960111489215256
202506180809,142,Partner,Verbal_NonVerbal,0.5,1,2,1,0.5,0,1,1,1,1,1,EN,,,,,,,,,1.0,0.0,0,0,1,1053,0.5,0.5,0.5086463123681907,0.5334573764136111,0.6179026454722616,0.667870873024694,0.6698998013163918,0.6608941972562384,0.6498196819537703,0.6459687310373967,0.6384104793195708
202506180809,143,Partner,Verbal_NonVerbal,0.5,0,2,1,1.0,0,1,1,1,0,0,EN,,,,,,,,,1.0,0.0,0,1,1,1054,0.5,0.5,0.4572363677421392,0.41924458799747183,0.3484477484397985,0.30801487219193885,0.3178571499598289,0.33117225275466333,0.36544547424785345,0.41183865812670023,0.452498977360326
202506180809,144,Partner,Verbal_NonVerbal,0.5,1,2,1,1.0,0,1,1,1,0,0,EN,,,,,,,,,1.0,0.0,1,1,1,1055,0.5,0.5,0.49366450355627095,0.47868644591299075,0.40307650582413024,0.3553848951655558,0.358663691641883,0.31289886234733233,0.2585489532348194,0.23910192957299023,0.27316761764804137
202506180809,145,Partner,Verbal_NonVerbal,0.5,0,2,1,0.0,0,1,1,1,0,0,EN,,,,,,,,,1.0,0.0,1,1,1,1056,0.5,0.5,0.4826033957199512,0.46520684363514864,0.38985225399981405,0.34865348492984616,0.3596902842985998,0.3694962527059939,0.391577675109011,0.40887065705846143,0.40984065123551067
202506180809,146,Partner,Verbal_NonVerbal,0.5,1,2,1,0.0,0,1,1,1,0,0,EN,,,,,,,,,1.0,0.0,1,1,1,1057,0.5,0.5,0.5002047488457562,0.41269065725599385,0.32023741784209125,0.26810641713479694,0.24295823952309706,0.22862278903131952,0.11087119490874182,0.10522280301950697,0.10296474629913924
202506180809,147,Partner,Verbal_NonVerbal,0.5,0,2,1,0.5,0,1,1,1,0,0,EN,,,,,,,,,1.0,0.0,1,0,1,1058,0.5,0.5,0.4585528733062477,0.3685058749739463,0.2962415885289706,0.27891947707987236,0.2842400500402905,0.28529055254222646,0.25385246214333806,0.3331276135573768,0.36065090865048316
202506180809,148,Partner,Verbal_NonVerbal,0.5,1,2,1,0.5,0,1,1,1,1,1,EN,,,,,,,,,1.0,0.0,0,0,1,1059,0.5,0.5,0.5440420910276705,0.5841886833959479,0.5015756531248392,0.554875340585009,0.5573536152557382,0.5668937768024035,0.5830508061954421,0.584073606304425,0.5914299969539796
202506180809,149,Partner,Verbal_NonVerbal,0.5,0,2,1,1.0,0,1,1,1,1,1,EN,,,,,,,,,1.0,0.0,0,0,1,1060,0.5,0.5,0.5441063616033933,0.6345311237955102,0.7031065348106467,0.7224492407715306,0.7225026242901267,0.714782363963457,0.6957407849325645,0.696286346518435,0.7059164142805389
202506180809,150,Partner,Verbal_NonVerbal,0.5,1,2,1,1.0,0,1,1,1,0,0,EN,,,,,,,,,1.0,0.0,1,1,1,1061,0.5,0.5,0.45777924415429205,0.4041978703751507,0.334953930706747,0.28155920032709625,0.26623893522109193,0.2924181881329272,0.25862033286407643,0.22278115446272412,0.3247812995239652
202506180809,151,Partner,Verbal_NonVerbal,0.5,0,2,1,0.0,0,1,1,1,0,0,EN,,,,,,,,,1.0,0.0,1,1,1,1062,0.5,0.5,0.4832842557948959,0.46600633151948995,0.3814082131579113,0.33205024911977504,0.30750589882967655,0.28625458563945294,0.2882176793776122,0.30211480044472416,0.33145804737442747
202506180809,152,Partner,Verbal_NonVerbal,0.5,1,2,1,0.0,0,1,1,1,0,0,EN,,,,,,,,,1.0,0.0,1,1,1,1063,0.5,0.5,0.47874376855483564,0.44707704128854586,0.3916533759458585,0.3673382711676834,0.3740559129355968,0.3791304068078937,0.4412024799857186,0.5433942828088172,0.5428118400843722
202506180809,153,Partner,Verbal_NonVerbal,0.5,0,2,1,0.5,0,1,1,1,1,1,EN,,,,,,,,,1.0,0.0,0,0,1,1064,0.5,0.5,0.5430758786742353,0.6330828834400657,0.7120070985230003,0.7382744035511478,0.7145179920753338,0.6338149729487608,0.5573316503556165,0.6378147994352728,0.6437513928895313
202506180809,154,Partner,Verbal_NonVerbal,0.5,1,2,1,0.5,0,1,1,1,0,0,EN,,,,,,,,,1.0,0.0,0,1,1,1065,0.5,0.5,0.4584694775792482,0.36762945783142364,0.40438697618773217,0.47602551213478617,0.4761859322505696,0.46618500192348555,0.47673903935897644,0.5148414953265881,0.48682633794990254
202506180809,155,Partner,Verbal_NonVerbal,0.5,0,2,1,1.0,0,1,1,1,0,0,EN,,,,,,,,,1.0,0.0,1,0,1,1066,0.5,0.5,0.45754296950882334,0.41979609367629905,0.3579097717487119,0.32092515280547196,0.30836418703391044,0.29345632436352914,0.4744088688273436,0.4582167123072433,0.4605295347908791
202506180809,156,Partner,Verbal_NonVerbal,0.5,1,2,1,1.0,0,0,0,1,0,-1,EN,,,,,,,,,0.0,0.0,1,1,1,1067,0.5,0.5,0.4578056224925191,0.3677298861859561,0.2908054256643389,0.272412502536041,0.2811839559766748,0.28380002412904987,0.4780525074063434,0.5010710985904353,0.5222666716038412
202506180809,157,Partner,Verbal_NonVerbal,0.5,0,2,1,0.0,0,1,1,1,0,0,EN,,,,,,,,,1.0,0.0,1,1,1,1068,0.5,0.5,0.48255532050851097,0.4652939507125179,0.37569894172374496,0.32604464313429604,0.33180291762879527,0.33496342916450206,0.20134323124070921,0.19004377339618136,0.17955222036757765
202506180809,158,Partner,Verbal_NonVerbal,0.5,1,2,1,0.0,0,1,1,1,1,1,EN,,,,,,,,,1.0,0.0,0,0,1,1069,0.5,0.5,0.5226100146278444,0.5438260458760349,0.5890683343667711,0.5278099786144783,0.586607678005609,0.5964665460502516,0.7579742563620778,0.7643046572441944,0.7712371973918001
202506180809,159,Partner,Verbal_NonVerbal,0.5,0,2,1,0.5,0,1,1,1,0,0,EN,,,,,,,,,1.0,0.0,1,1,1,1070,0.5,0.5,0.45854735338864255,0.36744443651591996,0.306227269747936,0.2924416149867567,0.28708400452794347,0.27820565040354167,0.26258235862411844,0.24969627933875735,0.23939911174995124
202506180809,160,Partner,Verbal_NonVerbal,0.5,1,2,1,0.5,0,1,1,1,0,0,EN,,,,,,,,,1.0,0.0,1,1,1,1071,0.5,0.5,0.4578672337803686,0.4205749513212128,0.36719981808177016,0.3358044588395257,0.33915110958600886,0.34063308424322714,0.4470613729324704,0.4472044484153072,0.46043279347350996
202506180809,161,Partner,Verbal_NonVerbal,0.5,0,2,1,1.0,0,1,1,1,0,0,EN,,,,,,,,,1.0,0.0,1,1,1,1072,0.5,0.5,0.4574694014057802,0.3668411742681963,0.2854671247223776,0.2587916315976324,0.2960122349222124,0.3794344935383702,0.44621838872433095,0.44723139103128046,0.38777849812247633
202506180809,162,Partner,Verbal_NonVerbal,0.5,1,2,1,1.0,0,1,1,1,0,0,EN,,,,,,,,,1.0,0.0,1,1,1,1073,0.5,0.5,0.4579466261855008,0.4206149890216306,0.36296193705328106,0.3036169766363998,0.28509671426926486,0.28763594856341057,0.2895877815917492,0.29638943022024444,0.30254387096643154
202506180809,163,Partner,Verbal_NonVerbal,0.5,0,2,1,0.0,0,1,1,1,0,0,EN,,,,,,,,,1.0,0.0,1,1,1,1074,0.5,0.5,0.4826865137877824,0.40089244192561785,0.3066113889612531,0.2838330930530467,0.29220448630039686,0.31079195345048666,0.45260611981630033,0.40490487024396377,0.42355701839388404
202506180809,164,Partner,Verbal_NonVerbal,0.5,1,2,1,0.0,0,1,1,1,1,1,EN,,,,,,,,,1.0,0.0,0,0,1,1075,0.5,0.5,0.5227757261424687,0.601580638487894,0.6852810524916754,0.7118062369962272,0.7110772063419419,0.5838464855936929,0.6465546900472614,0.6513590121600775,0.6860039260864623
202506180809,165,Partner,Verbal_NonVerbal,0.5,0,2,1,0.5,0,1,1,1,0,0,EN,,,,,,,,,1.0,0.0,0,1,1,1076,0.5,0.5,0.4594673005558294,0.42269671240970597,0.3516593004195211,0.31103956382815745,0.323921361153087,0.3342991694676848,0.3356740869644336,0.336140261316408,0.3781582742514741
202506180809,166,Partner,Verbal_NonVerbal,0.5,1,2,1,0.5,0,1,1,1,0,0,EN,,,,,,,,,1.0,0.0,1,1,1,1077,0.5,0.5,0.45758038412237356,0.4203391190120035,0.3910139697247987,0.37620249501189446,0.4639324294160645,0.5190736220174132,0.4154026748734299,0.37429283932812,0.37331090003196005
202506180809,167,Partner,Verbal_NonVerbal,0.5,0,2,1,1.0,0,1,1,1,1,1,EN,,,,,,,,,1.0,0.0,0,0,1,1078,0.5,0.5,0.544298963887816,0.5842947821458877,0.6190943896904261,0.6392074292967046,0.6383305587714762,0.6373403237410662,0.6431346889086464,0.6490603873111965,0.6367395852584753
202506180809,168,Partner,Verbal_NonVerbal,0.5,1,2,1,1.0,0,1,1,1,1,1,EN,,,,,,,,,1.0,0.0,0,0,1,1079,0.5,0.5,0.5457720870422168,0.5864332928617729,0.6346935274829026,0.6679213367896923,0.713302104475054,0.7103371037406405,0.6892192732142918,0.7083717281209129,0.715503663520601
202506180809,169,Partner,Verbal_NonVerbal,0.5,0,2,1,0.0,0,1,1,1,0,0,EN,,,,,,,,,1.0,0.0,1,1,1,1080,0.5,0.5,0.4826263553527761,0.4651195562576313,0.4115584203752262,0.3851930865349361,0.3920164856052283,0.37494851064622436,0.30190586660700874,0.3246646310366979,0.34129339323157554
202506180809,170,Partner,Verbal_NonVerbal,0.5,1,2,1,0.0,0,1,1,1,1,1,EN,,,,,,,,,1.0,0.0,0,0,1,1081,0.5,0.5,0.5141002378590469,0.5855038509936251,0.6537904494469992,0.6711543920699929,0.6746075474089125,0.6559282621923319,0.499568419993235,0.5402217028738453,0.609038444873498
202506180809,171,Partner,Verbal_NonVerbal,0.5,0,2,1,0.5,0,1,1,1,1,1,EN,,,,,,,,,1.0,0.0,0,0,1,1082,0.5,0.5,0.542893424337715,0.6250714080094665,0.6822581200873353,0.6948922513189473,0.6984324097187783,0.7062708972146636,0.7172880237931614,0.729869208158321,0.7465110225969741
202506180809,172,Partner,Verbal_NonVerbal,0.5,1,2,1,0.5,0,-1,-1,1,1,0,EN,,,,,,,,,0.0,1.0,1,0,1,1083,0.5,0.5,0.5424224624092724,0.6204227733071982,0.5627517965977025,0.48491157536840807,0.2988714653275837,0.253598470082096,0.25425035302936744,0.4230255777216865,0.4585383074318941
202506180809,173,Partner,Verbal_NonVerbal,0.5,0,2,1,1.0,0,1,1,1,0,0,EN,,,,,,,,,1.0,0.0,0,1,1,1084,0.5,0.5,0.45695544599255217,0.4187047657552826,0.40397760894518714,0.39479925190865134,0.38863916219861383,0.3871295818548572,0.5469965001754303,0.6205105481229084,0.6286242870896904
202506180809,174,Partner,Verbal_NonVerbal,0.5,1,2,1,1.0,0,1,1,1,1,1,EN,,,,,,,,,1.0,0.0,0,1,1,1085,0.5,0.5,0.5427486445470848,0.6171730586559218,0.6881076973640375,0.717426283686237,0.7198062313997282,0.7386974120213519,0.7558484226262708,0.7657497954468586,0.6375291224552713
202506180809,175,Partner,Verbal_NonVerbal,0.5,0,2,1,0.0,0,1,1,1,1,1,EN,,,,,,,,,1.0,0.0,0,0,1,1086,0.5,0.5,0.5185117435735177,0.5367116760723792,0.6077951026416368,0.6519415657685742,0.6573885403446436,0.6389195172043413,0.6705838459827571,0.6982865090527027,0.7155835209984364
202506180809,176,Partner,Verbal_NonVerbal,0.5,1,2,1,0.0,0,-1,-1,1,0,1,EN,,,,,,,,,0.0,1.0,0,1,1,1087,0.5,0.5,0.47811090075521184,0.3954136611701913,0.42728189312772685,0.49920624998088486,0.6505771337592708,0.5943424345451129,0.6144083061657929,0.48855588018368923,0.5259374683363517
202506180809,177,Partner,Verbal_NonVerbal,0.5,0,2,1,0.5,0,1,1,1,1,1,EN,,,,,,,,,1.0,0.0,0,0,1,1088,0.5,0.5,0.5453663730447088,0.6293238582960383,0.6968721559283451,0.7176803099713177,0.7174897034443819,0.6981245533776156,0.6996496475746965,0.7107203873645934,0.7144228753460954
202506180809,178,Partner,Verbal_NonVerbal,0.5,1,2,1,0.5,0,1,1,1,0,0,EN,,,,,,,,,1.0,0.0,0,1,1,1089,0.5,0.5,0.45724847564442817,0.4190252259841605,0.34944573959859926,0.4244802668850761,0.3703582909414095,0.3806126085468031,0.38636787838195397,0.38819117660009755,0.3886715785505207
202506180809,179,Partner,Verbal_NonVerbal,0.5,0,2,1,1.0,0,1,1,1,1,1,EN,,,,,,,,,1.0,0.0,0,0,1,1090,0.5,0.5,0.5416770682391184,0.6313633276261044,0.7061151048415821,0.7299118306629978,0.7336331894440339,0.7435581972574148,0.7517752495945603,0.7546355091027184,0.757350012593948
202506180809,180,Partner,Verbal_NonVerbal,0.5,1,2,1,1.0,0,1,1,1,1,1,EN,,,,,,,,,1.0,0.0,0,0,1,1091,0.5,0.5,0.5281159597355655,0.558181001254881,0.6389593126349926,0.6848459544622242,0.6903956211860087,0.704752017621516,0.7169722838829012,0.731352262707221,0.7194799905879573
202506180809,181,Partner,Verbal_NonVerbal,0.5,0,2,1,0.0,0,1,1,1,1,1,EN,,,,,,,,,1.0,0.0,0,0,1,1092,0.5,0.5,0.5166800413266414,0.5972126916315885,0.6886036397611107,0.7180344446598913,0.7187691389455731,0.717911662357114,0.5329790769633898,0.5500627117190953,0.5591432953615293
202506180809,182,Partner,Verbal_NonVerbal,0.5,1,2,1,0.0,0,1,1,1,1,1,EN,,,,,,,,,1.0,0.0,0,0,1,1093,0.5,0.5,0.5223173371725691,0.542960962379609,0.6028083008874872,0.6396560832673098,0.6435394256142773,0.6037731125406923,0.5994396669007542,0.6179528941587636,0.6201242228197303
202506180809,183,Partner,Verbal_NonVerbal,0.5,0,2,1,0.5,0,1,1,1,0,0,EN,,,,,,,,,1.0,0.0,1,1,1,1094,0.5,0.5,0.457636457987268,0.4199513344019832,0.35226651811419185,0.31953329849613477,0.32831059977129234,0.35159655668690093,0.39439362370169156,0.4309372402996837,0.4582587231727311
202506180809,184,Partner,Verbal_NonVerbal,0.5,1,2,1,0.5,0,1,1,1,0,0,EN,,,,,,,,,1.0,0.0,1,1,1,1095,0.5,0.5,0.45808752019369026,0.42005742085157916,0.36212825877470295,0.3329102828153023,0.34083630400466614,0.3404816974255402,0.36800309825966826,0.39399182762029067,0.3952628739099338
202506180809,185,Partner,Verbal_NonVerbal,0.5,0,2,1,1.0,0,1,1,1,0,0,EN,,,,,,,,,1.0,0.0,1,1,1,1096,0.5,0.5,0.4554676062789656,0.36421801409483123,0.2894314409313044,0.26473894640399936,0.24722332101692587,0.23342953982364795,0.4607943227342562,0.4841913557122219,0.48965634047643525
202506180809,186,Partner,Verbal_NonVerbal,0.5,1,2,1,1.0,0,1,1,1,0,0,EN,,,,,,,,,1.0,0.0,1,1,1,1097,0.5,0.5,0.4564461249203403,0.4179125683569127,0.3636111399018647,0.32821533430532124,0.3263371400884785,0.31352599618572324,0.4659176009287449,0.4064180009444575,0.3691828943420148
202506180809,187,Partner,Verbal_NonVerbal,0.5,0,2,1,0.0,0,1,1,1,0,0,EN,,,,,,,,,1.0,0.0,1,0,1,1098,0.5,0.5,0.4821258454503903,0.4647663114794746,0.38867777206082305,0.3509325578898736,0.3314946745665925,0.37933004336499754,0.3691386314583019,0.2992377934995795,0.25038333904696525
202506180809,188,Partner,Verbal_NonVerbal,0.5,1,2,1,0.0,0,1,1,1,0,0,EN,,,,,,,,,1.0,0.0,1,1,1,1099,0.5,0.5,0.5007059844245557,0.4992206298760714,0.4800940954999641,0.4670659458442015,0.47425997559979904,0.4821653655483643,0.49658469492448915,0.5074433077704193,0.4238076631180943
202506180809,189,Partner,Verbal_NonVerbal,0.5,0,2,1,0.5,0,1,1,1,0,0,EN,,,,,,,,,1.0,0.0,1,1,1,1100,0.5,0.5,0.457996197541898,0.3746152750849214,0.31060012217112176,0.2850154231894271,0.2784225783780921,0.27930101622546505,0.2767595535592434,0.27297128229188483,0.25691038642031655
202506180809,190,Partner,Verbal_NonVerbal,0.5,1,2,1,0.5,0,1,1,1,0,0,EN,,,,,,,,,1.0,0.0,0,0,1,1101,0.5,0.5,0.457475423213047,0.3702045601817702,0.4679949556527427,0.48705508445344536,0.3828531927232393,0.4687489585078038,0.6110980296682955,0.440613901654506,0.30787823036834866
202506180809,191,Partner,Verbal_NonVerbal,0.5,0,2,1,1.0,0,1,1,1,0,0,EN,,,,,,,,,1.0,0.0,1,1,1,1102,0.5,0.5,0.4605196669736904,0.423762898316552,0.3762031792197169,0.3495731267727668,0.34296520829550564,0.33692998104538624,0.3460122511492874,0.3503835892539941,0.3091385217325285
202506180809,192,Partner,Verbal_NonVerbal,0.5,1,2,1,1.0,0,1,1,1,1,1,EN,,,,,,,,,1.0,0.0,0,0,1,1103,0.5,0.5,0.5437268180111909,0.6330853066355705,0.6870224536854239,0.695641480906138,0.7006779950984091,0.7084169684055636,0.7148262301562373,0.7164410549990556,0.7166893592285856
202506180809,193,Partner,Verbal_NonVerbal,0.5,0,2,1,0.0,0,1,1,1,0,0,EN,,,,,,,,,1.0,0.0,1,1,1,1104,0.5,0.5,0.48270587536447623,0.4653610113572048,0.4165969700156317,0.38932038372776323,0.3897863516594169,0.4059238513648469,0.4304205826822618,0.44803035952965437,0.457666038881909
202506180809,194,Partner,Verbal_NonVerbal,0.5,1,2,1,0.0,0,1,1,1,0,0,EN,,,,,,,,,1.0,0.0,1,1,1,1105,0.5,0.5,0.47837202577343874,0.45902110946714664,0.385825450988513,0.34026002743270245,0.33802163498242693,0.362143355803291,0.3314249150106413,0.40035343082400754,0.3440087169620205
202506180809,195,Partner,Verbal_NonVerbal,0.5,0,2,1,0.5,0,1,1,1,1,1,EN,,,,,,,,,1.0,0.0,0,0,1,1106,0.5,0.5,0.5433825527749947,0.6277157513102806,0.7010830630095359,0.726628794544622,0.726568776446042,0.7146636025339276,0.7040052323944327,0.7114615215506622,0.7162493855773137
202506180809,196,Partner,Verbal_NonVerbal,0.5,1,2,1,0.5,0,-1,-1,1,1,0,EN,,,,,,,,,0.0,1.0,1,0,1,1107,0.5,0.5,0.5436254215591537,0.6329291845963548,0.7100379131939905,0.7117200824575435,0.6720960689874536,0.5949328943438847,0.43703543248283705,0.4430544334514067,0.44745502723360353
202506180809,197,Partner,Verbal_NonVerbal,0.5,0,2,1,1.0,0,1,1,1,1,1,EN,,,,,,,,,1.0,0.0,0,0,1,1108,0.5,0.5,0.5524471553156094,0.6378047362199288,0.7122755716487018,0.7573202728837908,0.7761498692848562,0.7791972214998292,0.8011411440619656,0.7997987133325415,0.777594439087686
202506180809,198,Partner,Verbal_NonVerbal,0.5,1,2,1,1.0,0,-1,-1,1,0,1,EN,,,,,,,,,0.0,1.0,0,1,1,1109,0.5,0.5,0.5015101638142906,0.41310615601205014,0.3156454521827702,0.2972911406188867,0.32834054557544956,0.3779058845741695,0.5378780215641406,0.5877298633970243,0.5073866250231489
202506180809,199,Partner,Verbal_NonVerbal,0.5,0,2,1,0.0,0,1,1,1,0,0,EN,,,,,,,,,1.0,0.0,1,1,1,1110,0.5,0.5,0.48268937522199445,0.46509849434270967,0.4356502203882425,0.4225561754867785,0.40954170565000114,0.39413527748250504,0.37575352849092863,0.36177601489318156,0.361665600509132
202506180809,200,Partner,Verbal_NonVerbal,0.5,1,2,1,0.0,0,1,1,1,1,1,EN,,,,,,,,,1.0,0.0,0,0,1,1111,0.5,0.5,0.5226361523823198,0.5793645819498003,0.6665783007697543,0.7024920778371798,0.7070329696442795,0.6883418176995605,0.6930657894792587,0.6978279690294789,0.6950824260460754
202506180809,201,Partner,Verbal_NonVerbal,0.5,0,2,1,0.5,0,-1,-1,1,0,1,EN,,,,,,,,,0.0,1.0,1,0,1,1112,0.5,0.5,0.4526528647102431,0.3688230691177618,0.29153436266039234,0.3067293584805593,0.34918166121642763,0.35805077902363147,0.5305158601192651,0.5503014757791058,0.5676250853751253
202506180809,202,Partner,Verbal_NonVerbal,0.5,1,2,1,0.5,0,1,1,1,0,0,EN,,,,,,,,,1.0,0.0,1,1,1,1113,0.5,0.5,0.4548382405640785,0.38586535291450663,0.32456696699962917,0.29850984041181766,0.2918984322576068,0.2796820159339017,0.2569509355486405,0.2338486546511275,0.21295735860734094
202506180809,203,Partner,Verbal_NonVerbal,0.5,0,2,1,1.0,0,1,1,1,0,0,EN,,,,,,,,,1.0,0.0,0,1,1,1114,0.5,0.5,0.45792746521456484,0.37217370075390355,0.29762858532079534,0.2794387020133973,0.28664395404473375,0.287932437818871,0.2885841790374287,0.4473798509949059,0.5470405800782479
202506180809,204,Partner,Verbal_NonVerbal,0.5,1,2,1,1.0,0,1,1,1,1,1,EN,,,,,,,,,1.0,0.0,0,0,1,1115,0.5,0.5,0.5011388190334712,0.5069329988404543,0.585245737274542,0.6753074362675555,0.7360615208745698,0.7803766770833584,0.8001951831940628,0.8084118048005343,0.8259806153566761
202506180809,205,Partner,Verbal_NonVerbal,0.5,0,2,1,0.0,0,1,1,1,0,0,EN,,,,,,,,,1.0,0.0,1,0,1,1116,0.5,0.5,0.4813120154396266,0.464004785876824,0.3956227173834888,0.35970397402745735,0.36925990139139214,0.37446437726854853,0.3163636829772329,0.3853345701387921,0.4222414292283997
202506180809,206,Partner,Verbal_NonVerbal,0.5,1,2,1,0.0,0,1,1,1,1,1,EN,,,,,,,,,1.0,0.0,0,0,1,1117,0.5,0.5,0.5001537991519324,0.5849373903677341,0.6638810888884422,0.6831263111662546,0.6858749756241815,0.6759308225273427,0.6750819148103855,0.6853744198175662,0.6822934129060858
202506180809,207,Partner,Verbal_NonVerbal,0.5,0,2,1,0.5,0,1,1,1,1,1,EN,,,,,,,,,1.0,0.0,0,0,1,1118,0.5,0.5,0.5498519547950909,0.5909431033457695,0.6307705155806798,0.6539450925325152,0.6534577268668361,0.6161516209757449,0.6314083060084543,0.6538207679522838,0.6884460438896851
202506180809,208,Partner,Verbal_NonVerbal,0.5,1,2,1,0.5,0,1,1,1,1,1,EN,,,,,,,,,1.0,0.0,0,0,1,1119,0.5,0.5,0.5427861017468423,0.610709487466378,0.6815761925833168,0.734228911114824,0.7693210408979011,0.7754816028934207,0.7735440644102509,0.7788780523106476,0.7833876440222497
202506180809,209,Partner,Verbal_NonVerbal,0.5,0,2,1,1.0,0,1,1,1,0,0,EN,,,,,,,,,1.0,0.0,1,1,1,1120,0.5,0.5,0.45573449870507704,0.37180958038581835,0.29787250510793667,0.2805050673782167,0.289681987648115,0.29170646939162426,0.2931427421231858,0.29499929110895673,0.33087441081675667
202506180809,210,Partner,Verbal_NonVerbal,0.5,1,2,1,1.0,0,1,1,1,0,0,EN,,,,,,,,,1.0,0.0,1,1,1,1121,0.5,0.5,0.4550174010219215,0.3843386216691761,0.33556888931271434,0.3142168345964364,0.30390598218525866,0.29939001346145216,0.29560660524374804,0.29138729429337384,0.2836631488857508
202506180809,211,Partner,Verbal_NonVerbal,0.5,0,2,1,0.0,0,1,1,1,0,0,EN,,,,,,,,,1.0,0.0,0,1,1,1122,0.5,0.5,0.4792754375295044,0.4625378941087868,0.4287286556592246,0.41504413883924757,0.42556782417391553,0.43632084838492124,0.4399870775533035,0.44038467454516816,0.4505347903543524
202506180809,213,Partner,Verbal_NonVerbal,0.5,0,2,1,0.5,0,1,1,1,0,0,EN,,,,,,,,,1.0,0.0,1,1,1,1123,0.5,0.5,0.4572710091586129,0.4196878071555447,0.39497083306139574,0.385583579347207,0.38818878632351816,0.405340229178838,0.42770539781061273,0.4422299998215434,0.45854000789088184
202506180809,214,Partner,Verbal_NonVerbal,0.5,1,2,1,0.5,0,1,1,1,1,1,EN,,,,,,,,,1.0,0.0,0,0,1,1124,0.5,0.5,0.543729654723787,0.6330221428713235,0.7117034692284819,0.7391085013743974,0.7430758000391529,0.742398785839266,0.5342285946457485,0.5643951277592438,0.5802665997348391
202506180809,215,Partner,Verbal_NonVerbal,0.5,0,2,1,1.0,0,1,1,1,0,0,EN,,,,,,,,,1.0,0.0,1,1,1,1125,0.5,0.5,0.45182997636033817,0.4119321063437296,0.35461322377841187,0.3253947789880845,0.3339679656690756,0.33590099655759376,0.38727947343339125,0.44468311274229316,0.4497375677731316
202506180809,216,Partner,Verbal_NonVerbal,0.5,1,2,1,1.0,0,1,1,1,0,0,EN,,,,,,,,,1.0,0.0,1,1,1,1126,0.5,0.5,0.45705161444024717,0.3651554521365497,0.2897384951052101,0.26198374529595875,0.2566764562215871,0.254714093511347,0.25767091397247927,0.27412581625337434,0.33580035670306574
202506180809,217,Partner,Verbal_NonVerbal,0.5,0,2,1,0.0,0,1,1,1,1,1,EN,,,,,,,,,1.0,0.0,0,0,1,1127,0.5,0.5,0.5184237119198929,0.5875965191516951,0.6594932451939484,0.6777896184940153,0.6821688100763913,0.7008960603540417,0.7164173591724459,0.7220586832408785,0.7252794713503614
202506180809,218,Partner,Verbal_NonVerbal,0.5,1,2,1,0.0,0,1,1,1,0,0,EN,,,,,,,,,1.0,0.0,0,1,1,1128,0.5,0.5,0.47875623774639076,0.4261610792981092,0.338027556855557,0.30018269572043416,0.29947119784934617,0.3301100472153768,0.30052291726564023,0.37309597069012934,0.31849761406423915
202506180809,219,Partner,Verbal_NonVerbal,0.5,0,2,1,0.5,0,1,1,1,0,0,EN,,,,,,,,,1.0,0.0,0,1,1,1129,0.5,0.5,0.4499393161860629,0.41228628310751186,0.37171403274428,0.3127168461429154,0.2564068688508923,0.2333178242505309,0.44601833194975055,0.4480723628041247,0.45846011248809115
202506180809,220,Partner,Verbal_NonVerbal,0.5,1,2,1,0.5,0,1,1,1,0,0,EN,,,,,,,,,1.0,0.0,1,1,1,1130,0.5,0.5,0.45722036387487824,0.3649362117464738,0.3801861584675273,0.3405274329327685,0.3702247548280649,0.39663544269831214,0.3412978455515106,0.3503862057392046,0.3295428556549699
202506180809,221,Partner,Verbal_NonVerbal,0.5,0,2,1,1.0,0,1,1,1,1,1,EN,,,,,,,,,1.0,0.0,0,0,1,1131,0.5,0.5,0.5503293927864877,0.5920969500004819,0.6523821747872551,0.6910300938111387,0.6917006325942585,0.6903286532229583,0.689928930733629,0.6959043402591867,0.6608808322817729
202506180809,222,Partner,Verbal_NonVerbal,0.5,1,2,1,1.0,0,1,1,1,0,0,EN,,,,,,,,,1.0,0.0,1,1,1,1132,0.5,0.5,0.5008817793341999,0.49843268452268225,0.4512114512065482,0.401874584491668,0.3908159088291784,0.4099449562361033,0.38063601429128346,0.36181572975191767,0.367483953170705
202506180809,224,Partner,Verbal_NonVerbal,0.5,1,2,1,0.0,0,-1,-1,1,1,0,EN,,,,,,,,,0.0,1.0,1,0,1,1133,0.5,0.5,0.5225433443598321,0.6020413307338282,0.5613788378219705,0.5005800139820991,0.4732030904798952,0.40722939529489255,0.5288313871151467,0.4935754408748737,0.3424471000768556
202506180809,225,Partner,Verbal_NonVerbal,0.5,0,2,1,0.5,0,1,1,1,0,0,EN,,,,,,,,,1.0,0.0,1,1,1,1134,0.5,0.5,0.4616192036791132,0.36976829407021783,0.2856986782699228,0.2596763525650883,0.26211445851523446,0.24042895728157326,0.23127258244962406,0.24006849616323542,0.24033984604922873
202506180809,226,Partner,Verbal_NonVerbal,0.5,1,2,1,0.5,0,1,1,1,1,1,EN,,,,,,,,,1.0,0.0,0,0,1,1135,0.5,0.5,0.543605480338829,0.6124854036545572,0.688429927420519,0.7454117051169281,0.7630182849028164,0.7693272790789742,0.7634744772608761,0.7565515459483547,0.747300344194883
202506180809,227,Partner,Verbal_NonVerbal,0.5,0,2,1,1.0,0,1,1,1,0,0,EN,,,,,,,,,1.0,0.0,0,0,1,1136,0.5,0.5,0.44861789325050666,0.3652591249153802,0.3071996825774132,0.2929216839366005,0.2708798036574286,0.25157130941323713,0.3251200718750689,0.3973106742083361,0.4132783613670229
202506180809,228,Partner,Verbal_NonVerbal,0.5,1,2,1,1.0,0,1,1,1,1,1,EN,,,,,,,,,1.0,0.0,0,0,1,1137,0.5,0.5,0.5437714652631317,0.6330151730094321,0.6933410156651909,0.7130945681199189,0.7229848783680471,0.7275553902839722,0.7308613048723733,0.7364316961483195,0.7441278501544648
202506180809,229,Partner,Verbal_NonVerbal,0.5,0,2,1,0.0,0,1,1,1,1,1,EN,,,,,,,,,1.0,0.0,1,0,1,1138,0.5,0.5,0.5173559216274397,0.5966195307613676,0.6960095770718476,0.7292554616749155,0.7285749613029708,0.68263192596212,0.5334972279900307,0.5632597729750958,0.4768980709493217
202506180809,230,Partner,Verbal_NonVerbal,0.5,1,2,1,0.0,0,1,1,1,1,1,EN,,,,,,,,,1.0,0.0,0,0,1,1139,0.5,0.5,0.500220924694882,0.5205345809318309,0.6048385731209156,0.6552761019922765,0.6575179645970287,0.6572140677707454,0.6549680945242217,0.6528616991173063,0.6512499772313286
202506180809,231,Partner,Verbal_NonVerbal,0.5,0,2,1,0.5,0,1,1,1,0,0,EN,,,,,,,,,1.0,0.0,0,1,1,1140,0.5,0.5,0.45581836724259633,0.4179898949358619,0.40481718603242006,0.40280480675635,0.4076492122440612,0.4124726107348569,0.4710201435867736,0.41350732933924206,0.509772394384828
202506180809,232,Partner,Verbal_NonVerbal,0.5,1,2,1,0.5,0,-1,-1,1,0,1,EN,,,,,,,,,0.0,1.0,0,1,1,1141,0.5,0.5,0.4580520179036517,0.3657655922076828,0.4175391577819383,0.3566335896859945,0.4929656580344711,0.6261359418412689,0.6567741650812882,0.659426305117891,0.552138691864986
202506180809,233,Partner,Verbal_NonVerbal,0.5,0,2,1,1.0,0,1,1,1,0,0,EN,,,,,,,,,1.0,0.0,1,1,1,1142,0.5,0.5,0.46004899447883757,0.3720302640575165,0.2919501542217967,0.25884486805266893,0.25270799511386566,0.25196324755340166,0.22118633116349634,0.21632392517331403,0.21629119431816493
202506180809,234,Partner,Verbal_NonVerbal,0.5,1,2,1,1.0,0,1,1,1,1,1,EN,,,,,,,,,1.0,0.0,0,0,1,1143,0.5,0.5,0.5442992921972799,0.6338310276321834,0.7134427568154662,0.7467327727552666,0.7550499728941887,0.7627284432467056,0.7689163199338255,0.7693778102470785,0.7702999847754259
202506180809,235,Partner,Verbal_NonVerbal,0.5,0,2,1,0.0,0,1,1,1,1,1,EN,,,,,,,,,1.0,0.0,1,0,1,1144,0.5,0.5,0.518148240841183,0.5966965302814913,0.690433321343284,0.7223890552084531,0.7061179125470802,0.6941225514391802,0.7008156717302199,0.702279844585965,0.7002014799675144
202506180809,236,Partner,Verbal_NonVerbal,0.5,1,2,1,0.0,0,1,1,1,0,0,EN,,,,,,,,,1.0,0.0,1,1,1,1145,0.5,0.5,0.4780104415012874,0.4587642898686685,0.3790985782964904,0.3301031733948651,0.32807259140842465,0.3192420200508426,0.30994825257629294,0.30679310594572784,0.3032403524111662
202506180809,237,Partner,Verbal_NonVerbal,0.5,0,2,1,0.5,0,-1,-1,1,0,1,EN,,,,,,,,,0.0,1.0,0,1,1,1146,0.5,0.5,0.4588508195917667,0.42191503826501503,0.39904478117976705,0.3883063267703086,0.38757990726395364,0.516308770738434,0.6128777469203286,0.6249245053536082,0.6753929377868048
202506180809,238,Partner,Verbal_NonVerbal,0.5,1,2,1,0.5,0,1,1,1,0,0,EN,,,,,,,,,1.0,0.0,1,1,1,1147,0.5,0.5,0.45757934783422033,0.4199582598067259,0.3643817314905222,0.2906138061068718,0.23462359120301732,0.21114199855556648,0.20319383717171355,0.19498731141196082,0.20422261827693614
202506180809,239,Partner,Verbal_NonVerbal,0.5,0,2,1,1.0,0,1,1,1,1,1,EN,,,,,,,,,1.0,0.0,0,0,1,1148,0.5,0.5,0.5435243302767949,0.6329971252735442,0.7069336510542448,0.7311561056345822,0.7050780710411807,0.6852732991886303,0.6949243441353998,0.7094531769083304,0.7210396182417451
202506180809,240,Partner,Verbal_NonVerbal,0.5,1,2,1,1.0,0,1,1,1,1,1,EN,,,,,,,,,1.0,0.0,0,0,1,1149,0.5,0.5,0.5419795682587524,0.5813122095548856,0.6510744606129185,0.6948656329440963,0.7003815318060846,0.7109707886908905,0.7214716727036968,0.7294544833381296,0.7354843982531375
202506180809,241,Partner,Verbal_NonVerbal,0.5,0,2,1,0.0,0,1,1,1,0,0,EN,,,,,,,,,1.0,0.0,1,1,1,1150,0.5,0.5,0.48198633981220596,0.4648806054476626,0.37635758922941676,0.3241787341731579,0.31876330639735334,0.3070124686218255,0.25936698483452353,0.2550797207333414,0.25562096898922837
202506180809,242,Partner,Verbal_NonVerbal,0.5,1,2,1,0.0,0,-1,-1,1,0,1,EN,,,,,,,,,0.0,1.0,1,1,1,1151,0.5,0.5,0.49652382800943035,0.40920811737017515,0.4842524194590621,0.5182570875245862,0.4956730684236067,0.5073217144890834,0.5563113723943666,0.5281113998399554,0.5390852396157887
202506180809,243,Partner,Verbal_NonVerbal,0.5,0,2,1,0.5,0,1,1,1,1,1,EN,,,,,,,,,1.0,0.0,0,0,1,1152,0.5,0.5,0.5435555810194175,0.6349897683525438,0.7154066178963783,0.7428015878044465,0.7462731690545145,0.7373626674820178,0.7360319433940112,0.7540399349002848,0.7443856993889678
202506180809,244,Partner,Verbal_NonVerbal,0.5,1,2,1,0.5,0,1,1,1,0,0,EN,,,,,,,,,1.0,0.0,1,1,1,1153,0.5,0.5,0.5010482129334849,0.4822926129486542,0.4635958336829568,0.465842170664963,0.4696656476207149,0.47046830521451016,0.4509331995077397,0.49766302123874295,0.5031469062805605
202506180809,245,Partner,Verbal_NonVerbal,0.5,0,2,1,1.0,0,1,1,1,1,1,EN,,,,,,,,,1.0,0.0,0,0,1,1154,0.5,0.5,0.5446911713470922,0.6333983269075467,0.6886253702836495,0.6989461474773531,0.7008810252817292,0.6968145952836167,0.693218918306585,0.6941509780960541,0.6922083382777343
202506180809,246,Partner,Verbal_NonVerbal,0.5,1,2,1,1.0,0,1,1,1,0,0,EN,,,,,,,,,1.0,0.0,1,1,1,1155,0.5,0.5,0.46017212690963777,0.3681391027285243,0.30494383747146414,0.27221937575141575,0.2510549521367234,0.22621369214171186,0.20220043513538158,0.19256333281211338,0.1832258416419491
202506180809,247,Partner,Verbal_NonVerbal,0.5,0,2,1,0.0,0,1,1,1,1,1,EN,,,,,,,,,1.0,0.0,0,0,1,1156,0.5,0.5,0.518830754987861,0.5971321179425845,0.6673471905484978,0.6808179970490048,0.6787091631752401,0.6766538410279959,0.5115421250102735,0.5238307020220138,0.5117996351638627
202506180809,248,Partner,Verbal_NonVerbal,0.5,1,2,1,0.0,0,1,1,1,1,1,EN,,,,,,,,,1.0,0.0,0,0,1,1157,0.5,0.5,0.5217380274935391,0.6018491807359054,0.5405565378039017,0.6106993799445605,0.6152920870910058,0.6301984949008336,0.651199274154891,0.6649618431331084,0.702437018340825
202506180809,249,Partner,Verbal_NonVerbal,0.5,0,2,1,0.5,0,1,1,1,1,1,EN,,,,,,,,,1.0,0.0,0,0,1,1158,0.5,0.5,0.5442434121934554,0.6355981112849924,0.7021272854922401,0.720594212572174,0.7314619152458625,0.7088818967934705,0.7588129472396112,0.7666488047354177,0.7689797626781617
202506180809,250,Partner,Verbal_NonVerbal,0.5,1,2,1,0.5,0,1,1,1,0,0,EN,,,,,,,,,1.0,0.0,1,1,1,1159,0.5,0.5,0.45728887383337075,0.3897485312134532,0.3203044610084614,0.28992158432045134,0.25591973947329966,0.21333836217968152,0.20433989331871633,0.2027378937290461,0.27797517006808203
202506180809,251,Partner,Verbal_NonVerbal,0.5,0,2,1,1.0,0,1,1,1,1,1,EN,,,,,,,,,1.0,0.0,0,1,1,1160,0.5,0.5,0.5441860962623232,0.6328858719249276,0.6949494325854705,0.7115963612466759,0.7117337917833176,0.6670552908812787,0.6896288770570724,0.6944144647441421,0.7003791229336296
202506180809,252,Partner,Verbal_NonVerbal,0.5,1,2,1,1.0,0,1,1,1,1,1,EN,,,,,,,,,1.0,0.0,0,0,1,1161,0.5,0.5,0.5433518195088155,0.632634944836872,0.7130803029897038,0.7416277130661434,0.7455606885730877,0.752544141670596,0.7596430236436297,0.764999074899792,0.7703777072521482
202506180809,253,Partner,Verbal_NonVerbal,0.5,0,2,1,0.0,0,1,1,1,1,1,EN,,,,,,,,,1.0,0.0,0,0,1,1162,0.5,0.5,0.5184175162605388,0.5372615362802049,0.6006188059127132,0.6487246618324831,0.66210110920361,0.6716475049925962,0.6804415786833338,0.684938436397126,0.695179090377202
202506180809,254,Partner,Verbal_NonVerbal,0.5,1,2,1,0.0,0,1,1,1,1,1,EN,,,,,,,,,1.0,0.0,0,0,1,1163,0.5,0.5,0.52226236391716,0.6017093485632595,0.6862475404347743,0.7118836855293839,0.7021449405481731,0.6937085603879433,0.702473885650015,0.7073167426033115,0.7096500401241044
202506180809,256,Partner,Verbal_NonVerbal,0.5,1,2,1,0.5,0,1,1,1,0,0,EN,,,,,,,,,1.0,0.0,1,1,1,1164,0.5,0.5,0.4569188872076856,0.41878761466405934,0.3543039267166439,0.310049956655384,0.29771664020584676,0.2714134753579292,0.42288563272188845,0.3392353434372543,0.2873783297522224
202506180809,257,Partner,Verbal_NonVerbal,0.5,0,2,1,1.0,0,1,1,1,1,1,EN,,,,,,,,,1.0,0.0,0,0,1,1165,0.5,0.5,0.5459676070669068,0.6344448157428478,0.7061494534380122,0.7325511402953783,0.7383959578850929,0.7179878092908528,0.7187455897597609,0.7302123992823083,0.7349971033491282
202506180809,258,Partner,Verbal_NonVerbal,0.5,1,2,1,1.0,0,1,1,1,0,0,EN,,,,,,,,,1.0,0.0,1,1,1,1166,0.5,0.5,0.45707817930299793,0.38938340491672535,0.3121422844854026,0.25886043335390474,0.2428741052523343,0.23522728145691504,0.21940810848365247,0.19968433392436286,0.19001545939485812
202506180809,259,Partner,Verbal_NonVerbal,0.5,0,2,1,0.0,0,1,1,1,1,1,EN,,,,,,,,,1.0,0.0,0,0,1,1167,0.5,0.5,0.518600037219645,0.5970679465803949,0.6885294911137319,0.718166157128612,0.7272515643520765,0.7321537037009361,0.7305508435679423,0.703990349687952,0.6781994708199327
202506180809,260,Partner,Verbal_NonVerbal,0.5,1,2,1,0.0,0,1,1,1,0,0,EN,,,,,,,,,1.0,0.0,1,1,1,1168,0.5,0.5,0.4918265554609437,0.40556764441701026,0.3096049455205548,0.2793809118219924,0.27755668765407054,0.2619364357109167,0.24242041853654628,0.24744705013869928,0.2389616742539785
202506180809,262,Partner,Verbal_NonVerbal,0.5,1,2,1,0.5,0,-1,-1,1,1,0,EN,,,,,,,,,0.0,1.0,0,0,1,1169,0.5,0.5,0.5407633733612771,0.5794125820999622,0.46023934614267703,0.4625457967876433,0.459341050824453,0.49013151292953083,0.5330830796348535,0.5074864201605251,0.5382720734612289
202506180809,263,Partner,Verbal_NonVerbal,0.5,0,2,1,1.0,0,1,1,1,1,1,EN,,,,,,,,,1.0,0.0,1,0,1,1170,0.5,0.5,0.5442303420019878,0.632771269027735,0.6912439638931973,0.7049151751837918,0.7065684827570635,0.6743574687709214,0.5167262610754156,0.5160380178018245,0.5254184468066111
202506180809,264,Partner,Verbal_NonVerbal,0.5,1,2,1,1.0,0,1,1,1,1,1,EN,,,,,,,,,1.0,0.0,0,0,1,1171,0.5,0.5,0.501253904228976,0.532787038248279,0.6099685885115519,0.652074795532708,0.659682751684429,0.6701072265838623,0.5216038761830026,0.5637984757467042,0.5879014853511666
202506180809,265,Partner,Verbal_NonVerbal,0.5,0,2,1,0.0,0,1,1,1,1,1,EN,,,,,,,,,1.0,0.0,0,0,1,1172,0.5,0.5,0.518543172036284,0.5374069502285761,0.5979387246315014,0.6333123316770134,0.6519259716444721,0.6692093225887173,0.6691179261022335,0.6607193467687092,0.6577449184966101
202506180809,266,Partner,Verbal_NonVerbal,0.5,1,2,1,0.0,0,1,1,1,1,1,EN,,,,,,,,,1.0,0.0,0,0,1,1173,0.5,0.5,0.5219315979127258,0.6016573131707534,0.693626753047008,0.7239213532025299,0.7248156390599102,0.7229351891480705,0.7204656165500106,0.7240794268671767,0.7290072938770517
202506180809,267,Partner,Verbal_NonVerbal,0.5,0,2,1,0.5,0,1,1,1,0,0,EN,,,,,,,,,1.0,0.0,1,1,1,1174,0.5,0.5,0.4586552491673595,0.3707048166007867,0.2927324472769831,0.26054715069808426,0.25172935876102287,0.24879840268664888,0.24766405359986557,0.2442232287941289,0.28532340464771916
202506180809,268,Partner,Verbal_NonVerbal,0.5,1,2,1,0.5,0,-1,-1,1,1,0,EN,,,,,,,,,0.0,1.0,1,0,1,1175,0.5,0.5,0.5434951842156959,0.5825629034146859,0.6270136739731973,0.6572428703524358,0.649276004233773,0.5470287828732687,0.38635759922967794,0.4629408382458894,0.33147204621603754
202506180809,269,Partner,Verbal_NonVerbal,0.5,0,2,1,1.0,0,1,1,1,0,0,EN,,,,,,,,,1.0,0.0,1,1,1,1176,0.5,0.5,0.45482832198965695,0.3674999973963467,0.28607431042137593,0.2576479959989047,0.2831993146289742,0.305623713144957,0.3063819372813615,0.3074638684490404,0.30767326459010513
202506180809,271,Partner,Verbal_NonVerbal,0.5,0,2,1,0.0,0,1,1,1,1,1,EN,,,,,,,,,1.0,0.0,0,0,1,1177,0.5,0.5,0.5177041625332801,0.5965793765621467,0.6916751978330383,0.723523840919133,0.7085122498955688,0.6980077342650663,0.7063268993610237,0.7099969671504275,0.708783862390197
202506180809,272,Partner,Verbal_NonVerbal,0.5,1,2,1,0.0,0,-1,-1,1,0,1,EN,,,,,,,,,0.0,1.0,0,1,1,1178,0.5,0.5,0.4780747990953011,0.3954427010297391,0.41180887878644334,0.4926366226439331,0.6117130928212338,0.6112883049028788,0.757762715775927,0.7569367645628235,0.7561132179482665
202506180809,273,Partner,Verbal_NonVerbal,0.5,0,2,1,0.5,0,1,1,1,0,0,EN,,,,,,,,,1.0,0.0,0,1,1,1179,0.5,0.5,0.4562047754306608,0.4185781904956811,0.3963506408309638,0.3860295274245817,0.38482888358844797,0.3352858225497035,0.2982626059134135,0.2981146332254014,0.29965824901340293
202506180809,274,Partner,Verbal_NonVerbal,0.5,1,2,1,0.5,0,1,1,1,0,0,EN,,,,,,,,,1.0,0.0,1,1,1,1180,0.5,0.5,0.45802103692312085,0.42061763403076796,0.3733167554548588,0.33356077103659243,0.34162837259820694,0.33606349858915374,0.49303878302925636,0.501994338072881,0.4930911417603875
202506180809,275,Partner,Verbal_NonVerbal,0.5,0,2,1,1.0,0,1,1,1,1,1,EN,,,,,,,,,1.0,0.0,0,0,1,1181,0.5,0.5,0.5471952340049177,0.6357542549374569,0.6924320400043016,0.7109881340122114,0.6744719711483896,0.6425371859582925,0.7018988439544477,0.7040483794781892,0.7271525213129046
202506180809,276,Partner,Verbal_NonVerbal,0.5,1,2,1,1.0,0,1,1,1,1,1,EN,,,,,,,,,1.0,0.0,0,0,1,1182,0.5,0.5,0.5434946326830021,0.5828037233353668,0.6400524577041473,0.6770581219746616,0.6281426568754699,0.5010159455479215,0.684751931996641,0.6949478438249552,0.7105005011315947
202506180809,277,Partner,Verbal_NonVerbal,0.5,0,2,1,0.0,0,1,1,1,0,0,EN,,,,,,,,,1.0,0.0,1,1,1,1183,0.5,0.5,0.482351168642189,0.3998791194599382,0.31075687619392733,0.28466226454977606,0.28454385582187697,0.28434733074928514,0.28072329449247807,0.2770716897675833,0.2782229896107436
202506180809,278,Partner,Verbal_NonVerbal,0.5,1,2,1,0.0,0,1,1,1,1,1,EN,,,,,,,,,1.0,0.0,0,0,1,1184,0.5,0.5,0.5006201948112293,0.5870558909768112,0.6834730999812214,0.7153772166360418,0.7175662940216696,0.707488474539095,0.5114194590154882,0.5109315319051984,0.5230106136775117
202506180809,279,Partner,Verbal_NonVerbal,0.5,0,2,1,0.5,0,1,1,1,1,1,EN,,,,,,,,,1.0,0.0,1,0,1,1185,0.5,0.5,0.5434369629700587,0.634762115354735,0.6873703015912566,0.6792104325304661,0.666030112565688,0.6658984561882765,0.6569821476115497,0.6858527591742567,0.5624387749110249
202506180809,280,Partner,Verbal_NonVerbal,0.5,1,2,1,0.5,0,1,1,1,1,1,EN,,,,,,,,,1.0,0.0,0,0,1,1186,0.5,0.5,0.5430321600001919,0.6324725302430939,0.7018276347869097,0.7232143781157878,0.7248415494266758,0.7262932551843141,0.748306867971948,0.7690565850848713,0.7284214026695529
202506180809,281,Partner,Verbal_NonVerbal,0.5,0,2,1,1.0,0,1,1,1,1,1,EN,,,,,,,,,1.0,0.0,1,0,1,1187,0.5,0.5,0.5442173031163396,0.5841532780112827,0.63661240658954,0.6699298941460308,0.6760306182890052,0.6882211194182071,0.6946292980569299,0.6576422446282586,0.5953743516710768
202506180809,282,Partner,Verbal_NonVerbal,0.5,1,2,1,1.0,0,1,1,1,0,0,EN,,,,,,,,,1.0,0.0,1,1,1,1188,0.5,0.5,0.45684663965674704,0.37861457281709554,0.3179645483169807,0.29795359006310496,0.2953906002995773,0.2925270647375218,0.28006774442076016,0.25364691562409525,0.21985535200886266
202506180809,283,Partner,Verbal_NonVerbal,0.5,0,2,1,0.0,0,1,1,1,1,1,EN,,,,,,,,,1.0,0.0,0,0,1,1189,0.5,0.5,0.5206147506294531,0.598876368643377,0.6645662457975139,0.6742926340214956,0.678498993598896,0.6906126354869616,0.7003907660731494,0.7085138542883147,0.7185093872942827
202506180809,284,Partner,Verbal_NonVerbal,0.5,1,2,1,0.0,0,1,1,1,1,1,EN,,,,,,,,,1.0,0.0,0,0,1,1190,0.5,0.5,0.5005481341416204,0.5210678040993292,0.5808819808706325,0.6169389625063478,0.616977927340073,0.6079752358929645,0.6069898902459314,0.6244685594563363,0.6322936553835157
202506180809,285,Partner,Verbal_NonVerbal,0.5,0,2,1,0.5,0,1,1,1,0,0,EN,,,,,,,,,1.0,0.0,0,1,1,1191,0.5,0.5,0.45746385277907686,0.37257409525947194,0.3094836039588913,0.2937154266788302,0.2952624794694559,0.2965267149637569,0.27032567124083723,0.2500588201660366,0.23836025037654054
202506180809,286,Partner,Verbal_NonVerbal,0.5,1,2,1,0.5,0,1,1,1,0,0,EN,,,,,,,,,1.0,0.0,1,1,1,1192,0.5,0.5,0.50130411925939,0.4170855668103129,0.31543170212739224,0.27423929988601625,0.2687973329249905,0.34138258610302,0.2996881268587268,0.29486648867571397,0.29592997429636764
202506180809,287,Partner,Verbal_NonVerbal,0.5,0,2,1,1.0,0,1,1,1,0,0,EN,,,,,,,,,1.0,0.0,1,1,1,1193,0.5,0.5,0.45435173974528426,0.3626133722899147,0.3051632830298167,0.3029060639781529,0.3194587724626976,0.32922290434592155,0.4988023460085851,0.4218050528534478,0.3660848865923833
202506180809,289,Partner,Verbal_NonVerbal,0.5,0,2,1,0.0,0,1,1,1,1,1,EN,,,,,,,,,1.0,0.0,0,0,1,1194,0.5,0.5,0.518469434798634,0.5374117042720437,0.5898170164044055,0.6212635524216269,0.6250486258701409,0.6084243280926437,0.6625329545280891,0.6746500551566821,0.6735706455845447
202506180809,290,Partner,Verbal_NonVerbal,0.5,1,2,1,0.0,0,1,1,1,1,1,EN,,,,,,,,,1.0,0.0,0,0,1,1195,0.5,0.5,0.5223582855742136,0.6015709449844673,0.6841447774968107,0.7142090718625319,0.7111780394050544,0.6866293500470482,0.6845520421932871,0.6696620999494514,0.6999401288991558
202506180809,291,Partner,Verbal_NonVerbal,0.5,0,2,1,0.5,0,-1,-1,1,0,1,EN,,,,,,,,,0.0,1.0,0,1,1,1196,0.5,0.5,0.4544151667344028,0.41617629322517186,0.37904765175054256,0.3509507017626408,0.3485048669947681,0.36729070122451624,0.5214105844542296,0.5278502611761622,0.5491924448606292
202506180809,292,Partner,Verbal_NonVerbal,0.5,1,2,1,0.5,0,1,1,1,1,1,EN,,,,,,,,,1.0,0.0,0,0,1,1197,0.5,0.5,0.5283866375808802,0.6041589017141625,0.6742087083080092,0.698464419748655,0.6996810162938876,0.7009768734943064,0.7066098791733015,0.7052805700778384,0.7067646124732113
202506180809,293,Partner,Verbal_NonVerbal,0.5,0,2,1,1.0,0,1,1,1,0,0,EN,,,,,,,,,1.0,0.0,1,1,1,1198,0.5,0.5,0.45193683399017476,0.4121938925301977,0.3462894453783089,0.3113106279731447,0.32324457935405465,0.33124391638737244,0.3335715825656594,0.4064714187339883,0.48628049561649705
202506180809,294,Partner,Verbal_NonVerbal,0.5,1,2,1,1.0,0,1,1,1,0,0,EN,,,,,,,,,1.0,0.0,1,1,1,1199,0.5,0.5,0.4567025929102796,0.4181864919700459,0.3665073634957272,0.3100241860797358,0.26803116187652015,0.22921646770342038,0.41855700900298043,0.3729001018852579,0.33642616786157303
202506180809,295,Partner,Verbal_NonVerbal,0.5,0,2,1,0.0,0,1,1,1,0,0,EN,,,,,,,,,1.0,0.0,1,1,1,1200,0.5,0.5,0.4791818048509499,0.39775737722776167,0.30579644277148965,0.2796556193089707,0.2734678140789769,0.3059007850604436,0.46217537301528633,0.4305549733181417,0.42423671758948595
202506180809,296,Partner,Verbal_NonVerbal,0.5,1,2,1,0.0,0,1,1,1,1,1,EN,,,,,,,,,1.0,0.0,0,0,1,1201,0.5,0.5,0.5251895380266162,0.5867653479379319,0.5235887888750167,0.5371854076127922,0.6171903385216541,0.6787812861679459,0.6874204174464638,0.6946571578568396,0.6928830129415563
202506180809,297,Partner,Verbal_NonVerbal,0.5,0,2,1,0.5,0,1,1,1,1,1,EN,,,,,,,,,1.0,0.0,0,0,1,1202,0.5,0.5,0.5499951494908518,0.638550653268857,0.7062148239599285,0.7267434988532422,0.7261127447812603,0.7107079778923505,0.3661232694084052,0.4252128194963876,0.44810408466452584
202506180809,298,Partner,Verbal_NonVerbal,0.5,1,2,1,0.5,0,1,1,1,1,1,EN,,,,,,,,,1.0,0.0,0,0,1,1203,0.5,0.5,0.5011430154636334,0.5221871539254733,0.5645659508308837,0.586841627159988,0.5909198067630727,0.5978188628012343,0.6386311211547139,0.6855261526596707,0.6720384906904205
202506180809,299,Partner,Verbal_NonVerbal,0.5,0,2,1,1.0,0,1,1,1,0,0,EN,,,,,,,,,1.0,0.0,1,1,1,1204,0.5,0.5,0.4597095062334558,0.36831648688934054,0.29770244730617806,0.27824391908043866,0.29929464455464716,0.3155888560608606,0.3106651434575856,0.3091919846807784,0.31019419794695985
202506180809,300,Partner,Verbal_NonVerbal,0.5,1,2,1,1.0,0,1,1,1,1,1,EN,,,,,,,,,1.0,0.0,0,0,1,1205,0.5,0.5,0.5432388014034121,0.6327035627821985,0.6987794925069901,0.7164449636683352,0.7165747495810503,0.7260425490213663,0.7463934941865962,0.7566478857681995,0.7229526887656168
202506180809,301,Partner,Verbal_NonVerbal,0.5,0,2,1,0.0,0,1,1,1,0,0,EN,,,,,,,,,1.0,0.0,0,1,1,1206,0.5,0.5,0.48312528965078855,0.40715572534752986,0.34039679047453886,0.3291405050960729,0.33149884058151113,0.33388553508206514,0.310388275514801,0.4394970420657083,0.4842932781644196
202506180809,303,Partner,Verbal_NonVerbal,0.5,0,2,1,0.5,0,1,1,1,0,0,EN,,,,,,,,,1.0,0.0,1,1,1,1207,0.5,0.5,0.4557113104389969,0.41792141115463,0.3648810167823174,0.3198961776490566,0.30980867745085405,0.3108059467351632,0.3132510106538265,0.2880947980443678,0.2725187097159032
202506180809,304,Partner,Verbal_NonVerbal,0.5,1,2,1,0.5,0,1,1,1,0,0,EN,,,,,,,,,1.0,0.0,1,1,1,1208,0.5,0.5,0.4568516040797007,0.41863073982162535,0.3646532172953622,0.3380176983150952,0.3455042318227498,0.3455188285962471,0.34555018513326585,0.34558652838392434,0.34562286232187694
202506180809,305,Partner,Verbal_NonVerbal,0.5,0,2,1,1.0,0,1,1,1,1,1,EN,,,,,,,,,1.0,0.0,0,1,1,1209,0.5,0.5,0.5506393720796994,0.6393682106102859,0.6858840831102652,0.6903231383094851,0.6921662388472956,0.5627523787909066,0.5748792893978718,0.6488095729090458,0.6684134659582424
202506180809,306,Partner,Verbal_NonVerbal,0.5,1,2,1,1.0,0,1,1,1,0,0,EN,,,,,,,,,1.0,0.0,1,1,1,1210,0.5,0.5,0.45671805230038626,0.4182337238760022,0.393410187969381,0.38023735383530555,0.37910475402215055,0.3787729912066542,0.5257433357233646,0.512643200404501,0.4184313672474139
202506180809,307,Partner,Verbal_NonVerbal,0.5,0,2,1,0.0,0,1,1,1,0,0,EN,,,,,,,,,1.0,0.0,1,1,1,1211,0.5,0.5,0.47890851947801616,0.4065435486927291,0.3108746830874997,0.28316441051478314,0.2889499506553217,0.32441002062347235,0.4129081978118889,0.4848572898267665,0.5207708980684707
202506180809,308,Partner,Verbal_NonVerbal,0.5,1,2,1,0.0,0,1,1,1,0,0,EN,,,,,,,,,1.0,0.0,1,1,1,1212,0.5,0.5,0.47850012827640204,0.4593342026992134,0.399626990746146,0.37014145053749364,0.3781326383496804,0.38152281015197487,0.38279213818668656,0.4103753698923131,0.43005767154460783
202506180809,309,Partner,Verbal_NonVerbal,0.5,0,2,1,0.5,0,1,1,1,1,1,EN,,,,,,,,,1.0,0.0,0,0,1,1213,0.5,0.5,0.5433768513039146,0.631913470762111,0.7082816428057034,0.7337626536006274,0.737259035921311,0.7426704716177226,0.7461549250720221,0.7486806916131553,0.7538027540304968
202506180809,310,Partner,Verbal_NonVerbal,0.5,1,2,1,0.5,0,1,1,1,1,1,EN,,,,,,,,,1.0,0.0,0,0,1,1214,0.5,0.5,0.5435636859703008,0.6328588734574271,0.7127279036947765,0.7407187733470566,0.744622568210648,0.7496001745832728,0.8534218613724646,0.8505723706150162,0.8452838947625647
202506180809,311,Partner,Verbal_NonVerbal,0.5,0,2,1,1.0,0,1,1,1,1,1,EN,,,,,,,,,1.0,0.0,0,0,1,1215,0.5,0.5,0.5450900384152079,0.6270254658584571,0.6845559967047167,0.7006998002600812,0.7058519252330107,0.7096463249190931,0.7125397683041589,0.7164674557931631,0.7200730225280239
202506180809,312,Partner,Verbal_NonVerbal,0.5,1,2,1,1.0,0,1,1,1,1,1,EN,,,,,,,,,1.0,0.0,0,0,1,1216,0.5,0.5,0.5442263393147077,0.6144640444661665,0.6717685268129568,0.6926792432485198,0.6936117876155066,0.696207771610227,0.8298087342383962,0.8342992821657096,0.8380935626030176
202506180809,313,Partner,Verbal_NonVerbal,0.5,0,2,1,0.0,0,1,1,1,1,1,EN,,,,,,,,,1.0,0.0,0,0,1,1217,0.5,0.5,0.5190559010243896,0.5977965789440236,0.6701906145166651,0.6852280677623107,0.6917794245027578,0.6467098021358834,0.6308301185134753,0.6121558655985616,0.6479344728373896
202506180809,314,Partner,Verbal_NonVerbal,0.5,1,2,1,0.0,0,-1,-1,1,0,1,EN,,,,,,,,,0.0,1.0,0,1,1,1218,0.5,0.5,0.4786695285185069,0.3948521581942639,0.4631408944859615,0.5020118974391721,0.4736513522542529,0.560666036358484,0.6656927789448318,0.7041538597835467,0.7407283131144595
202506180809,315,Partner,Verbal_NonVerbal,0.5,0,2,1,0.5,0,1,1,1,0,0,EN,,,,,,,,,1.0,0.0,1,1,1,1219,0.5,0.5,0.4503732475732524,0.4132257949242222,0.3542754722841308,0.3083099216543928,0.30174230664756163,0.30270271578617713,0.30376532064329265,0.3016915922357181,0.2965886299369139
202506180809,316,Partner,Verbal_NonVerbal,0.5,1,2,1,0.5,0,-1,-1,1,0,1,EN,,,,,,,,,0.0,1.0,0,0,1,1220,0.5,0.5,0.45735521564007336,0.4197622608970722,0.3864065752498013,0.5092332683579557,0.4237736735797944,0.42975386429933116,0.6011744920405931,0.6011535048880788,0.6011339153159493
202506180809,317,Partner,Verbal_NonVerbal,0.5,0,2,1,1.0,0,1,1,1,1,1,EN,,,,,,,,,1.0,0.0,0,1,1,1221,0.5,0.5,0.544416238326802,0.58441165942539,0.6468757323505538,0.6871380984950568,0.68886003590333,0.6883760995263181,0.5180088081947161,0.5395429930261713,0.5639244430893264
202506180809,318,Partner,Verbal_NonVerbal,0.5,1,2,1,1.0,0,1,1,1,1,1,EN,,,,,,,,,1.0,0.0,0,0,1,1222,0.5,0.5,0.5437906982056555,0.5830681928729592,0.6477976741683223,0.6887611832420746,0.6904214621083163,0.666446047315692,0.6528605684155443,0.6805480742922608,0.7224809245306956
202506180809,319,Partner,Verbal_NonVerbal,0.5,0,2,1,0.0,0,1,1,1,1,1,EN,,,,,,,,,1.0,0.0,0,0,1,1223,0.5,0.5,0.5226513180886796,0.5405394205117482,0.610019878855001,0.6520275898590898,0.6589213031965113,0.6616138073957671,0.6504959541051447,0.6426107541784007,0.6465042705699684
202506180809,320,Partner,Verbal_NonVerbal,0.5,1,2,1,0.0,0,1,1,1,0,0,EN,,,,,,,,,1.0,0.0,1,1,1,1224,0.5,0.5,0.47686386299476197,0.42143851400641663,0.3541103142320558,0.33023512565752156,0.3305405953623759,0.325363740572512,0.27252680682959346,0.2655581610253819,0.26802960215963545
202506180809,321,Partner,Verbal_NonVerbal,0.5,0,2,1,0.5,0,1,1,1,1,1,EN,,,,,,,,,1.0,0.0,1,0,1,1225,0.5,0.5,0.5450249103186169,0.6333027577142653,0.6927123637882365,0.7049960707904808,0.7025745171726445,0.7059954219801862,0.5347478320510543,0.5605451205524031,0.5723257241450332
202506180809,322,Partner,Verbal_NonVerbal,0.5,1,2,1,0.5,0,1,1,1,1,1,EN,,,,,,,,,1.0,0.0,0,0,1,1226,0.5,0.5,0.5440980343244027,0.6143686572651164,0.69139025396213,0.7248512292918015,0.725222112965232,0.7288083294287602,0.7257710043645923,0.7200388272670284,0.719456853643761
202506180809,323,Partner,Verbal_NonVerbal,0.5,0,2,1,1.0,0,1,1,1,1,1,EN,,,,,,,,,1.0,0.0,0,0,1,1227,0.5,0.5,0.5453189562253166,0.5857082155297386,0.6322410817514149,0.6656448399050989,0.6728677838458214,0.6172583160238704,0.6409218338675362,0.7099279518120608,0.7437621672533005
202506180809,324,Partner,Verbal_NonVerbal,0.5,1,2,1,1.0,0,1,1,1,0,0,EN,,,,,,,,,1.0,0.0,1,1,1,1228,0.5,0.5,0.45145330598631256,0.41133612361532423,0.35638184448994864,0.32066464132725275,0.3190974648613735,0.31568387855844093,0.3081397351087892,0.3004020019984923,0.29531795959381657
202506180809,326,Partner,Verbal_NonVerbal,0.5,1,2,1,0.0,0,1,1,1,0,0,EN,,,,,,,,,1.0,0.0,1,1,1,1229,0.5,0.5,0.4861615174052387,0.40254655116846016,0.3061335094065724,0.26912267456471956,0.2519738608494317,0.2512185353814712,0.23635253062455963,0.2074913740083262,0.19815802146017325
202506180809,327,Partner,Verbal_NonVerbal,0.5,0,2,1,0.5,0,1,1,1,0,0,EN,,,,,,,,,1.0,0.0,1,1,1,1230,0.5,0.5,0.45805135167566535,0.3660319149430383,0.2909393709821178,0.2727021855994892,0.2775934614837213,0.2690313731022755,0.4592132269134401,0.4045658215779047,0.35820910167908077
202506180809,328,Partner,Verbal_NonVerbal,0.5,1,2,1,0.5,0,-1,-1,1,1,0,EN,,,,,,,,,0.0,1.0,0,0,1,1231,0.5,0.5,0.5342935085605797,0.6249668081145291,0.6884912254364911,0.7021654644830152,0.692427386251833,0.6907979735976968,0.4203463406864461,0.33180565547353946,0.4825668945287555
202506180809,329,Partner,Verbal_NonVerbal,0.5,0,2,1,1.0,0,1,1,1,0,0,EN,,,,,,,,,1.0,0.0,1,1,1,1232,0.5,0.5,0.4568589612042875,0.36457082861974066,0.2818917909393961,0.2503472398821912,0.24651704723623138,0.24320553634248976,0.24020298550348992,0.2412884183344333,0.23790896683321505
202506180809,330,Partner,Verbal_NonVerbal,0.5,1,2,1,1.0,0,1,1,1,1,1,EN,,,,,,,,,1.0,0.0,0,0,1,1233,0.5,0.5,0.5013393957378611,0.5872290792961292,0.6878218838038833,0.7200669790376211,0.723617792146921,0.7328819445570299,0.740062140608168,0.7466492751585287,0.7555299267454622
202506180809,331,Partner,Verbal_NonVerbal,0.5,0,2,1,0.0,0,1,1,1,0,0,EN,,,,,,,,,1.0,0.0,0,1,1,1234,0.5,0.5,0.4826650059812198,0.3994307329238553,0.3018948425023347,0.2774177267675619,0.2852536724593307,0.286914311261992,0.47487617887564293,0.5619701273829152,0.6298388844259218
202506180809,332,Partner,Verbal_NonVerbal,0.5,1,2,1,0.0,0,1,1,1,0,0,EN,,,,,,,,,1.0,0.0,1,1,1,1235,0.5,0.5,0.4782399197737788,0.43744324910979915,0.38279765689505296,0.4560845210328567,0.3460935805760334,0.2774382137304743,0.3223928896617452,0.28381304659145995,0.3286709011058674
202506180809,333,Partner,Verbal_NonVerbal,0.5,0,2,1,0.5,0,1,1,1,0,0,EN,,,,,,,,,1.0,0.0,1,1,1,1236,0.5,0.5,0.4558690083902143,0.4182708691376325,0.3827500405231163,0.36452715865293417,0.3216530568841987,0.32299495938710915,0.3058282025089965,0.2801474840445089,0.3170735650145114
202506180809,334,Partner,Verbal_NonVerbal,0.5,1,2,1,0.5,0,1,1,1,1,1,EN,,,,,,,,,1.0,0.0,0,0,1,1237,0.5,0.5,0.5435541132230579,0.6253146114966277,0.6992602604788443,0.7255607036786524,0.7270956070031176,0.7017564290188277,0.6338112532195833,0.7027956926135177,0.7012744834122235
202506180809,335,Partner,Verbal_NonVerbal,0.5,0,2,1,1.0,0,1,1,1,0,0,EN,,,,,,,,,1.0,0.0,0,0,1,1238,0.5,0.5,0.45389103130972175,0.41495700703980953,0.3761170548007263,0.3534889629214829,0.3558068833452523,0.35698656000773665,0.3031688652986157,0.3008672949717982,0.30433196903188836
202506180809,336,Partner,Verbal_NonVerbal,0.5,1,2,1,1.0,0,1,1,1,0,0,EN,,,,,,,,,1.0,0.0,1,1,1,1239,0.5,0.5,0.45725586458158946,0.4187973625601879,0.3600332907883828,0.3217047744802814,0.32317159017866226,0.322131111791011,0.4432227820386414,0.3570603253298497,0.26967313455628117
202506180809,337,Partner,Verbal_NonVerbal,0.5,0,2,1,0.0,0,1,1,1,1,1,EN,,,,,,,,,1.0,0.0,0,0,1,1240,0.5,0.5,0.5211231927762627,0.5992242321169393,0.6961339106297249,0.7287394219304777,0.7279679820075258,0.726090308314841,0.724499887267802,0.7206992234434173,0.7193746685122668
202506180809,338,Partner,Verbal_NonVerbal,0.5,1,2,1,0.0,0,1,1,1,0,0,EN,,,,,,,,,1.0,0.0,1,1,1,1241,0.5,0.5,0.5003923293341942,0.4976152597297423,0.41079526969001817,0.3176057089343539,0.29103267873752753,0.28974763612384197,0.3000937861505741,0.28322058019603114,0.2825178524796496
202506180809,339,Partner,Verbal_NonVerbal,0.5,0,2,1,0.5,0,1,1,1,0,0,EN,,,,,,,,,1.0,0.0,0,1,1,1242,0.5,0.5,0.45816756898353656,0.37098734711320697,0.3005192618183721,0.2775337629378018,0.26984346495362077,0.26328008515249524,0.4554807095393567,0.43752574765444935,0.5021618626332303
202506180809,340,Partner,Verbal_NonVerbal,0.5,1,2,1,0.5,0,-1,-1,1,1,0,EN,,,,,,,,,0.0,1.0,1,0,1,1243,0.5,0.5,0.500340419458006,0.5852888147525813,0.6871235923301555,0.7211334953589477,0.723538734627926,0.5476336360748053,0.37952007302548624,0.33079183038038307,0.3215051882874711
202506180809,341,Partner,Verbal_NonVerbal,0.5,0,2,1,1.0,0,1,1,1,1,1,EN,,,,,,,,,1.0,0.0,1,0,1,1244,0.5,0.5,0.544516916964945,0.6332743904727615,0.710388029413437,0.737207003135248,0.7409861881801558,0.7483035232690061,0.780661913567229,0.7830882566183174,0.7850862300654886
202506180809,342,Partner,Verbal_NonVerbal,0.5,1,2,1,1.0,0,1,1,1,1,1,EN,,,,,,,,,1.0,0.0,0,0,1,1245,0.5,0.5,0.5431666279924625,0.6113527687084473,0.6881022831245935,0.722629030917661,0.7269143520974767,0.7355980320124026,0.7468286738831542,0.7459832684460936,0.7513800568440886
202506180809,343,Partner,Verbal_NonVerbal,0.5,0,2,1,0.0,0,1,1,1,0,0,EN,,,,,,,,,1.0,0.0,1,1,1,1246,0.5,0.5,0.48166139811263003,0.3992657269087701,0.31566344375256433,0.3006422490046276,0.3082145290617506,0.3085266298805368,0.26725618197981793,0.27292669364651445,0.28151252258409803
202506180809,344,Partner,Verbal_NonVerbal,0.5,1,2,1,0.0,0,1,1,1,0,0,EN,,,,,,,,,1.0,0.0,0,1,1,1247,0.5,0.5,0.47824908656935455,0.45890438963322505,0.3899851192828168,0.347349587132554,0.3067241155712092,0.26992509465546033,0.2607355638672393,0.2474617292331562,0.24762423790465482
202506180809,345,Partner,Verbal_NonVerbal,0.5,0,2,1,0.5,0,1,1,1,1,1,EN,,,,,,,,,1.0,0.0,0,0,1,1248,0.5,0.5,0.5486317743839727,0.5891516764103467,0.6561115804492272,0.6988078688471001,0.704582281733957,0.7126100611269398,0.7209608382576304,0.728365988948423,0.7339322927337598
202506180809,346,Partner,Verbal_NonVerbal,0.5,1,2,1,0.5,0,-1,-1,1,0,1,EN,,,,,,,,,0.0,1.0,1,1,1,1249,0.5,0.5,0.4726329937115607,0.44417603559611896,0.5621221447407142,0.5361188351533861,0.6130181346639331,0.6379363535323745,0.6037310921576817,0.6101194826336218,0.47641971160659896
202506180809,347,Partner,Verbal_NonVerbal,0.5,0,2,1,1.0,0,-1,-1,1,1,0,EN,,,,,,,,,0.0,1.0,1,0,1,1250,0.5,0.5,0.5446530695469205,0.5842696972260583,0.6341628902260897,0.6572231168202612,0.6305441345023526,0.5863404873344665,0.5580171385630892,0.44826039658818045,0.370097355636083
202506180809,348,Partner,Verbal_NonVerbal,0.5,1,2,1,1.0,0,1,1,1,1,1,EN,,,,,,,,,1.0,0.0,1,0,1,1251,0.5,0.5,0.543948129116428,0.5831573636385844,0.6209337216364144,0.6451667878288078,0.6919508431614944,0.730410106545383,0.5613842650427477,0.6482455173229371,0.5571241860801502
202506180809,349,Partner,Verbal_NonVerbal,0.5,0,2,1,0.0,0,1,1,1,0,0,EN,,,,,,,,,1.0,0.0,1,1,1,1252,0.5,0.5,0.4819201172139977,0.4080349464176277,0.3395766009244649,0.3308276235840647,0.3376854976122165,0.34029277694852167,0.34105391603206203,0.4099590798534325,0.4505255288041581
202506190635,1,Partner,Verbal_NonVerbal,0.5,0,2,1,0.0,0,-1,-1,0,1,1,EN,,,,,,,,,0.0,1.0,0,0,1,1253,0.5,0.5,0.5184811994007948,0.5377099725942485,0.5699438016526249,0.5841835502242915,0.595880940800233,0.6170094277234849,0.7743735679977946,0.7774079040855959,0.78294753691069
202506190635,2,Partner,Verbal_NonVerbal,0.5,1,2,1,0.0,0,1,1,0,1,0,EN,,,,,,,,,1.0,0.0,1,0,1,1254,0.5,0.5,0.5224784724614253,0.5434346065612305,0.4162567928395186,0.28777570291470034,0.2918435568556105,0.2914003881994288,0.28525107733841126,0.27533821441210976,0.26295286007560636
202506190635,3,Partner,Verbal_NonVerbal,0.5,0,2,1,0.5,0,-1,-1,0,0,0,EN,,,,,,,,,0.0,1.0,1,0,1,1255,0.5,0.5,0.4594541635969503,0.372209701490379,0.3122737854168591,0.29992187710909163,0.3012982031760309,0.30260872882442535,0.30479996184041086,0.30008011898297565,0.28941500352526356
202506190635,4,Partner,Verbal_NonVerbal,0.5,1,2,1,0.5,0,-1,-1,0,0,0,EN,,,,,,,,,0.0,1.0,1,1,1,1256,0.5,0.5,0.45836046131508046,0.3668141929223622,0.4399153737634968,0.37749449122483575,0.33635954812965246,0.31274221485343934,0.40199842019460574,0.35992253721474055,0.3566093382714736
202506190635,5,Partner,Verbal_NonVerbal,0.5,0,2,1,1.0,0,-1,-1,0,1,1,EN,,,,,,,,,0.0,1.0,1,0,1,1257,0.5,0.5,0.5441187168498299,0.5840158156749419,0.6092318964750361,0.621394184489274,0.6245249673895304,0.633563925868162,0.48928429202955087,0.5059398606928254,0.5335258638104653
202506190635,6,Partner,Verbal_NonVerbal,0.5,1,2,1,1.0,0,0,0,0,1,-1,EN,,,,,,,,,0.0,0.0,0,0,1,1258,0.5,0.5,0.5223094866624546,0.5610877759567118,0.641442800073825,0.7106051037355826,0.7525762989907433,0.785324671279792,0.807374889055852,0.7146474059086846,0.5457832179386879
202506190635,7,Partner,Verbal_NonVerbal,0.5,0,2,1,0.0,0,0,0,1,0,-1,EN,,,,,,,,,0.0,0.0,1,1,1,1259,0.5,0.5,0.48264260626021926,0.46542020186428584,0.39087206407812697,0.34859114289274973,0.35345560482663757,0.36104448427300323,0.5242837565212399,0.5464295816151038,0.47581033391200955
202506190635,8,Partner,Verbal_NonVerbal,0.5,1,2,1,0.0,0,1,1,1,1,1,EN,,,,,,,,,1.0,0.0,0,0,1,1260,0.5,0.5,0.5090888713209442,0.5272168366864074,0.6043440246709031,0.6520628328975584,0.6503175938534703,0.6705505772570314,0.678562572618312,0.6791474491323194,0.725068133888857
202506190635,9,Partner,Verbal_NonVerbal,0.5,0,2,1,0.5,0,1,1,1,1,1,EN,,,,,,,,,1.0,0.0,0,0,1,1261,0.5,0.5,0.543210706580466,0.5824490678646385,0.6005743307984597,0.606323898973741,0.6110128872776407,0.6248824855153969,0.6458924558653554,0.6614199991035912,0.6716931025045653
202506190635,10,Partner,Verbal_NonVerbal,0.5,1,2,1,0.5,0,1,1,1,1,1,EN,,,,,,,,,1.0,0.0,0,0,1,1262,0.5,0.5,0.5346605188611172,0.55843156289102,0.6344836305037049,0.6811941839861303,0.6807496411774677,0.6833053407983588,0.6810272555624429,0.6927839489679616,0.7056999041698843
202506190635,11,Partner,Verbal_NonVerbal,0.5,0,2,1,1.0,0,1,1,1,1,1,EN,,,,,,,,,1.0,0.0,0,0,1,1263,0.5,0.5,0.5441399365913548,0.6339094251618287,0.7011588469828474,0.7189072672288145,0.717754621768641,0.6917281696333087,0.5108452778683736,0.5354933367874152,0.5410627872098752
202506190635,12,Partner,Verbal_NonVerbal,0.5,1,2,1,1.0,0,1,1,1,0,0,EN,,,,,,,,,1.0,0.0,1,0,1,1264,0.5,0.5,0.45792904580434834,0.3658563664225419,0.2812524836911408,0.23504924741572286,0.23363107136344552,0.22492380549971666,0.43300911941218145,0.43378477271886007,0.4341352393112156
202506190635,13,Partner,Verbal_NonVerbal,0.5,0,2,1,0.0,0,1,1,1,1,1,EN,,,,,,,,,1.0,0.0,0,0,1,1265,0.5,0.5,0.5183948420204353,0.6003254044252798,0.6822688158823834,0.7042086851619835,0.7045199924218188,0.7020371913944892,0.7151804884455478,0.7296420191285988,0.7455781268365012
202506190635,14,Partner,Verbal_NonVerbal,0.5,1,2,1,0.0,0,1,1,1,1,1,EN,,,,,,,,,1.0,0.0,0,0,1,1266,0.5,0.5,0.5217300543079325,0.5420798327622436,0.6110576726107163,0.6544777653961963,0.6592398255639463,0.6607680987779078,0.5020796521951967,0.5145077901000699,0.5376539975461985
202506190635,15,Partner,Verbal_NonVerbal,0.5,0,2,1,0.5,0,1,1,1,1,1,EN,,,,,,,,,1.0,0.0,1,0,1,1267,0.5,0.5,0.5433247192610987,0.5825032528280676,0.6076418239295958,0.6196249576104325,0.6282318014397039,0.64294953155354,0.6480911626063786,0.6438850807554615,0.6404294261759661
202506190635,16,Partner,Verbal_NonVerbal,0.5,1,2,1,0.5,0,1,1,1,1,1,EN,,,,,,,,,1.0,0.0,1,1,1,1268,0.5,0.5,0.5450455774626083,0.5995704850611138,0.5607141655009965,0.6083394605023315,0.6567714110581103,0.6011335708973214,0.5688160089748318,0.639016787109045,0.6472356691381044
202506190635,17,Partner,Verbal_NonVerbal,0.5,0,2,1,1.0,0,1,1,1,0,0,EN,,,,,,,,,1.0,0.0,1,1,1,1269,0.5,0.5,0.4575099907816664,0.41978078828103693,0.3635947807019006,0.33136910994501634,0.30177947817103296,0.26948264883121154,0.2639369658552086,0.2658229245190414,0.24545012724001466
202506190635,18,Partner,Verbal_NonVerbal,0.5,1,2,1,1.0,0,1,1,1,1,1,EN,,,,,,,,,1.0,0.0,0,0,1,1270,0.5,0.5,0.5131176422391537,0.5391073055473445,0.5888831383871306,0.6172935355635853,0.6251813286223581,0.6353520928589247,0.6437788665912936,0.6573492140846118,0.6688692448976162
202506190635,19,Partner,Verbal_NonVerbal,0.5,0,2,1,0.0,0,1,1,1,1,1,EN,,,,,,,,,1.0,0.0,1,0,1,1271,0.5,0.5,0.5184579005962223,0.5989454487328817,0.6972040010430988,0.7279542561552367,0.7263838343052105,0.5820357883036381,0.6536010274839245,0.7132685709759105,0.7220099307980316
202506190635,20,Partner,Verbal_NonVerbal,0.5,1,2,1,0.0,0,1,1,1,1,1,EN,,,,,,,,,1.0,0.0,0,0,1,1272,0.5,0.5,0.5189784577398954,0.59762944236746,0.6910362324460714,0.722657439974479,0.6971506291285259,0.6869317640934898,0.669451215545191,0.6119665465252516,0.5813868895432348
202506190635,21,Partner,Verbal_NonVerbal,0.5,0,2,1,0.5,0,1,1,1,1,1,EN,,,,,,,,,1.0,0.0,1,0,1,1273,0.5,0.5,0.5429980462204406,0.6325476213482369,0.7057687810558998,0.7285113777545639,0.7286064969695876,0.6329400149302326,0.6932585409690695,0.7053926671482451,0.7127962352153805
202506190635,22,Partner,Verbal_NonVerbal,0.5,1,2,1,0.5,0,1,1,1,0,0,EN,,,,,,,,,1.0,0.0,1,1,1,1274,0.5,0.5,0.4584328061459207,0.4214213425335774,0.35899617930763233,0.38934130634115655,0.35319339673229017,0.3523982063512044,0.3535916280209072,0.35406165121016775,0.3291461595534737
202506190635,23,Partner,Verbal_NonVerbal,0.5,0,2,1,1.0,0,1,1,1,0,0,EN,,,,,,,,,1.0,0.0,1,1,1,1275,0.5,0.5,0.45745483347261506,0.41969956075237147,0.37098710066180896,0.34109648607522847,0.3445372357134964,0.3519353373714107,0.5277608579304879,0.45703726021165303,0.4093325675871379
202506190635,24,Partner,Verbal_NonVerbal,0.5,1,2,1,1.0,0,1,1,1,0,0,EN,,,,,,,,,1.0,0.0,0,1,1,1276,0.5,0.5,0.4581636052761061,0.3664951211324231,0.29614294219384185,0.2852816589737809,0.2967445980329213,0.2998562415475571,0.4827286547103632,0.49372323279682445,0.5063016599014282
202506190635,25,Partner,Verbal_NonVerbal,0.5,0,2,1,0.0,0,1,1,1,0,0,EN,,,,,,,,,1.0,0.0,1,1,1,1277,0.5,0.5,0.4827940267422379,0.4654751108833724,0.3807234315579734,0.33126587920605327,0.3590339789389991,0.46774018662665473,0.5079680070454335,0.4937110883002686,0.48687729656558465
202506190635,26,Partner,Verbal_NonVerbal,0.5,1,2,1,0.0,0,1,1,1,0,0,EN,,,,,,,,,1.0,0.0,1,1,1,1278,0.5,0.5,0.4787322468544597,0.45974520071797653,0.39487710770176,0.43632030319298665,0.3338748760857969,0.42387027405536293,0.446914129603976,0.3903850539517454,0.3823002727961076
202506190635,27,Partner,Verbal_NonVerbal,0.5,0,2,1,0.5,0,1,1,1,1,1,EN,,,,,,,,,1.0,0.0,0,0,1,1279,0.5,0.5,0.5434792232310566,0.5827666050181145,0.6083582923049706,0.6207422014273605,0.6266472675065016,0.6376389906343094,0.6505429802484025,0.6641652025151739,0.6747537442635592
202506190635,29,Partner,Verbal_NonVerbal,0.5,0,2,1,1.0,0,1,1,1,1,1,EN,,,,,,,,,1.0,0.0,0,0,1,1280,0.5,0.5,0.543464393146401,0.5831842163024014,0.6073232555439577,0.6180698473078787,0.6168581512137953,0.6147312217853611,0.6244847298984687,0.6834491620539445,0.7208913442082044
202506190635,30,Partner,Verbal_NonVerbal,0.5,1,2,1,1.0,0,1,1,1,1,1,EN,,,,,,,,,1.0,0.0,0,0,1,1281,0.5,0.5,0.500567904345954,0.5207208653102368,0.6144812037487035,0.6709686896037416,0.6786921475297631,0.6917087518126724,0.5229598824483239,0.5331168619586918,0.5369190673276265
202506190635,31,Partner,Verbal_NonVerbal,0.5,0,2,1,0.0,0,1,1,1,0,0,EN,,,,,,,,,1.0,0.0,1,1,1,1282,0.5,0.5,0.4825848351050336,0.46528491005856504,0.38171767153157465,0.32758035163501026,0.318622818705973,0.30965215405189966,0.3021447578385933,0.302287033333341,0.30462765248839335
202506190635,32,Partner,Verbal_NonVerbal,0.5,1,2,1,0.0,0,1,1,1,0,0,EN,,,,,,,,,1.0,0.0,1,1,1,1283,0.5,0.5,0.49629821443757294,0.47712265115542485,0.4091277069726903,0.3626271781756179,0.35599679386373745,0.42951047107983925,0.32737209265525913,0.2652314082862547,0.22531589732571433
202506190635,34,Partner,Verbal_NonVerbal,0.5,1,2,1,0.5,0,1,1,1,0,0,EN,,,,,,,,,1.0,0.0,0,1,1,1284,0.5,0.5,0.4581755461677141,0.4296576320521551,0.399919930540619,0.47488369112669193,0.5012067529836206,0.439333664491535,0.3769109957737769,0.2962326273240321,0.33802977458240413
202506190635,36,Partner,Verbal_NonVerbal,0.5,1,2,1,1.0,0,1,1,1,1,1,EN,,,,,,,,,1.0,0.0,1,0,1,1285,0.5,0.5,0.5003974309396538,0.5865178686105326,0.6830381519556618,0.7144733733127981,0.7198290348121696,0.7291271708388721,0.7354953728213818,0.7392388261487655,0.7474876216879996
202506190635,37,Partner,Verbal_NonVerbal,0.5,0,2,1,0.0,0,-1,-1,1,1,0,EN,,,,,,,,,0.0,1.0,1,0,1,1286,0.5,0.5,0.5251313545600939,0.5432454421422745,0.6043278173420578,0.6394602751296878,0.6396476667316037,0.5682920643410448,0.4838522478492945,0.43838256431558764,0.38916098525322995
202506190635,38,Partner,Verbal_NonVerbal,0.5,1,2,1,0.0,0,-1,-1,1,1,0,EN,,,,,,,,,0.0,1.0,1,0,1,1287,0.5,0.5,0.5087436260911988,0.5284238579431114,0.6146902033978814,0.665112654656531,0.6620927008311459,0.6644552331497634,0.3180835759833374,0.35182698441535304,0.4562981735917815
202506190635,39,Partner,Verbal_NonVerbal,0.5,0,2,1,0.5,0,1,1,1,0,0,EN,,,,,,,,,1.0,0.0,1,1,1,1288,0.5,0.5,0.4584303013847306,0.368014454393444,0.31079262265805185,0.30190659705274614,0.3030693193620021,0.30414432465173263,0.47768217933164475,0.4551683870393485,0.4288118680867754
202506190635,40,Partner,Verbal_NonVerbal,0.5,1,2,1,0.5,0,1,1,1,1,1,EN,,,,,,,,,1.0,0.0,0,0,1,1289,0.5,0.5,0.5432519874139162,0.6331952637162965,0.6917454637072892,0.7278863186322777,0.7386733304205714,0.7430246569936414,0.7257138159732426,0.7394674414807935,0.7630045391767293
202506190635,41,Partner,Verbal_NonVerbal,0.5,0,2,1,1.0,0,1,1,1,0,0,EN,,,,,,,,,1.0,0.0,0,1,1,1290,0.5,0.5,0.45745140102574466,0.4196673381392583,0.37226349450865953,0.34246965555827286,0.36897843344515546,0.46491775141836883,0.4015718496835684,0.5094963432313394,0.6372600857432751
202506190635,42,Partner,Verbal_NonVerbal,0.5,1,2,1,1.0,0,1,1,1,1,1,EN,,,,,,,,,1.0,0.0,0,0,1,1291,0.5,0.5,0.5329621562045218,0.5552205870107957,0.6041778651880131,0.6366215105281604,0.6446593128270185,0.6701645506413175,0.5210310183083265,0.5529669047462159,0.5711970026560715
202506190635,44,Partner,Verbal_NonVerbal,0.5,1,2,1,0.0,0,1,1,1,0,0,EN,,,,,,,,,1.0,0.0,1,1,1,1292,0.5,0.5,0.47900974427391935,0.42623088434084844,0.34486676445507364,0.30826986665587,0.3143675712451921,0.3163965475572032,0.32483087706914565,0.31105780859070165,0.292444778584715
202506190635,45,Partner,Verbal_NonVerbal,0.5,0,2,1,0.5,0,1,1,1,1,1,EN,,,,,,,,,1.0,0.0,1,0,1,1293,0.5,0.5,0.5431042773832854,0.5822173287605218,0.6078081619044625,0.6201285720813782,0.6192899891451041,0.6185145264527763,0.6176771172388817,0.6160575345454,0.5670001053422328
202506190635,46,Partner,Verbal_NonVerbal,0.5,1,2,1,0.5,0,1,1,1,0,0,EN,,,,,,,,,1.0,0.0,1,1,1,1294,0.5,0.5,0.48323179448833775,0.4368759681172755,0.3761874264018193,0.34940635085017313,0.3484716719366833,0.3603201863660296,0.3754739499426148,0.40110321628322154,0.3950761178962659
202506190635,47,Partner,Verbal_NonVerbal,0.5,0,2,1,1.0,0,1,1,1,1,1,EN,,,,,,,,,1.0,0.0,0,0,1,1295,0.5,0.5,0.5440698257330064,0.6348545505505873,0.6926584894798576,0.7027055821348043,0.7060361434160053,0.7139218108010681,0.7207438110368157,0.7261481104751469,0.7304169370451172
202506190635,48,Partner,Verbal_NonVerbal,0.5,1,2,1,1.0,0,1,1,1,0,0,EN,,,,,,,,,1.0,0.0,1,1,1,1296,0.5,0.5,0.45821989129739465,0.41187775120440445,0.3539961988383809,0.2876166130760236,0.2617309665828325,0.2636055713506715,0.4713552200639698,0.40623907944768395,0.3151600530759184
202506190635,49,Partner,Verbal_NonVerbal,0.5,0,2,1,0.0,0,1,1,1,0,0,EN,,,,,,,,,1.0,0.0,1,1,1,1297,0.5,0.5,0.48260799196480336,0.4014617551723866,0.3322222640871197,0.3206643766893234,0.3072972864778254,0.294832487087413,0.29491220611358154,0.29497964689745243,0.29505168309535384
202506190635,50,Partner,Verbal_NonVerbal,0.5,1,2,1,0.0,0,1,1,1,1,1,EN,,,,,,,,,1.0,0.0,1,1,1,1298,0.5,0.5,0.5224552051782462,0.5433794018333927,0.6266432237985105,0.676326071034569,0.6781290340890221,0.677798985391065,0.6743648411768465,0.6730462600393515,0.6655098310274865
202506190635,51,Partner,Verbal_NonVerbal,0.5,0,2,1,0.5,0,-1,-1,1,0,1,EN,,,,,,,,,0.0,1.0,0,1,1,1299,0.5,0.5,0.45807169057293173,0.4208597893892976,0.36448576866157173,0.33284340506255944,0.33954964663727855,0.3420904259437951,0.5064644766512673,0.5356623624788136,0.5763254591128611
202506190635,52,Partner,Verbal_NonVerbal,0.5,1,2,1,0.5,0,1,1,1,1,1,EN,,,,,,,,,1.0,0.0,1,0,1,1300,0.5,0.5,0.5428893181619748,0.6107659770939478,0.6632876737789195,0.7159969944082302,0.7468410610353533,0.7545005357361443,0.722688125324876,0.6175754305793223,0.5730161926801149
202506190635,53,Partner,Verbal_NonVerbal,0.5,0,2,1,1.0,0,1,1,1,0,0,EN,,,,,,,,,1.0,0.0,1,1,1,1301,0.5,0.5,0.45788683426091786,0.4202986280726311,0.357704159410436,0.32153034399693464,0.33968058327732414,0.3813404841243793,0.39600381601048457,0.3421830684307854,0.3065378964591237
202506190635,54,Partner,Verbal_NonVerbal,0.5,1,2,1,1.0,0,1,1,1,1,1,EN,,,,,,,,,1.0,0.0,0,0,1,1302,0.5,0.5,0.5428231940785931,0.6317718519183505,0.7083548136235447,0.7354077699963192,0.738167591675878,0.7141398121002753,0.5345834007551618,0.5362348393252565,0.5517943710513206
202506190635,55,Partner,Verbal_NonVerbal,0.5,0,2,1,0.0,0,1,1,1,0,0,EN,,,,,,,,,1.0,0.0,1,1,1,1303,0.5,0.5,0.4826106472036246,0.46543080443388984,0.37561501946332126,0.32601046156205693,0.3349633764781893,0.3410349493325291,0.3521216519479872,0.3665718135459669,0.3727709949570488
202506190635,56,Partner,Verbal_NonVerbal,0.5,1,2,1,0.0,0,1,1,1,1,1,EN,,,,,,,,,1.0,0.0,0,0,1,1304,0.5,0.5,0.5130994535777019,0.5645054205954053,0.6423282879808057,0.6738621504678777,0.7051210423134179,0.7200759510718345,0.7157375629096482,0.7219563262892932,0.7315404814915539
202506190635,57,Partner,Verbal_NonVerbal,0.5,0,2,1,0.5,0,1,1,1,1,1,EN,,,,,,,,,1.0,0.0,1,0,1,1305,0.5,0.5,0.5434308607069687,0.633354912546808,0.7146656348823788,0.7408742957786933,0.7397197550237742,0.6562811148221172,0.6795114516694661,0.6941588857846148,0.6074452717605058
202506190635,58,Partner,Verbal_NonVerbal,0.5,1,2,1,0.5,0,1,1,1,0,0,EN,,,,,,,,,1.0,0.0,1,1,1,1306,0.5,0.5,0.493287081523349,0.4706361120048226,0.4197010708021322,0.3665923559018278,0.3472936208506755,0.3189634382825839,0.474219876107323,0.4503922043260674,0.41256149772319867
202506190635,59,Partner,Verbal_NonVerbal,0.5,0,2,1,1.0,0,1,1,1,1,1,EN,,,,,,,,,1.0,0.0,1,0,1,1307,0.5,0.5,0.5442579255674718,0.6331952243231135,0.7081387754298347,0.7330428332069943,0.7126806197954714,0.6768507368153927,0.7071756184693014,0.7116985776493676,0.7194612618879723
202506190635,60,Partner,Verbal_NonVerbal,0.5,1,2,1,1.0,0,1,1,1,1,1,EN,,,,,,,,,1.0,0.0,0,0,1,1308,0.5,0.5,0.5288120053593586,0.611057278860844,0.6822275284716908,0.7005974318683205,0.7040118992295994,0.7099305661935724,0.5327221986349057,0.5571556070032958,0.5582855845914424
202506190635,62,Partner,Verbal_NonVerbal,0.5,1,2,1,0.0,0,1,1,1,0,0,EN,,,,,,,,,1.0,0.0,1,1,1,1309,0.5,0.5,0.500183560722266,0.4108910515271077,0.33067766284445427,0.3168418422176405,0.32092808914358845,0.3220924602923021,0.4016229116154127,0.45834923050681237,0.4827555148079233
202506190635,63,Partner,Verbal_NonVerbal,0.5,0,2,1,0.5,0,1,1,1,1,1,EN,,,,,,,,,1.0,0.0,0,0,1,1310,0.5,0.5,0.5429698474354545,0.6332200733571399,0.6922812129138384,0.7031723957931474,0.7066961169701585,0.7184944882641475,0.729086779849086,0.7409442918263879,0.7502895537975615
202506190635,64,Partner,Verbal_NonVerbal,0.5,1,2,1,0.5,0,1,1,1,1,1,EN,,,,,,,,,1.0,0.0,0,0,1,1311,0.5,0.5,0.5432270230678254,0.582875035161303,0.6175368832378761,0.6741049006948835,0.6929669452495761,0.7026169610797813,0.704384374256984,0.7012889531380525,0.7000807592711039
202506190635,65,Partner,Verbal_NonVerbal,0.5,0,2,1,1.0,0,1,1,1,0,0,EN,,,,,,,,,1.0,0.0,0,0,1,1312,0.5,0.5,0.45749028198641,0.41972635569808747,0.34870708282654506,0.29523616175072864,0.28602023201068066,0.2848407650499927,0.24915497097525852,0.24485163111895603,0.23885941436429683
202506190635,66,Partner,Verbal_NonVerbal,0.5,1,2,1,1.0,0,1,1,1,1,1,EN,,,,,,,,,1.0,0.0,0,0,1,1313,0.5,0.5,0.5438438163342946,0.6330626458292196,0.7086895339067112,0.7344881680338597,0.7350460907447098,0.698204412763245,0.6572573129076821,0.7124141101562573,0.7042773175513899
202506190635,67,Partner,Verbal_NonVerbal,0.5,0,2,1,0.0,0,1,1,1,1,1,EN,,,,,,,,,1.0,0.0,1,0,1,1314,0.5,0.5,0.5181772975720583,0.5372188450805221,0.6152382146297485,0.6623527036947102,0.6645474167588673,0.6699923887600815,0.5047864683111253,0.5044413741724655,0.4960015419034541
202506190635,68,Partner,Verbal_NonVerbal,0.5,1,2,1,0.0,0,1,1,1,1,1,EN,,,,,,,,,1.0,0.0,0,0,1,1315,0.5,0.5,0.5219332983052066,0.5428000048142365,0.6276366322077171,0.6782935343689624,0.7125380684758439,0.7185371427770217,0.5346720102996232,0.5462697614921967,0.5641549822871456
202506190635,69,Partner,Verbal_NonVerbal,0.5,0,2,1,0.5,0,1,1,1,1,1,EN,,,,,,,,,1.0,0.0,0,0,1,1316,0.5,0.5,0.542854081707652,0.5818260450017855,0.6441372558707998,0.6911835963960532,0.70261073188481,0.7110290410554398,0.5298286345684408,0.5361981766783455,0.5359233667896254
202506190635,70,Partner,Verbal_NonVerbal,0.5,1,2,1,0.5,0,1,1,1,0,0,EN,,,,,,,,,1.0,0.0,1,1,1,1317,0.5,0.5,0.45819858438750144,0.42087240119367036,0.3509018495448479,0.3105158433228561,0.29547367100333083,0.28947067448777186,0.477829756718353,0.46465959531934825,0.49309203727243467
202506190635,71,Partner,Verbal_NonVerbal,0.5,0,2,1,1.0,0,1,1,1,1,1,EN,,,,,,,,,1.0,0.0,1,0,1,1318,0.5,0.5,0.5444264112495928,0.6352358447996158,0.6960912083011849,0.7087531648092112,0.7119333911684202,0.7265060518187482,0.540038354174694,0.5444328220054352,0.543896189752035
202506190635,72,Partner,Verbal_NonVerbal,0.5,1,2,1,1.0,0,1,1,1,0,0,EN,,,,,,,,,1.0,0.0,1,1,1,1319,0.5,0.5,0.500599897843568,0.4944222161730703,0.4074563457088467,0.35005108873471874,0.34960345101349316,0.33791637328786633,0.32794986484240785,0.4331190084610277,0.3166365839999077
202506190635,73,Partner,Verbal_NonVerbal,0.5,0,2,1,0.0,0,1,1,1,0,0,EN,,,,,,,,,1.0,0.0,1,1,1,1320,0.5,0.5,0.48276550016901176,0.46558668642664275,0.37828709334003335,0.32723627459510607,0.32748413826010236,0.32758076123440133,0.32764881414330094,0.3530066172705435,0.3896732584544197
202506190635,74,Partner,Verbal_NonVerbal,0.5,1,2,1,0.0,0,1,1,1,1,1,EN,,,,,,,,,1.0,0.0,0,0,1,1321,0.5,0.5,0.5223706392479766,0.543482195558062,0.5997702708834265,0.6342873228491269,0.5990891160546797,0.7587057163023491,0.784589735499047,0.7996909963599595,0.8107741735442401
202506190635,75,Partner,Verbal_NonVerbal,0.5,0,2,1,0.5,0,1,1,1,1,1,EN,,,,,,,,,1.0,0.0,0,0,1,1322,0.5,0.5,0.5430355694629263,0.5822436650646035,0.6427672842392805,0.682154918508572,0.6892063307361291,0.6991800493730009,0.7427747346959673,0.747341147135285,0.752989999310734
202506190635,76,Partner,Verbal_NonVerbal,0.5,1,2,1,0.5,0,1,1,1,1,1,EN,,,,,,,,,1.0,0.0,0,0,1,1323,0.5,0.5,0.5003090432494517,0.5862632846138836,0.6893301731925422,0.7248868448723899,0.7527360821326347,0.7685975906477804,0.7588709920587559,0.7650652522039685,0.7493427133865631
202506190635,77,Partner,Verbal_NonVerbal,0.5,0,2,1,1.0,0,1,1,1,1,1,EN,,,,,,,,,1.0,0.0,0,0,1,1324,0.5,0.5,0.543805871171526,0.635095361094541,0.705056548720282,0.7260146196662813,0.707159963982745,0.6939616203909573,0.8274804993745233,0.8296282156729827,0.8278818460683735
202506190635,79,Partner,Verbal_NonVerbal,0.5,0,2,1,0.0,0,1,1,1,0,0,EN,,,,,,,,,1.0,0.0,1,1,1,1325,0.5,0.5,0.482619067780224,0.4652804696284136,0.38565517951927664,0.33775941843046325,0.33661415847772996,0.3358177448893895,0.3278991086548332,0.3209916716072101,0.32261597089846616
202506190635,80,Partner,Verbal_NonVerbal,0.5,1,2,1,0.0,0,1,1,1,0,0,EN,,,,,,,,,1.0,0.0,1,1,1,1326,0.5,0.5,0.47858274699356607,0.42732967403954025,0.3491623201521715,0.31005412428688456,0.29796815892859413,0.29651184971745576,0.47009718981796506,0.4629889859583613,0.4158789501325526
202506190635,81,Partner,Verbal_NonVerbal,0.5,0,2,1,0.5,0,1,1,1,0,0,EN,,,,,,,,,1.0,0.0,0,1,1,1327,0.5,0.5,0.45831926871717943,0.36612932644341045,0.3041799938642275,0.29180312764389504,0.29297002741097455,0.29772938466302173,0.4369128383302723,0.44904494767185493,0.43868003316313486
202506190635,82,Partner,Verbal_NonVerbal,0.5,1,2,1,0.5,0,1,1,1,0,0,EN,,,,,,,,,1.0,0.0,0,1,1,1328,0.5,0.5,0.4585726424665362,0.3931279600082753,0.3558728469959135,0.43827276484029154,0.39198498961536987,0.40326222646251414,0.4161179092835945,0.45907089210502827,0.48148820994742286
202506190635,83,Partner,Verbal_NonVerbal,0.5,0,2,1,1.0,0,1,1,1,0,0,EN,,,,,,,,,1.0,0.0,1,1,1,1329,0.5,0.5,0.4577583185396711,0.4200933024310307,0.3539973906064581,0.31735733337517735,0.3304577629127196,0.3392346511325948,0.3411223420217904,0.3437683323374816,0.3441363989909532
202506190635,86,Partner,Verbal_NonVerbal,0.5,1,2,1,0.0,0,1,1,1,0,0,EN,,,,,,,,,1.0,0.0,1,1,1,1330,0.5,0.5,0.47905001278660614,0.425739543166634,0.3578020052207244,0.33916951462603107,0.348129607753959,0.35131640780966,0.3540669639195156,0.35726311889784085,0.3592537567924151
202506190635,87,Partner,Verbal_NonVerbal,0.5,0,2,1,0.5,0,-1,-1,1,0,1,EN,,,,,,,,,0.0,1.0,0,1,1,1331,0.5,0.5,0.45834676703164434,0.42129632942034734,0.35288124468625354,0.3139541932743389,0.3389351463231789,0.37156437867606074,0.5301562561719187,0.5275438579660077,0.5181228007362
202506190635,88,Partner,Verbal_NonVerbal,0.5,1,2,1,0.5,0,1,1,1,0,0,EN,,,,,,,,,1.0,0.0,1,1,1,1332,0.5,0.5,0.4583902793389897,0.42135456905578833,0.3801240507625674,0.49376961031500527,0.4219221881628482,0.41905182178321904,0.21436069953248785,0.20898944179521953,0.27197555121270456
202506190635,89,Partner,Verbal_NonVerbal,0.5,0,2,1,1.0,0,1,1,1,0,0,EN,,,,,,,,,1.0,0.0,1,1,1,1333,0.5,0.5,0.4575655832162075,0.3696810503491242,0.2864744346448086,0.2584616909490579,0.2616315196159463,0.2644316391203028,0.28726735352936256,0.2766598883324377,0.2523800276399269
202506190635,91,Partner,Verbal_NonVerbal,0.5,0,2,1,0.0,0,1,1,1,1,1,EN,,,,,,,,,1.0,0.0,0,0,1,1334,0.5,0.5,0.5184069374731965,0.5375255103188524,0.621633966423233,0.6708049641799348,0.6713117938686775,0.6452236966751863,0.5369184713980263,0.5558197950638027,0.5545697734833527
202506190635,92,Partner,Verbal_NonVerbal,0.5,1,2,1,0.0,0,-1,-1,1,0,1,EN,,,,,,,,,0.0,1.0,0,0,1,1335,0.5,0.5,0.47870703940664094,0.4596611928328991,0.40625031170896175,0.4973847520223584,0.5427301742964593,0.6633127651587176,0.6560604861078212,0.6656803306371615,0.5652028192203805
202506190635,93,Partner,Verbal_NonVerbal,0.5,0,2,1,0.5,0,1,1,1,1,1,EN,,,,,,,,,1.0,0.0,0,0,1,1336,0.5,0.5,0.5433939491755372,0.6344792645000564,0.6965057689862106,0.7095813408825723,0.712770672331737,0.7217600132209788,0.5342670757749024,0.5593154690029283,0.5880782283202608
202506190635,94,Partner,Verbal_NonVerbal,0.5,1,2,1,0.5,0,1,1,1,1,1,EN,,,,,,,,,1.0,0.0,0,0,1,1337,0.5,0.5,0.5438158736335563,0.6134437828066498,0.6827327872398914,0.7119636452855909,0.8177818949656769,0.6052133611732874,0.6201601560521037,0.6314376867988392,0.6614014039772053
202506190635,95,Partner,Verbal_NonVerbal,0.5,0,2,1,1.0,0,1,1,1,0,0,EN,,,,,,,,,1.0,0.0,0,1,1,1338,0.5,0.5,0.45772395452482806,0.4200829097763734,0.35774207029169486,0.32271794120291525,0.33324746971343905,0.3454949614066709,0.3527429315866371,0.361303851000298,0.37065485164710693
202506190635,96,Partner,Verbal_NonVerbal,0.5,1,2,1,1.0,0,1,1,1,0,0,EN,,,,,,,,,1.0,0.0,1,0,1,1339,0.5,0.5,0.45766989066644687,0.4199421183660348,0.37866218753796255,0.3217688758227984,0.29543415598581463,0.2677984626183785,0.2325716012590245,0.2228568655559385,0.22462810974644012
202506190635,97,Partner,Verbal_NonVerbal,0.5,0,2,1,0.0,0,1,1,1,0,0,EN,,,,,,,,,1.0,0.0,0,1,1,1340,0.5,0.5,0.4826792270733794,0.46551300681684665,0.435519833701876,0.4219048651634837,0.4193405928227294,0.41219592878217476,0.39735050002485595,0.3615813174553415,0.3391968614592171
202506190635,98,Partner,Verbal_NonVerbal,0.5,1,2,1,0.0,0,1,1,1,1,1,EN,,,,,,,,,1.0,0.0,0,0,1,1341,0.5,0.5,0.5225728315065366,0.6027168622608189,0.6896611262731619,0.7178792765658164,0.7460269084614227,0.764336332209531,0.5884951597792939,0.6541136301385571,0.7061655374471149
202506190635,99,Partner,Verbal_NonVerbal,0.5,0,2,1,0.5,0,1,1,1,1,1,EN,,,,,,,,,1.0,0.0,0,0,1,1342,0.5,0.5,0.5438585541262104,0.5831644491700503,0.6508790087504547,0.6944016867769809,0.6968278368789351,0.6647885713897604,0.6521826154032007,0.673569812407262,0.6675318021665745
202506190635,100,Partner,Verbal_NonVerbal,0.5,1,2,1,0.5,0,1,1,1,1,1,EN,,,,,,,,,1.0,0.0,0,0,1,1343,0.5,0.5,0.5438240219567282,0.6327815547154033,0.7145695939875849,0.7437671052487699,0.7349421342755605,0.7264163289341323,0.7524006049646247,0.7464658081168339,0.755042316786396
202506190635,101,Partner,Verbal_NonVerbal,0.5,0,2,1,1.0,0,1,1,1,0,0,EN,,,,,,,,,1.0,0.0,1,1,1,1344,0.5,0.5,0.45757555213716444,0.36533988989975136,0.2855567871286107,0.2646023766051645,0.2699587604510011,0.28945620478480777,0.2555344862871582,0.2708135928606837,0.33272952830907265
202506190635,102,Partner,Verbal_NonVerbal,0.5,1,2,1,1.0,0,1,1,1,1,1,EN,,,,,,,,,1.0,0.0,0,0,1,1345,0.5,0.5,0.5449765371733445,0.6358270870364493,0.7109209274913397,0.7359274076545512,0.7399023431432771,0.7452284136770986,0.748117918430666,0.7543455565641791,0.7319476246086052
202506190635,103,Partner,Verbal_NonVerbal,0.5,0,2,1,0.0,0,1,1,1,0,0,EN,,,,,,,,,1.0,0.0,1,1,1,1346,0.5,0.5,0.4827584392356274,0.4016373406366661,0.30723376421176984,0.2801695914652418,0.2840822044405589,0.28617125914160263,0.4807253600597428,0.4786727909914136,0.4716824801020847
202506190635,104,Partner,Verbal_NonVerbal,0.5,1,2,1,0.0,0,1,1,1,1,1,EN,,,,,,,,,1.0,0.0,0,0,1,1347,0.5,0.5,0.5067768706444513,0.5268467070302888,0.5948144527869837,0.636942589410737,0.640343500834928,0.6471249550993124,0.7831589593498318,0.7874540112251067,0.8046066004118896
202506190635,105,Partner,Verbal_NonVerbal,0.5,0,2,1,0.5,0,1,1,1,1,1,EN,,,,,,,,,1.0,0.0,0,0,1,1348,0.5,0.5,0.5432473021827141,0.5823865130980196,0.6542149890439913,0.6985290731642377,0.7042914613174325,0.7116084035866865,0.7188395656829123,0.7270547330504074,0.7325388969153707
202506190635,106,Partner,Verbal_NonVerbal,0.5,1,2,1,0.5,0,1,1,1,0,0,EN,,,,,,,,,1.0,0.0,1,1,1,1349,0.5,0.5,0.4901796400076507,0.47264938350818764,0.4246106100652743,0.39706703201085114,0.4015421078959909,0.40262243438537787,0.3357773019028767,0.34211187812842325,0.3478603140471571
202506190635,107,Partner,Verbal_NonVerbal,0.5,0,2,1,1.0,0,1,1,1,0,0,EN,,,,,,,,,1.0,0.0,1,0,1,1350,0.5,0.5,0.4574698332172994,0.3679737906344091,0.28826128918237726,0.26361338147726837,0.29254315974150036,0.31699362672785636,0.3171692939475828,0.3176073016537744,0.3188189895225361
202506190635,108,Partner,Verbal_NonVerbal,0.5,1,2,1,1.0,0,1,1,1,0,0,EN,,,,,,,,,1.0,0.0,1,1,1,1351,0.5,0.5,0.45885182973314254,0.4217201847215135,0.36546146947510244,0.33252887104371,0.3841207566133134,0.4465372697845597,0.47574889884385146,0.4879779161464225,0.42951225702068335
202506190635,109,Partner,Verbal_NonVerbal,0.5,0,2,1,0.0,0,1,1,1,1,1,EN,,,,,,,,,1.0,0.0,0,0,1,1352,0.5,0.5,0.518041105701948,0.5982457290497999,0.6900118749599715,0.7190277810785849,0.7189868393151418,0.7222405476382688,0.7306848298176287,0.7370479270624707,0.74025273852993
202506190635,110,Partner,Verbal_NonVerbal,0.5,1,2,1,0.0,0,1,1,1,0,0,EN,,,,,,,,,1.0,0.0,1,1,1,1353,0.5,0.5,0.4792720301344581,0.46047010383073117,0.3794723621395036,0.3351375694763673,0.34018655449776486,0.34131697695148044,0.5021916562998765,0.4798060877024897,0.4710217891076249
202506190635,112,Partner,Verbal_NonVerbal,0.5,1,2,1,0.5,0,1,1,1,1,1,EN,,,,,,,,,1.0,0.0,1,0,1,1354,0.5,0.5,0.5439634708358806,0.6325864565718919,0.7032297448504762,0.7258826487545271,0.7266788275334111,0.7300426591638919,0.7275854904949216,0.7397543193000933,0.7525646773307033
202506190635,113,Partner,Verbal_NonVerbal,0.5,0,2,1,1.0,0,1,1,1,1,1,EN,,,,,,,,,1.0,0.0,1,0,1,1355,0.5,0.5,0.5442361690964712,0.6358384019317843,0.7157205769658714,0.7386292441018976,0.7391251691919749,0.758087726628549,0.8280174753361644,0.8424836266419721,0.7735770505802538
202506190635,115,Partner,Verbal_NonVerbal,0.5,0,2,1,0.0,0,1,1,1,1,1,EN,,,,,,,,,1.0,0.0,0,0,1,1356,0.5,0.5,0.5181638275368347,0.5992655366092264,0.686591900668965,0.7126532930737539,0.692694039602808,0.6783522788382057,0.7294964991177569,0.7359496047740746,0.7378351294397638
202506190635,116,Partner,Verbal_NonVerbal,0.5,1,2,1,0.0,0,1,1,1,1,1,EN,,,,,,,,,1.0,0.0,1,0,1,1357,0.5,0.5,0.5225453583643899,0.6015967370285766,0.6680446621298524,0.6353049323041715,0.5947755296829739,0.574623700151623,0.6757008686009265,0.6333875796115962,0.5862125264739119
202506190635,117,Partner,Verbal_NonVerbal,0.5,0,2,1,0.5,0,1,1,1,1,1,EN,,,,,,,,,1.0,0.0,0,0,1,1358,0.5,0.5,0.5418129846277744,0.5805093974555292,0.6223826518238719,0.6509545310578769,0.6438222907651703,0.5995692218074009,0.6839500276408348,0.6944833166089619,0.7051021702353619
202506190635,118,Partner,Verbal_NonVerbal,0.5,1,2,1,0.5,0,1,1,1,0,0,EN,,,,,,,,,1.0,0.0,1,1,1,1359,0.5,0.5,0.4665006948491309,0.4436313216221061,0.37634518543952766,0.33401779828335815,0.3347606797002807,0.3307540794027106,0.19202188230167827,0.19168398232147374,0.19273420324063
202506190635,119,Partner,Verbal_NonVerbal,0.5,0,2,1,1.0,0,1,1,1,0,0,EN,,,,,,,,,1.0,0.0,1,1,1,1360,0.5,0.5,0.45749841270416564,0.4197760525014516,0.3972191379651038,0.38633532187389596,0.37614497079743514,0.360607531639935,0.3078164372090321,0.42495061406063656,0.5025996569688019
202506190635,120,Partner,Verbal_NonVerbal,0.5,1,2,1,1.0,0,1,1,1,1,1,EN,,,,,,,,,1.0,0.0,0,0,1,1361,0.5,0.5,0.5431574600553143,0.5825263235733862,0.6092558706813065,0.6252903544289493,0.6300615720829513,0.6370676141700334,0.49253813449801775,0.5163714112179066,0.5396587168752999
202506190635,121,Partner,Verbal_NonVerbal,0.5,0,2,1,0.0,0,1,1,1,0,0,EN,,,,,,,,,1.0,0.0,1,1,1,1362,0.5,0.5,0.4827025257479904,0.46550172080626984,0.42114280456617625,0.39876574412133176,0.4027805917953832,0.40520718821841956,0.3454153160549517,0.3664214196695516,0.37840845723269073
202506190635,122,Partner,Verbal_NonVerbal,0.5,1,2,1,0.0,0,-1,-1,1,0,1,EN,,,,,,,,,0.0,1.0,0,0,1,1363,0.5,0.5,0.4790262917857865,0.42621624496792687,0.33323109778497206,0.4045372660544881,0.3510686965697397,0.4709377778740691,0.6911337165225218,0.7913277801965116,0.708060562454755
202506190635,123,Partner,Verbal_NonVerbal,0.5,0,2,1,0.5,0,1,1,1,1,1,EN,,,,,,,,,1.0,0.0,0,1,1,1364,0.5,0.5,0.5434230194149159,0.6349562469539451,0.6968960579223552,0.7102983512749949,0.7108671209875544,0.6522746432050055,0.6691223661804236,0.7024828308804137,0.713712007053653
202506190635,124,Partner,Verbal_NonVerbal,0.5,1,2,1,0.5,0,-1,-1,1,0,1,EN,,,,,,,,,0.0,1.0,0,1,1,1365,0.5,0.5,0.4584942898061328,0.3667888227043022,0.45232783285346034,0.5223852129220006,0.7405423107046684,0.7966664964313735,0.7238484497608513,0.7163820729649613,0.6370337422108389
202506190635,125,Partner,Verbal_NonVerbal,0.5,0,2,1,1.0,0,-1,-1,1,0,1,EN,,,,,,,,,0.0,1.0,0,1,1,1366,0.5,0.5,0.45804872356119186,0.4204374139371123,0.3798271714817543,0.34387284542142876,0.3347671476887581,0.4022064177726721,0.56854706976517,0.5730801151944224,0.5908985694172659
202506190635,126,Partner,Verbal_NonVerbal,0.5,1,2,1,1.0,0,1,1,1,0,0,EN,,,,,,,,,1.0,0.0,1,1,1,1367,0.5,0.5,0.4581098412297279,0.42079117020470963,0.36218163289934585,0.3238016704248381,0.3169820489012591,0.3074319612178789,0.2953979880928982,0.28118586051693495,0.24734387680374814
202506190635,128,Partner,Verbal_NonVerbal,0.5,1,2,1,0.0,0,1,1,1,0,0,EN,,,,,,,,,1.0,0.0,0,0,1,1368,0.5,0.5,0.5001505131843609,0.48217905254189425,0.405849732053869,0.35902085228721287,0.3606440006121592,0.3668766159650395,0.47414326329887574,0.5745320090815768,0.571092140051832
202506190635,129,Partner,Verbal_NonVerbal,0.5,0,2,1,0.5,0,1,1,1,1,1,EN,,,,,,,,,1.0,0.0,0,0,1,1369,0.5,0.5,0.5426751540190424,0.6320899381908452,0.692572352993901,0.7049746629525092,0.7083524924047441,0.7180185668353276,0.7243042151125251,0.7304932438599546,0.7408283876973386
202506190635,130,Partner,Verbal_NonVerbal,0.5,1,2,1,0.5,0,1,1,1,1,1,EN,,,,,,,,,1.0,0.0,1,0,1,1370,0.5,0.5,0.5436768425729,0.6124008552835376,0.6888785807791783,0.722618765404509,0.7125670776759274,0.7193961047878318,0.7103868754989817,0.6981782331566356,0.6900785211075012
202506190635,131,Partner,Verbal_NonVerbal,0.5,0,2,1,1.0,0,1,1,1,0,0,EN,,,,,,,,,1.0,0.0,1,1,1,1371,0.5,0.5,0.45754058060282404,0.41977978391695603,0.3655806034341822,0.3187337307988433,0.30564052229734007,0.2984569786435563,0.4778768216177206,0.47757438167017463,0.41551971883734823
202506190635,132,Partner,Verbal_NonVerbal,0.5,1,2,1,1.0,0,1,1,1,1,1,EN,,,,,,,,,1.0,0.0,0,0,1,1372,0.5,0.5,0.5435612964566675,0.612143252226233,0.690539081797987,0.7452157292566518,0.7608777427143532,0.7626654688928981,0.7676311616755391,0.7716498139518988,0.776366066972048
202506190635,133,Partner,Verbal_NonVerbal,0.5,0,2,1,0.0,0,1,1,1,1,1,EN,,,,,,,,,1.0,0.0,1,1,1,1373,0.5,0.5,0.5184878976576601,0.5969957675016754,0.6817806154952392,0.7059339877983455,0.7058139711670081,0.6947956499360549,0.6834083907546928,0.6806544679739496,0.6738793374567533
202506190635,134,Partner,Verbal_NonVerbal,0.5,1,2,1,0.0,0,-1,-1,1,0,1,EN,,,,,,,,,0.0,1.0,1,1,1,1374,0.5,0.5,0.4791369303837869,0.46033060662239444,0.37239526203211576,0.43103187910284935,0.3774080943151631,0.38274174381473747,0.5440436217210215,0.5365385894311312,0.5307240874850132
202506190635,135,Partner,Verbal_NonVerbal,0.5,0,2,1,0.5,0,1,1,1,1,1,EN,,,,,,,,,1.0,0.0,1,0,1,1375,0.5,0.5,0.5434673535165699,0.6334206008530833,0.6947448299862132,0.7077404168966301,0.7107418697465204,0.7237340497162781,0.738382365618763,0.7474521782993685,0.7518773155929346
202506190635,136,Partner,Verbal_NonVerbal,0.5,1,2,1,0.5,0,1,1,1,0,0,EN,,,,,,,,,1.0,0.0,1,1,1,1376,0.5,0.5,0.45819932549543374,0.42107445776231756,0.35333984584696587,0.3756443397787495,0.38312060407963594,0.3593642642299181,0.3575186297671009,0.37201378018748366,0.3608452279898647
202506190635,137,Partner,Verbal_NonVerbal,0.5,0,2,1,1.0,0,1,1,1,1,1,EN,,,,,,,,,1.0,0.0,0,0,1,1377,0.5,0.5,0.5439525228505648,0.5836869603767153,0.6551097956537514,0.6992019259857845,0.7005643343166881,0.6133542211690964,0.6495714778278903,0.6706536445430283,0.6848867872179434
202506190635,138,Partner,Verbal_NonVerbal,0.5,1,2,1,1.0,0,1,1,1,0,0,EN,,,,,,,,,1.0,0.0,1,1,1,1378,0.5,0.5,0.4579413447297956,0.4205013511364233,0.37320719212059605,0.34180978282635743,0.34235855268705284,0.3380026666816173,0.2892417158630373,0.2297093525827824,0.19038774917491855
202506190635,139,Partner,Verbal_NonVerbal,0.5,0,2,1,0.0,0,1,1,1,1,1,EN,,,,,,,,,1.0,0.0,0,0,1,1379,0.5,0.5,0.5183802367616628,0.5375041700301001,0.5698952366158979,0.5835087628889034,0.5816547646059517,0.5642386731483324,0.5093445974202707,0.5955873920222605,0.5588930894819762
202506190635,140,Partner,Verbal_NonVerbal,0.5,1,2,1,0.0,0,1,1,1,0,0,EN,,,,,,,,,1.0,0.0,1,1,1,1380,0.5,0.5,0.47911092991848975,0.46042515026554365,0.37488060154855357,0.33073272908625617,0.33827086357707603,0.34118922738659113,0.5103373432440946,0.4394280863419206,0.38297962939022956
202506190635,141,Partner,Verbal_NonVerbal,0.5,0,2,1,0.5,0,1,1,1,1,1,EN,,,,,,,,,1.0,0.0,0,0,1,1381,0.5,0.5,0.5424626613174155,0.5813760109158568,0.5990585612324913,0.6041744620265095,0.622444454079241,0.6483432049453691,0.6320593376440135,0.5612906808893224,0.512921155313667
202506190635,142,Partner,Verbal_NonVerbal,0.5,1,2,1,0.5,0,1,1,1,0,0,EN,,,,,,,,,1.0,0.0,0,1,1,1382,0.5,0.5,0.4584386294007516,0.3716763306618867,0.42635812133410966,0.3535477540800352,0.3446789933526304,0.4881445499292078,0.4236921507104478,0.33589727996347946,0.30044697974565343
202506190635,143,Partner,Verbal_NonVerbal,0.5,0,2,1,1.0,0,1,1,1,0,0,EN,,,,,,,,,1.0,0.0,1,1,1,1383,0.5,0.5,0.45761264908157423,0.4199274193755629,0.35809236277538437,0.32368033639966143,0.29471139054846984,0.26597967215603163,0.27989453370461903,0.2962861233538234,0.30438684315295345
202506190635,144,Partner,Verbal_NonVerbal,0.5,1,2,1,1.0,0,1,1,1,1,1,EN,,,,,,,,,1.0,0.0,1,0,1,1384,0.5,0.5,0.5436984070645111,0.5832892972848075,0.6529899729458892,0.6960404665681182,0.7011667188644773,0.7084531669381265,0.5306659392633474,0.554037577854368,0.5667692895474916
202506190635,145,Partner,Verbal_NonVerbal,0.5,0,2,1,0.0,0,1,1,1,0,0,EN,,,,,,,,,1.0,0.0,1,1,1,1385,0.5,0.5,0.4827320892247688,0.4015412050636828,0.3042959308567075,0.27935413153221084,0.2875361197200682,0.28886977950232473,0.2886522894132413,0.288968164071996,0.3246904536260084
202506190635,146,Partner,Verbal_NonVerbal,0.5,1,2,1,0.0,0,1,1,1,1,1,EN,,,,,,,,,1.0,0.0,1,0,1,1386,0.5,0.5,0.5218496664255187,0.6022993073537184,0.6798918949272118,0.7002330464481085,0.7008702928255355,0.7049719879062211,0.7135384109205845,0.7193784428949264,0.7321148184186144
202506190635,147,Partner,Verbal_NonVerbal,0.5,0,2,1,0.5,0,1,1,1,0,0,EN,,,,,,,,,1.0,0.0,0,1,1,1387,0.5,0.5,0.4589052595294215,0.4221504737178197,0.3569588935763743,0.32316712304462347,0.334524444440664,0.3424216861975059,0.3788430844335691,0.41393668362207947,0.44007604302010006
202506190635,148,Partner,Verbal_NonVerbal,0.5,1,2,1,0.5,0,1,1,1,1,1,EN,,,,,,,,,1.0,0.0,0,0,1,1388,0.5,0.5,0.5437220222649515,0.583501672409985,0.6409585147118944,0.6783511462042294,0.6803241227618564,0.6703824547595659,0.6681041017942736,0.6656581911595855,0.6379435601648606
202506190635,149,Partner,Verbal_NonVerbal,0.5,0,2,1,1.0,0,1,1,1,0,0,EN,,,,,,,,,1.0,0.0,1,1,1,1389,0.5,0.5,0.45791334727714283,0.42030760354789953,0.36755583112651524,0.3358167243713746,0.3383759860300341,0.33893747856199696,0.5041563700449481,0.43753784071565005,0.38579279565670016
202506190635,150,Partner,Verbal_NonVerbal,0.5,1,2,1,1.0,0,1,1,1,1,1,EN,,,,,,,,,1.0,0.0,0,0,1,1390,0.5,0.5,0.5438456103879894,0.5835667252176521,0.6536375552743524,0.697101075247614,0.7122548930638644,0.7217085609417858,0.5639593582929602,0.6682048328880711,0.7238725770980852
202506190635,151,Partner,Verbal_NonVerbal,0.5,0,2,1,0.0,0,1,1,1,0,0,EN,,,,,,,,,1.0,0.0,0,1,1,1391,0.5,0.5,0.48271916976064966,0.46547455776728064,0.38050604429667156,0.3318793342420524,0.3341771350482855,0.3351779836813113,0.5010758360890353,0.4873332550918943,0.48146580979872006
202506190635,152,Partner,Verbal_NonVerbal,0.5,1,2,1,0.0,0,-1,-1,1,0,1,EN,,,,,,,,,0.0,1.0,0,1,1,1392,0.5,0.5,0.478938602713138,0.3971025937696344,0.4068912313944222,0.4775338822468329,0.6664856721051913,0.8162053318408377,0.6301410703108171,0.6494818896135692,0.6281481065801301
202506190635,153,Partner,Verbal_NonVerbal,0.5,0,2,1,0.5,0,1,1,1,0,0,EN,,,,,,,,,1.0,0.0,1,1,1,1393,0.5,0.5,0.45958777689550245,0.4229663231163271,0.3877409229978975,0.3702571628521879,0.33224742868457585,0.29684235567536704,0.2949719961795106,0.29716314522498083,0.29735829055658924
202506190635,154,Partner,Verbal_NonVerbal,0.5,1,2,1,0.5,0,1,1,1,1,1,EN,,,,,,,,,1.0,0.0,0,0,1,1394,0.5,0.5,0.5436215632419564,0.6340905047487191,0.7021272148172019,0.7224326948031193,0.7239093651705577,0.7127174436166396,0.5220133956099314,0.5361362748761058,0.522518691772101
202506190635,155,Partner,Verbal_NonVerbal,0.5,0,2,1,1.0,0,1,1,1,1,1,EN,,,,,,,,,1.0,0.0,1,0,1,1395,0.5,0.5,0.5438502725667478,0.5835363662223141,0.6326845746927834,0.6645057518321275,0.6664145937069564,0.6379063698821091,0.6567954166731891,0.6624066555671253,0.6728313923061955
202506190635,156,Partner,Verbal_NonVerbal,0.5,1,2,1,1.0,0,1,1,1,1,1,EN,,,,,,,,,1.0,0.0,1,0,1,1396,0.5,0.5,0.5438426259552052,0.5786436474555844,0.6449783642534445,0.6889547525237255,0.6940687637478948,0.7035063591231474,0.7109468498685244,0.7173157126544717,0.7237179926114834
202506190635,157,Partner,Verbal_NonVerbal,0.5,0,2,1,0.0,0,-1,-1,1,1,0,EN,,,,,,,,,0.0,1.0,1,0,1,1397,0.5,0.5,0.5182030083651489,0.5373284856677834,0.5554755351053838,0.5628191000372147,0.577143326042581,0.6002713928840978,0.3078503851571281,0.3086169109737586,0.30873657991622705
202506190635,158,Partner,Verbal_NonVerbal,0.5,1,2,1,0.0,0,1,1,1,0,0,EN,,,,,,,,,1.0,0.0,1,1,1,1398,0.5,0.5,0.47868043305518965,0.4595565291538819,0.3845200719263915,0.4587199652315017,0.48203260630748823,0.419382677478736,0.41938526510980745,0.4214704332323984,0.42236307681090773
202506190635,159,Partner,Verbal_NonVerbal,0.5,0,2,1,0.5,0,1,1,1,1,1,EN,,,,,,,,,1.0,0.0,0,0,1,1399,0.5,0.5,0.5426190037239693,0.5816236041094568,0.6476727526128506,0.6887675681961002,0.6896438789394668,0.6873768802451503,0.8115294711536672,0.8073541144346292,0.805760842839273
202506190635,160,Partner,Verbal_NonVerbal,0.5,1,2,1,0.5,0,1,1,1,0,0,EN,,,,,,,,,1.0,0.0,1,1,1,1400,0.5,0.5,0.5006252990286504,0.49862989045069955,0.4281159712411042,0.36448832142823373,0.35576520085634916,0.3478199251353012,0.3135807724722102,0.2869163907810711,0.39017858856171767
202506190635,161,Partner,Verbal_NonVerbal,0.5,0,2,1,1.0,0,1,1,1,1,1,EN,,,,,,,,,1.0,0.0,1,0,1,1401,0.5,0.5,0.5449320287475322,0.6367594674519786,0.7100619537022922,0.7325274501308818,0.707756107303718,0.6883015554409031,0.694430259903681,0.7005078140815973,0.7026693261273108
202506190635,162,Partner,Verbal_NonVerbal,0.5,1,2,1,1.0,0,1,1,1,1,1,EN,,,,,,,,,1.0,0.0,0,0,1,1402,0.5,0.5,0.5429868459770918,0.633201564799988,0.711057961539206,0.7380491725918739,0.7438313577382765,0.7494461219370575,0.758503780405497,0.7701173982026396,0.7866967130351928
202506190635,163,Partner,Verbal_NonVerbal,0.5,0,2,1,0.0,0,1,1,1,0,0,EN,,,,,,,,,1.0,0.0,1,1,1,1403,0.5,0.5,0.482736612011022,0.46549568987390016,0.4107944866715341,0.3805790119215796,0.3835556144916459,0.3851718093761398,0.38623636583250476,0.38769465462874114,0.3482135972191191
202506190635,164,Partner,Verbal_NonVerbal,0.5,1,2,1,0.0,0,1,1,1,1,1,EN,,,,,,,,,1.0,0.0,0,0,1,1404,0.5,0.5,0.5221014871019697,0.602668274867908,0.6833031865688166,0.7067914720182487,0.7077364086017595,0.6974118410960773,0.7344616674780142,0.740442162276639,0.7467704143874346
202506190635,165,Partner,Verbal_NonVerbal,0.5,0,2,1,0.5,0,1,1,1,1,1,EN,,,,,,,,,1.0,0.0,0,0,1,1405,0.5,0.5,0.542603127101081,0.6345713632706809,0.7112088095534495,0.7351528464560361,0.7353686746157814,0.569238019398957,0.6938198971754977,0.7051948757029015,0.7096194993806644
202506190635,166,Partner,Verbal_NonVerbal,0.5,1,2,1,0.5,0,1,1,1,0,0,EN,,,,,,,,,1.0,0.0,1,1,1,1406,0.5,0.5,0.4581139055117932,0.4206752554268745,0.35697485760742065,0.3206616071258957,0.324194024154768,0.3409008652607569,0.368380280557375,0.38193542503602546,0.38421280363643484
202506190635,167,Partner,Verbal_NonVerbal,0.5,0,2,1,1.0,0,1,1,1,0,0,EN,,,,,,,,,1.0,0.0,1,1,1,1407,0.5,0.5,0.45755924152927796,0.3671595796522919,0.28830266814287486,0.26562158876048814,0.284576235899109,0.3172894785524182,0.5035676010283338,0.4292787630579878,0.3737952372609338
202506190635,168,Partner,Verbal_NonVerbal,0.5,1,2,1,1.0,0,1,1,1,0,0,EN,,,,,,,,,1.0,0.0,1,1,1,1408,0.5,0.5,0.5006010986047531,0.41149592902468857,0.3133128666578167,0.2614808259524282,0.24155038679304336,0.2684145856297811,0.4849853942397113,0.5214815073304515,0.48876649185959115
202506190635,170,Partner,Verbal_NonVerbal,0.5,1,2,1,0.0,0,1,1,1,0,0,EN,,,,,,,,,1.0,0.0,1,1,1,1409,0.5,0.5,0.4789656807991741,0.394943326540064,0.31765435633788325,0.2915802968613329,0.2832184638164313,0.27821349094355585,0.45871144933321906,0.43260634359400063,0.44612669886649686
202506190635,171,Partner,Verbal_NonVerbal,0.5,0,2,1,0.5,0,1,1,1,0,0,EN,,,,,,,,,1.0,0.0,1,1,1,1410,0.5,0.5,0.4584946378942992,0.4214605420243873,0.3608722582644838,0.3142462882690838,0.28202101014020126,0.26195898002720214,0.323530613887539,0.4426656565118302,0.4856503878951996
202506190635,172,Partner,Verbal_NonVerbal,0.5,1,2,1,0.5,0,1,1,1,0,0,EN,,,,,,,,,1.0,0.0,1,1,1,1411,0.5,0.5,0.49176856365350846,0.47859373677491046,0.4298900451852145,0.3494395331036365,0.3156839618434486,0.3104276565689119,0.4712641193022914,0.4316434584476347,0.47397491560545096
202506190635,173,Partner,Verbal_NonVerbal,0.5,0,2,1,1.0,0,1,1,1,0,0,EN,,,,,,,,,1.0,0.0,1,1,1,1412,0.5,0.5,0.4583948539637786,0.42096004435050555,0.35846959339695633,0.32447409663183285,0.3310817701131466,0.37218767819205034,0.3581546034997023,0.33867487178921435,0.35356414996835217
202506190635,174,Partner,Verbal_NonVerbal,0.5,1,2,1,1.0,0,1,1,1,1,1,EN,,,,,,,,,1.0,0.0,0,0,1,1413,0.5,0.5,0.5435348882776321,0.6331149747981611,0.6960760239882664,0.7119592467218748,0.7166139492792547,0.728662708163872,0.767713670852723,0.772485449528284,0.7774194931180056
202506190635,175,Partner,Verbal_NonVerbal,0.5,0,2,1,0.0,0,1,1,1,1,1,EN,,,,,,,,,1.0,0.0,0,0,1,1414,0.5,0.5,0.5182633914621405,0.5968747900712937,0.6676091781466499,0.6813688941503127,0.6792490076496123,0.6835016355598317,0.6901271826535621,0.7003582789999169,0.7099779885206889
202506190635,176,Partner,Verbal_NonVerbal,0.5,1,2,1,0.0,0,1,1,1,1,1,EN,,,,,,,,,1.0,0.0,0,0,1,1415,0.5,0.5,0.5225421381430079,0.5788877753471242,0.6563588520276019,0.686966508271153,0.6927101339770294,0.7024410436799013,0.7501471702247698,0.7699125678136293,0.7819196984062312
202506190635,177,Partner,Verbal_NonVerbal,0.5,0,2,1,0.5,0,1,1,1,1,1,EN,,,,,,,,,1.0,0.0,0,0,1,1416,0.5,0.5,0.5424610107433371,0.5813298784415216,0.6073749165587871,0.6200267321778126,0.6176159771173276,0.6156807084807109,0.6159182924679694,0.6155420185038688,0.5629942037230683
202506190635,178,Partner,Verbal_NonVerbal,0.5,1,2,1,0.5,0,1,1,1,1,1,EN,,,,,,,,,1.0,0.0,1,0,1,1417,0.5,0.5,0.5432802149574779,0.6334158189917498,0.6995876206628406,0.7220391261261176,0.7291004093373851,0.7229550137803324,0.7047982025603039,0.692399825356944,0.692057358367788
202506190635,179,Partner,Verbal_NonVerbal,0.5,0,2,1,1.0,0,1,1,1,0,0,EN,,,,,,,,,1.0,0.0,1,1,1,1418,0.5,0.5,0.45791425154403964,0.3654181861306755,0.3211656898674185,0.3248761367540316,0.3265268840711154,0.32728412041586785,0.3280391459888591,0.32962442058813196,0.3306934475579685
202506190635,180,Partner,Verbal_NonVerbal,0.5,1,2,1,1.0,0,1,1,1,0,0,EN,,,,,,,,,1.0,0.0,0,1,1,1419,0.5,0.5,0.45769420273241634,0.36538154142192014,0.3122789066011139,0.27260635395076865,0.23385130911002125,0.210254179187424,0.17777630873868808,0.18313073641924282,0.198614522023609
202506190635,181,Partner,Verbal_NonVerbal,0.5,0,2,1,0.0,0,1,1,1,1,1,EN,,,,,,,,,1.0,0.0,0,0,1,1420,0.5,0.5,0.5181592347524503,0.5970351280565693,0.6669815590731636,0.679976309463918,0.6842960013187196,0.6979107881643587,0.7104520905982087,0.7168746033218502,0.7225660304159269
202506190635,182,Partner,Verbal_NonVerbal,0.5,1,2,1,0.0,0,1,1,1,1,1,EN,,,,,,,,,1.0,0.0,1,0,1,1421,0.5,0.5,0.5046798862764315,0.5907098226825465,0.6938935568416738,0.7285386273186131,0.7294011021125975,0.7104000802738099,0.8040058188936451,0.7949924546439535,0.7574577112914679
202506190635,183,Partner,Verbal_NonVerbal,0.5,0,2,1,0.5,0,1,1,1,1,1,EN,,,,,,,,,1.0,0.0,0,0,1,1422,0.5,0.5,0.542856030517927,0.6311093779094477,0.698665541872839,0.717576842173111,0.7166205710673899,0.7149536482745258,0.7151429713467832,0.7145435734615526,0.7121832244637695
202506190635,184,Partner,Verbal_NonVerbal,0.5,1,2,1,0.5,0,1,1,1,0,0,EN,,,,,,,,,1.0,0.0,1,1,1,1423,0.5,0.5,0.5008993531465021,0.41203547506410143,0.31951426808874933,0.29773264740836974,0.30313357186950207,0.2850150831850604,0.3241721568900367,0.2789743231735628,0.23916070353368551
202506190635,185,Partner,Verbal_NonVerbal,0.5,0,2,1,1.0,0,1,1,1,0,0,EN,,,,,,,,,1.0,0.0,0,1,1,1424,0.5,0.5,0.4578096953720328,0.36698946290703927,0.28968789750431806,0.2666050353934641,0.30269461455177293,0.42122924375277804,0.4710922365386487,0.47596889925655406,0.47903381426930136
202506190635,186,Partner,Verbal_NonVerbal,0.5,1,2,1,1.0,0,1,1,1,1,1,EN,,,,,,,,,1.0,0.0,0,0,1,1425,0.5,0.5,0.5090685110634103,0.5235831133781852,0.5962740288640629,0.6661249870900569,0.7103637196647572,0.7300072647675865,0.7332156684969405,0.7390773893910801,0.7431640360712308
202506190635,187,Partner,Verbal_NonVerbal,0.5,0,2,1,0.0,0,1,1,1,0,0,EN,,,,,,,,,1.0,0.0,1,1,1,1426,0.5,0.5,0.4828276062594228,0.46561636114032473,0.39545185558119317,0.350887509340267,0.3435655268320423,0.33771486884893337,0.3299599222633639,0.2848724083682107,0.23454476084519432
202506190635,188,Partner,Verbal_NonVerbal,0.5,1,2,1,0.0,0,-1,-1,1,0,1,EN,,,,,,,,,0.0,1.0,1,0,1,1427,0.5,0.5,0.4792302023146051,0.46024647909822763,0.38825925889035345,0.46733234582778227,0.3989394079295576,0.5200844452422123,0.4703003969990148,0.5586646351109831,0.6040541846006928
202506190635,189,Partner,Verbal_NonVerbal,0.5,0,2,1,0.5,0,1,1,1,0,0,EN,,,,,,,,,1.0,0.0,1,1,1,1428,0.5,0.5,0.4587287344004439,0.3672435812362068,0.2879117238533442,0.2636163902116163,0.2653506156941882,0.2673792287383404,0.47379200761631135,0.49889867045953856,0.5011871438784767
202506190635,190,Partner,Verbal_NonVerbal,0.5,1,2,1,0.5,0,1,1,1,1,1,EN,,,,,,,,,1.0,0.0,0,0,1,1429,0.5,0.5,0.5002842496189092,0.5860290240304423,0.6553297859485976,0.6670020648401613,0.670850916789879,0.5828004196890851,0.5438523326742267,0.6039662913704399,0.520919405566599
202506190635,191,Partner,Verbal_NonVerbal,0.5,0,2,1,1.0,0,1,1,1,0,0,EN,,,,,,,,,1.0,0.0,1,1,1,1430,0.5,0.5,0.45747596505881905,0.41972600103441327,0.36203033737808843,0.31602035130866973,0.30686983602797274,0.30527636351933896,0.30308296960353626,0.30013290153486794,0.2983930431845709
202506190635,192,Partner,Verbal_NonVerbal,0.5,1,2,1,1.0,0,1,1,1,0,0,EN,,,,,,,,,1.0,0.0,0,1,1,1431,0.5,0.5,0.49248612288026805,0.40430373888393933,0.3196784171926048,0.2910420480361819,0.2568609569609095,0.21979661420950328,0.4329087957837459,0.39167209351126825,0.358392313010242
202506190635,193,Partner,Verbal_NonVerbal,0.5,0,2,1,0.0,0,1,1,1,0,0,EN,,,,,,,,,1.0,0.0,1,1,1,1432,0.5,0.5,0.48268981050087767,0.40149651923399,0.3164093716200199,0.2946000563411826,0.3008651979611597,0.30440544827442284,0.30523256627026657,0.3004795876418851,0.3473736447454745
202506190635,194,Partner,Verbal_NonVerbal,0.5,1,2,1,0.0,0,0,0,1,1,-1,EN,,,,,,,,,0.0,0.0,0,0,1,1433,0.5,0.5,0.5219661544268734,0.6020918637689922,0.6883812568392249,0.7152884396803747,0.7129688335333917,0.6276853419265129,0.5693824506269358,0.5332628369910238,0.5283576805102781
202506190635,195,Partner,Verbal_NonVerbal,0.5,0,2,1,0.5,0,1,1,1,0,0,EN,,,,,,,,,1.0,0.0,1,0,1,1434,0.5,0.5,0.4587457461570366,0.37115298798126684,0.29220409789389934,0.2670700382028536,0.27022474305104344,0.2764568681391506,0.30872143987547646,0.34177613600628287,0.3319385269296662
202506190635,196,Partner,Verbal_NonVerbal,0.5,1,2,1,0.5,0,1,1,1,0,0,EN,,,,,,,,,1.0,0.0,0,1,1,1435,0.5,0.5,0.4934672123719249,0.40355732442440223,0.44238559549175327,0.36019530534327215,0.3380967574458084,0.3370374689252058,0.311528852851528,0.3515978420697961,0.3237288063791132
202506190635,197,Partner,Verbal_NonVerbal,0.5,0,2,1,1.0,0,1,1,1,0,0,EN,,,,,,,,,1.0,0.0,1,1,1,1436,0.5,0.5,0.45853852379608956,0.42118036773735706,0.3582069889627228,0.30920397935730404,0.2772829025234754,0.25746380096534766,0.3212329471215202,0.36460034548471004,0.35968882242963135
202506190635,198,Partner,Verbal_NonVerbal,0.5,1,2,1,1.0,0,1,1,1,1,1,EN,,,,,,,,,1.0,0.0,0,1,1,1437,0.5,0.5,0.5435869214215693,0.6326923402608945,0.6976974290070441,0.7154314629236415,0.7201791160606212,0.7283632650942335,0.56248607727845,0.6562080780435606,0.7105616441394298
202506190635,199,Partner,Verbal_NonVerbal,0.5,0,2,1,0.0,0,1,1,1,1,1,EN,,,,,,,,,1.0,0.0,0,0,1,1438,0.5,0.5,0.5184668293488004,0.5376004359507293,0.5791862079154602,0.600394504563353,0.6324580527284929,0.6485364292701281,0.6255450698110924,0.5970873834945338,0.5916049341694678
202506190635,200,Partner,Verbal_NonVerbal,0.5,1,2,1,0.0,0,1,1,1,0,0,EN,,,,,,,,,1.0,0.0,1,1,1,1439,0.5,0.5,0.5002186954830345,0.4936086780449738,0.4312631183278002,0.3861239500295772,0.3535376389087302,0.3512484796758167,0.3116851244953488,0.2992540161650014,0.3003130911551088
202506190635,201,Partner,Verbal_NonVerbal,0.5,0,2,1,0.5,0,1,1,1,0,0,EN,,,,,,,,,1.0,0.0,0,1,1,1440,0.5,0.5,0.45903759184447573,0.36847208443915647,0.28598306624582975,0.26085591137029757,0.26448137901581464,0.26537746249718563,0.2654595626387003,0.3176469931048316,0.3968548413620252
202506190635,202,Partner,Verbal_NonVerbal,0.5,1,2,1,0.5,0,-1,-1,1,0,1,EN,,,,,,,,,0.0,1.0,1,1,1,1441,0.5,0.5,0.45815485887372515,0.36625748181712653,0.42187484582914514,0.502680687022974,0.564380222850863,0.6756659942010449,0.6974419485006974,0.734112952553036,0.5950588993207306
202506190635,203,Partner,Verbal_NonVerbal,0.5,0,2,1,1.0,0,1,1,1,1,1,EN,,,,,,,,,1.0,0.0,0,0,1,1442,0.5,0.5,0.5435474356957933,0.635796018115793,0.7086375994703188,0.7303696901434461,0.7304142117763303,0.6970732114178442,0.6687371973704042,0.6794430197497432,0.6969732913387263
202506190635,204,Partner,Verbal_NonVerbal,0.5,1,2,1,1.0,0,1,1,1,1,1,EN,,,,,,,,,1.0,0.0,0,0,1,1443,0.5,0.5,0.5438406045123657,0.6344001847386582,0.7046323819733932,0.7219878433981831,0.7193795097561074,0.7205787078416692,0.7304924639042389,0.7488253512702406,0.7703621726298154
202506190635,205,Partner,Verbal_NonVerbal,0.5,0,2,1,0.0,0,1,1,1,1,1,EN,,,,,,,,,1.0,0.0,0,0,1,1444,0.5,0.5,0.5177569889719819,0.5370142580559226,0.5663896435276154,0.5818083877308738,0.5846590005667327,0.5921927584331497,0.6060779238522651,0.6150222716270741,0.614374733109943
202506190635,206,Partner,Verbal_NonVerbal,0.5,1,2,1,0.0,0,1,1,1,0,0,EN,,,,,,,,,1.0,0.0,1,1,1,1445,0.5,0.5,0.479247136307457,0.46057477234263167,0.3848836949210178,0.4566036305087013,0.3902292475036971,0.3473129220961953,0.47344602091004495,0.431011287718074,0.38535325627450867
202506190635,207,Partner,Verbal_NonVerbal,0.5,0,2,1,0.5,0,1,1,1,1,1,EN,,,,,,,,,1.0,0.0,1,0,1,1446,0.5,0.5,0.5430562240088143,0.5821812917735725,0.6330111869146282,0.6658895353298897,0.6681661232217994,0.673365502523674,0.5090248759977359,0.5298404623025255,0.5549374470844821
202506190635,208,Partner,Verbal_NonVerbal,0.5,1,2,1,0.5,0,1,1,1,0,0,EN,,,,,,,,,1.0,0.0,0,1,1,1447,0.5,0.5,0.4581117973086384,0.4208559849428569,0.35511438484866364,0.31233590997323746,0.3219809756957524,0.3136121357023978,0.18303980471475964,0.17867781686831877,0.2217234155675591
202506190635,209,Partner,Verbal_NonVerbal,0.5,0,2,1,1.0,0,1,1,1,1,1,EN,,,,,,,,,1.0,0.0,0,0,1,1448,0.5,0.5,0.5442428999560582,0.6363682009955635,0.7020113860869714,0.7177565582778407,0.7166101278082457,0.7113387973015055,0.7054499356336115,0.5858934196140675,0.5012752981578421
202506190635,210,Partner,Verbal_NonVerbal,0.5,1,2,1,1.0,0,1,1,1,1,1,EN,,,,,,,,,1.0,0.0,0,0,1,1449,0.5,0.5,0.5441763343881956,0.6134974817539505,0.6638566238080794,0.6794561160680014,0.6818958869389116,0.6524006531960713,0.5059149535041926,0.5606019708987293,0.6548832969520835
202506190635,212,Partner,Verbal_NonVerbal,0.5,1,2,1,0.0,0,1,1,1,1,1,EN,,,,,,,,,1.0,0.0,0,0,1,1450,0.5,0.5,0.5223868472391053,0.6017214441941154,0.6958992995779228,0.7280403073314704,0.752203701077178,0.7658175145448293,0.5431176276934431,0.5500264968735524,0.5494833707519877
202506190635,213,Partner,Verbal_NonVerbal,0.5,0,2,1,0.5,0,-1,-1,1,0,1,EN,,,,,,,,,0.0,1.0,0,1,1,1451,0.5,0.5,0.4602903311472438,0.42396908928675253,0.35473718929910125,0.3190207253580126,0.3264859473325992,0.32725374022238374,0.496973010125953,0.513599409340464,0.5437530951449694
202506190635,214,Partner,Verbal_NonVerbal,0.5,1,2,1,0.5,0,1,1,1,0,0,EN,,,,,,,,,1.0,0.0,1,1,1,1452,0.5,0.5,0.4579660584377646,0.4203775544562272,0.38160416455509455,0.498897681136149,0.4050390247527424,0.4167772591675185,0.4118223729795695,0.5558602709283866,0.4476845527701549
202506190635,215,Partner,Verbal_NonVerbal,0.5,0,2,1,1.0,0,1,1,1,1,1,EN,,,,,,,,,1.0,0.0,0,0,1,1453,0.5,0.5,0.5439295232957883,0.5838226249603811,0.6500673129520256,0.6905710744609316,0.6953323166653176,0.7027915467522317,0.5264384659026895,0.5446167240408426,0.6093215712868731
202506190635,217,Partner,Verbal_NonVerbal,0.5,0,2,1,0.0,0,1,1,1,0,0,EN,,,,,,,,,1.0,0.0,0,1,1,1454,0.5,0.5,0.48253291747425986,0.4653123390954809,0.3798401980577468,0.33046677473094965,0.334699772129873,0.3385691956815034,0.3412446501482621,0.34349781374442434,0.37102277730877953
202506190635,218,Partner,Verbal_NonVerbal,0.5,1,2,1,0.0,0,1,1,1,1,1,EN,,,,,,,,,1.0,0.0,1,0,1,1455,0.5,0.5,0.521940851898406,0.5637994578908686,0.6504006057544768,0.6937070371874631,0.6986967364425241,0.6863239336884734,0.6845113804033705,0.682661171634861,0.6759704043516033
202506190635,219,Partner,Verbal_NonVerbal,0.5,0,2,1,0.5,0,1,1,1,0,0,EN,,,,,,,,,1.0,0.0,1,1,1,1456,0.5,0.5,0.4588607685800763,0.36956538650350274,0.2885146290400549,0.26291762570413657,0.2910995824685031,0.3305014507242717,0.3451456638301786,0.3595794357484997,0.3816699778674523
202506190635,220,Partner,Verbal_NonVerbal,0.5,1,2,1,0.5,0,1,1,1,1,1,EN,,,,,,,,,1.0,0.0,0,0,1,1457,0.5,0.5,0.5429855474429526,0.5861901715743606,0.6585977336329363,0.7015537404947099,0.7065260611621418,0.7211981488566556,0.7347668695113645,0.7325507812270102,0.6708288977030439
202506190635,221,Partner,Verbal_NonVerbal,0.5,0,2,1,1.0,0,1,1,1,1,1,EN,,,,,,,,,1.0,0.0,1,0,1,1458,0.5,0.5,0.5433832477774084,0.6343871199113036,0.7016198730635461,0.7203697917888303,0.7204947269672538,0.598915854396625,0.37571400558255513,0.41515955007479594,0.4307202737527433
202506190635,222,Partner,Verbal_NonVerbal,0.5,1,2,1,1.0,0,1,1,1,0,0,EN,,,,,,,,,1.0,0.0,1,0,1,1459,0.5,0.5,0.457868483202371,0.36565918370719364,0.29821165309018993,0.2549169848626009,0.301911597797414,0.3168807368571418,0.1423023547588838,0.1386364004272153,0.1364949147107454
202506190635,223,Partner,Verbal_NonVerbal,0.5,0,2,1,0.0,0,-1,-1,1,1,0,EN,,,,,,,,,0.0,1.0,1,0,1,1460,0.5,0.5,0.5184668783130103,0.5376892856283387,0.612465856492598,0.6593029121744791,0.6804431772600886,0.5587323874736574,0.4643272528206328,0.46256551720763456,0.46175585841548356
202506190635,224,Partner,Verbal_NonVerbal,0.5,1,2,1,0.0,0,-1,-1,1,1,0,EN,,,,,,,,,0.0,1.0,1,0,1,1461,0.5,0.5,0.5001296452128154,0.5205619980765278,0.40314703273343844,0.2968810358031561,0.4546234935534246,0.3253063401937636,0.3257904862577858,0.32623765771125607,0.32668376364716234
202506190635,225,Partner,Verbal_NonVerbal,0.5,0,2,1,0.5,0,1,1,1,0,0,EN,,,,,,,,,1.0,0.0,1,1,1,1462,0.5,0.5,0.4587663991697321,0.4218442819824655,0.3798918199969449,0.3555498894080969,0.3578006436504772,0.35966845329086544,0.3668551961809549,0.3325205977559883,0.2894412093789038
202506190635,226,Partner,Verbal_NonVerbal,0.5,1,2,1,0.5,0,1,1,1,1,1,EN,,,,,,,,,1.0,0.0,0,0,1,1463,0.5,0.5,0.5433456732902516,0.6326638359616696,0.7119108575642361,0.7403024552527546,0.7325446742667665,0.7379665634049063,0.729942236395503,0.7506047556108376,0.7674745155070932
202506190635,227,Partner,Verbal_NonVerbal,0.5,0,2,1,1.0,0,1,1,1,1,1,EN,,,,,,,,,1.0,0.0,1,1,1,1464,0.5,0.5,0.5433176361801305,0.5829391480569321,0.6425137928088145,0.6809398620545816,0.6827395734021223,0.6839419745901144,0.6750337596475945,0.6816913482042276,0.6611307423992221
202506190635,228,Partner,Verbal_NonVerbal,0.5,1,2,1,1.0,0,1,1,1,0,0,EN,,,,,,,,,1.0,0.0,1,1,1,1465,0.5,0.5,0.45762997620953233,0.388019780967152,0.3272470132670114,0.30399814776984807,0.2767498595034349,0.24907315888937617,0.23992090160509202,0.2253093837260789,0.21584183112596053
202506190635,229,Partner,Verbal_NonVerbal,0.5,0,2,1,0.0,0,1,1,1,1,1,EN,,,,,,,,,1.0,0.0,0,0,1,1466,0.5,0.5,0.5181628838638752,0.537363404012711,0.6097112233514865,0.6525177958773589,0.6543215412639037,0.6359281130961429,0.6211586576236847,0.6759627220590859,0.7034570029758475
202506190635,230,Partner,Verbal_NonVerbal,0.5,1,2,1,0.0,0,1,1,1,0,0,EN,,,,,,,,,1.0,0.0,1,1,1,1467,0.5,0.5,0.4789131826399711,0.42595861661720485,0.35404491781340236,0.3259613742660867,0.337178565679238,0.32877376153503873,0.3370836687385499,0.3134324280986395,0.29179015251691975
202506190635,231,Partner,Verbal_NonVerbal,0.5,0,2,1,0.5,0,1,1,1,0,0,EN,,,,,,,,,1.0,0.0,1,1,1,1468,0.5,0.5,0.4585625354346261,0.4216015976356992,0.36933696022178963,0.33115907394478417,0.3278158149936997,0.35131136179125694,0.3269162464505105,0.3290294796747647,0.29843043378189615
202506190635,232,Partner,Verbal_NonVerbal,0.5,1,2,1,0.5,0,-1,-1,1,1,0,EN,,,,,,,,,0.0,1.0,0,0,1,1469,0.5,0.5,0.5435954214265017,0.5834668917242246,0.4554077094171377,0.3751802540420149,0.4872112994888443,0.4345768644142057,0.25585264626168075,0.2302691441281816,0.20910051307574515
202506190635,233,Partner,Verbal_NonVerbal,0.5,0,2,1,1.0,0,1,1,1,1,1,EN,,,,,,,,,1.0,0.0,0,0,1,1470,0.5,0.5,0.5433401205383419,0.5830272748398369,0.603475759376485,0.6113262990106035,0.6185081071792606,0.6310225702102149,0.645450328339287,0.6579284050255619,0.6689297035721493
202506190635,234,Partner,Verbal_NonVerbal,0.5,1,2,1,1.0,0,1,1,1,0,0,EN,,,,,,,,,1.0,0.0,1,1,1,1471,0.5,0.5,0.4580746855500018,0.39218527519575874,0.32643944390901464,0.2765714517749907,0.26740256585058264,0.2523107956551995,0.24304092011622774,0.23266218566650188,0.24496666594160518
202506190635,235,Partner,Verbal_NonVerbal,0.5,0,2,1,0.0,0,1,1,1,1,1,EN,,,,,,,,,1.0,0.0,0,0,1,1472,0.5,0.5,0.5183835002496335,0.5375364300110477,0.6215975986016006,0.6694351126194144,0.6692707651759792,0.6598271539912138,0.6667935129932822,0.6710107746464997,0.6754028276068293
202506190635,236,Partner,Verbal_NonVerbal,0.5,1,2,1,0.0,0,1,1,1,0,0,EN,,,,,,,,,1.0,0.0,1,1,1,1473,0.5,0.5,0.47891594684150873,0.3956967451848221,0.4134062924903241,0.36504786311174064,0.3580291583481598,0.3566525682877086,0.49103900987826266,0.45670497112810027,0.5175419448024969
202506190635,237,Partner,Verbal_NonVerbal,0.5,0,2,1,0.5,0,1,1,1,1,1,EN,,,,,,,,,1.0,0.0,0,0,1,1474,0.5,0.5,0.5430496614185145,0.6324878646160212,0.7137319684142225,0.7407796088114902,0.740194816034238,0.7375566039788297,0.7362459716340954,0.7432376459224285,0.7226849644227973
202506190635,238,Partner,Verbal_NonVerbal,0.5,1,2,1,0.5,0,1,1,1,1,1,EN,,,,,,,,,1.0,0.0,1,0,1,1475,0.5,0.5,0.5431484669601898,0.5825606857268443,0.6366922822998786,0.6806553052199669,0.6921852708349077,0.6995815674840191,0.5598568317743535,0.5775337896837044,0.6048201711688977
202506190635,239,Partner,Verbal_NonVerbal,0.5,0,2,1,1.0,0,1,1,1,1,1,EN,,,,,,,,,1.0,0.0,1,1,1,1476,0.5,0.5,0.5443743180635215,0.6360904623854426,0.7157094870803767,0.7411978773180001,0.7401704637622223,0.7051759172404007,0.8114707791378155,0.8151793621716543,0.8139172175197543
202506190635,240,Partner,Verbal_NonVerbal,0.5,1,2,1,1.0,0,1,1,1,1,1,EN,,,,,,,,,1.0,0.0,1,0,1,1477,0.5,0.5,0.5439886669328755,0.5840946169051227,0.6265933183164428,0.6533808232873645,0.6695086332195684,0.6486207376928573,0.7191613566150155,0.738138677131249,0.5813073309218973
202506251201,1,Partner,Verbal_NonVerbal,0.5,0,2,1,0.0,-1,-1,-1,0,0,0,EN,,,,,,,,,0.0,1.0,1,1,1,1478,0.5,0.5,0.4827731501185003,0.40111733744097666,0.31402932286739144,0.2906291026806652,0.2794938574583977,0.28143690495659907,0.4756827230443691,0.4378152167748858,0.40534872936091393
202506251201,2,Partner,Verbal_NonVerbal,0.5,0,2,1,0.5,-1,-1,-1,0,0,0,EN,,,,,,,,,0.0,1.0,1,1,1,1479,0.5,0.5,0.458633886259922,0.3671646193348779,0.30916090028259097,0.3001584331148198,0.33177352250763414,0.4186630341716848,0.46368697285014415,0.47362942536946434,0.48874272026612064
202506251201,3,Partner,Verbal_NonVerbal,0.5,0,2,1,1.0,-1,-1,-1,0,0,0,EN,,,,,,,,,0.0,1.0,1,1,1,1480,0.5,0.5,0.45767516596034075,0.4200040238852493,0.363990099617399,0.33408266528821906,0.3524424113154471,0.35722042188839664,0.46861641159577155,0.4052411389312584,0.37828110099635553
202506251201,4,Adversary,Verbal_NonVerbal,0.5,0,2,1,0.0,-1,1,-1,0,1,1,EN,,,,,,,,,1.0,0.0,1,0,1,1481,0.5,0.5,0.5007627623119786,0.5384989406649183,0.6500962178503203,0.6606517991103208,0.7036020388582113,0.7025859028380885,0.7108074467091833,0.6323530220935473,0.5404160763661597
202506251201,5,Adversary,Verbal_NonVerbal,0.5,0,2,1,0.5,-1,1,-1,0,1,1,EN,,,,,,,,,1.0,0.0,0,0,1,1482,0.5,0.5,0.5039783199471988,0.5873617400584401,0.6629439912925115,0.6877107519778091,0.5329042407781822,0.3647752687196867,0.48931209695623706,0.4666264161967792,0.5195669379054274
202506251201,6,Adversary,Verbal_NonVerbal,0.5,0,2,1,1.0,-1,1,-1,0,1,1,EN,,,,,,,,,1.0,0.0,1,0,1,1483,0.5,0.5,0.5114583477594744,0.5954359000366871,0.6729139637655901,0.699585494319883,0.5428670260278707,0.37018497359161107,0.3767823932834373,0.423547184235542,0.3124249902179389
202506251201,7,Partner,Verbal_NonVerbal,0.5,0,2,1,0.0,-1,1,1,1,1,1,EN,,,,,,,,,1.0,0.0,0,0,1,1484,0.5,0.5,0.5186352023822628,0.6015248664207599,0.6846457884611954,0.7073623250062845,0.7081471844355717,0.7036183896150086,0.704180593325542,0.7097627645669576,0.7108223349582448
202506251201,8,Partner,Verbal_NonVerbal,0.5,0,2,1,0.5,-1,1,1,1,0,0,EN,,,,,,,,,1.0,0.0,1,1,1,1485,0.5,0.5,0.45882747439115523,0.37066117975256596,0.2902557343973755,0.267487755584529,0.2726476281286518,0.4040659803262164,0.4948882369892615,0.49602046330613353,0.4964194418153029
202506251201,9,Partner,Verbal_NonVerbal,0.5,0,2,1,1.0,-1,-1,-1,1,0,1,EN,,,,,,,,,0.0,1.0,0,1,1,1486,0.5,0.5,0.45793628732289937,0.4203610292854174,0.3587805812075401,0.31701874777457445,0.315122035950464,0.41571980307043926,0.5040031168041006,0.5907849816719685,0.648010153487414
202506251201,10,Adversary,Verbal_NonVerbal,0.5,0,2,1,0.0,-1,-1,1,1,0,0,EN,,,,,,,,,0.0,1.0,1,1,1,1487,0.5,0.5,0.49936041294007,0.4987272213812823,0.4201693741187995,0.3414184691456163,0.33250870450365533,0.3346904063005578,0.3408892846088852,0.3895483343363952,0.4617601156152037
202506251201,11,Adversary,Verbal_NonVerbal,0.5,0,2,1,0.5,-1,-1,1,1,1,1,EN,,,,,,,,,0.0,1.0,1,0,1,1488,0.5,0.5,0.504002738736798,0.58799262692052,0.6788681401514617,0.6824829122009822,0.6880423538690545,0.694301103732187,0.7151969462763298,0.5436664106954836,0.45481495748670475
202506251201,12,Adversary,Verbal_NonVerbal,0.5,0,2,1,1.0,-1,1,-1,1,1,0,EN,,,,,,,,,1.0,0.0,1,0,1,1489,0.5,0.5,0.5114858281823743,0.5956108891650327,0.6796502288613381,0.7046324446079139,0.6910550101608331,0.6428230684209464,0.45911204095565983,0.42072329012588733,0.4593856759287744
202506251201,13,Partner,Verbal_NonVerbal,0.5,0,2,1,0.0,-1,1,1,1,1,1,EN,,,,,,,,,1.0,0.0,1,0,1,1490,0.5,0.5,0.5184191803192714,0.5376031838888625,0.6271824570802782,0.6772104762194858,0.6764993034545882,0.6639898136035692,0.661716514998127,0.6755160211536231,0.6879328603473395
202506251201,14,Partner,Verbal_NonVerbal,0.5,0,2,1,0.5,-1,1,1,1,1,1,EN,,,,,,,,,1.0,0.0,1,0,1,1491,0.5,0.5,0.5435637844116576,0.5829242355283395,0.6207828636051161,0.6449166575198093,0.6540078847290343,0.6701467384568944,0.814231202053874,0.8182164440761102,0.8230259514803198
202506251201,15,Partner,Verbal_NonVerbal,0.5,0,2,1,1.0,-1,1,1,1,1,1,EN,,,,,,,,,1.0,0.0,0,1,1,1492,0.5,0.5,0.54427322845965,0.6360419000163106,0.7186891313632834,0.7464668739832303,0.7463969576327506,0.6583917443830648,0.7098285516608037,0.722609600520389,0.726596240379167
202506251201,16,Adversary,Verbal_NonVerbal,0.5,0,2,1,0.0,-1,-1,1,1,0,0,EN,,,,,,,,,0.0,1.0,1,1,1,1493,0.5,0.5,0.49933698232716156,0.4986922969446645,0.4224938598904327,0.37605140721216274,0.3417553319810116,0.33096504289462103,0.49709640551004325,0.5744796459140775,0.562876509935901
202506251201,17,Adversary,Verbal_NonVerbal,0.5,0,2,1,0.5,-1,-1,1,1,1,1,EN,,,,,,,,,0.0,1.0,1,0,1,1494,0.5,0.5,0.5040457272658565,0.5874579089392382,0.6887342781344925,0.6903391211164726,0.7289651221097245,0.7196947679749592,0.6731028245827168,0.599769135481055,0.5145248568352047
202506251201,18,Adversary,Verbal_NonVerbal,0.5,0,2,1,1.0,-1,-1,1,1,1,1,EN,,,,,,,,,0.0,1.0,1,0,1,1495,0.5,0.5,0.5114362455889994,0.5939900721877013,0.6878821740350864,0.7232039137153567,0.7087453242767586,0.7419385016604467,0.7341840066798827,0.7479849802828732,0.5648420901482069
202506251201,19,Partner,Verbal_NonVerbal,0.5,0,2,1,0.0,-1,1,1,1,1,1,EN,,,,,,,,,1.0,0.0,0,0,1,1496,0.5,0.5,0.5186430897271894,0.5378090352915089,0.5921987980516881,0.6231358632448564,0.623576542832827,0.6138604426906391,0.46612974766497944,0.569270826633927,0.683471440248935
202506251201,20,Partner,Verbal_NonVerbal,0.5,0,2,1,0.5,-1,1,1,1,1,1,EN,,,,,,,,,1.0,0.0,1,0,1,1497,0.5,0.5,0.5435123152411078,0.6342786402860758,0.7012527619573109,0.7181699554507848,0.6996261211999459,0.6329150406709116,0.7111334273556548,0.734637520327468,0.7263906031205294
202506251201,21,Partner,Verbal_NonVerbal,0.5,0,2,1,1.0,-1,1,1,1,0,0,EN,,,,,,,,,1.0,0.0,1,1,1,1498,0.5,0.5,0.45740433852219214,0.3695042122997753,0.30624978708799516,0.2914869506585272,0.32438362689178657,0.35156945330721084,0.351918936246247,0.3531206411006433,0.35395472664278316
202506251201,22,Adversary,Verbal_NonVerbal,0.5,0,2,1,0.0,-1,-1,1,1,1,1,EN,,,,,,,,,0.0,1.0,0,0,1,1499,0.5,0.5,0.500766970696381,0.5747968941506578,0.6705245365611858,0.6794531054448847,0.7168011216662559,0.5519080173308215,0.3728129189927178,0.5150969351878563,0.5152562667024368
202506251201,23,Adversary,Verbal_NonVerbal,0.5,0,2,1,0.5,-1,-1,1,1,0,0,EN,,,,,,,,,0.0,1.0,1,1,1,1500,0.5,0.5,0.49655113750496466,0.4931593227579098,0.4546198346810684,0.43597515709852097,0.39566752793963006,0.4110817395512228,0.3362506820728434,0.3305733182290709,0.3187250176928512
202506251201,24,Adversary,Verbal_NonVerbal,0.5,0,2,1,1.0,-1,-1,1,1,1,1,EN,,,,,,,,,0.0,1.0,0,0,1,1501,0.5,0.5,0.5115022235671937,0.5945324956030742,0.6814066614936395,0.6886080617463423,0.6841731200954826,0.7082681842829132,0.6640042924925482,0.6737011636587827,0.6605640688042597
202506251201,25,Partner,Verbal_NonVerbal,0.5,0,2,1,0.0,-1,1,1,1,0,0,EN,,,,,,,,,1.0,0.0,1,0,1,1502,0.5,0.5,0.482889688496563,0.4657190513996725,0.4103989573009518,0.3624592038045989,0.34948101959887967,0.35051363961262255,0.30896298371403524,0.2747428374203444,0.28128324107163477
202506251201,26,Partner,Verbal_NonVerbal,0.5,0,2,1,0.5,-1,1,1,1,1,1,EN,,,,,,,,,1.0,0.0,0,1,1,1503,0.5,0.5,0.5425447580525112,0.5815755203689197,0.6436371060898857,0.6815185799125695,0.6631673575949716,0.6520478124658489,0.7085984411227064,0.7147914361945804,0.7194784903247778
202506251201,29,Adversary,Verbal_NonVerbal,0.5,0,2,1,0.5,-1,-1,1,1,1,1,EN,,,,,,,,,0.0,1.0,0,0,1,1504,0.5,0.5,0.5040352535626978,0.587612849849494,0.6832398214062418,0.6869300346268635,0.6913635764101624,0.7196149344326663,0.592868964988344,0.3914542998726991,0.5383377879251023
202506251201,30,Adversary,Verbal_NonVerbal,0.5,0,2,1,1.0,-1,-1,1,1,0,0,EN,,,,,,,,,0.0,1.0,1,1,1,1505,0.5,0.5,0.49007730636012736,0.4167665904496128,0.3158026817591508,0.30439004037900125,0.27158883586128196,0.44322026740417675,0.6238977325237197,0.4879153533970075,0.4929618273645789
202506251201,31,Partner,Verbal_NonVerbal,0.5,0,2,1,0.0,-1,1,1,1,0,0,EN,,,,,,,,,1.0,0.0,1,1,1,1506,0.5,0.5,0.4827357842244414,0.4026915800333132,0.30313541260594523,0.2732664211512264,0.27791172092999744,0.28062150519446416,0.2965071092418951,0.32844222284976776,0.3553991726053463
202506251201,32,Partner,Verbal_NonVerbal,0.5,0,2,1,0.5,-1,1,1,1,1,1,EN,,,,,,,,,1.0,0.0,0,0,1,1507,0.5,0.5,0.5420263440816494,0.6330236670484122,0.7089199678880698,0.7328852835439484,0.736577737680768,0.7450122497935023,0.7781656633475321,0.7813444996440133,0.7835020881508863
202506251201,34,Adversary,Verbal_NonVerbal,0.5,0,2,1,0.0,-1,-1,1,1,1,1,EN,,,,,,,,,0.0,1.0,0,0,1,1508,0.5,0.5,0.5007686025070667,0.5385171361336352,0.6651164545433113,0.6781580461699053,0.716118021892491,0.7099010512781226,0.710457534036048,0.6292741412003651,0.5377144316707265
202506251201,35,Adversary,Verbal_NonVerbal,0.5,0,2,1,0.5,-1,-1,1,1,1,1,EN,,,,,,,,,0.0,1.0,0,0,1,1509,0.5,0.5,0.5040828658549668,0.5084189000771597,0.5793594319970032,0.6514692030903757,0.5202932978704604,0.36932429290554275,0.5110619188301011,0.5050506565198825,0.5709807448779651
202506251201,36,Adversary,Verbal_NonVerbal,0.5,0,2,1,1.0,-1,-1,1,1,0,0,EN,,,,,,,,,0.0,1.0,1,1,1,1510,0.5,0.5,0.4901629895470692,0.4086935239486163,0.32060811727547767,0.31731577564110125,0.30477584464151625,0.28370736805359104,0.3061119094534072,0.31649640954465724,0.2786226134448368
202506251201,37,Partner,Verbal_NonVerbal,0.5,0,2,1,0.0,-1,1,1,1,1,1,EN,,,,,,,,,1.0,0.0,1,0,1,1511,0.5,0.5,0.5183731980188951,0.6010546890494829,0.6843328249408016,0.7068055244674146,0.7071365081408933,0.6885203387685516,0.7038058100024058,0.7176739380052627,0.7253434442689349
202506251201,38,Partner,Verbal_NonVerbal,0.5,0,2,1,0.5,-1,1,1,1,1,1,EN,,,,,,,,,1.0,0.0,0,0,1,1512,0.5,0.5,0.5426648741323883,0.6319585828399793,0.705470873166751,0.7254013842758261,0.7271953159948354,0.7580134501173756,0.5681917882644568,0.5902914089092989,0.5898249115952886
202506251201,40,Adversary,Verbal_NonVerbal,0.5,0,2,1,0.0,-1,-1,1,1,1,1,EN,,,,,,,,,0.0,1.0,0,0,1,1513,0.5,0.5,0.5007550203806245,0.5015955968329574,0.5692867278308518,0.6073828417394864,0.6362577668620581,0.6799682145467628,0.6796404271164966,0.6446833702245776,0.5797091136905396
202506251201,41,Adversary,Verbal_NonVerbal,0.5,0,2,1,0.5,-1,-1,1,1,0,0,EN,,,,,,,,,0.0,1.0,1,1,1,1514,0.5,0.5,0.4964886981310419,0.49311361973301066,0.4244592007069885,0.3942181942654374,0.3515392805631863,0.388402943673412,0.42263584826869754,0.412022576748046,0.39665304579915256
202506251201,42,Adversary,Verbal_NonVerbal,0.5,0,2,1,1.0,-1,-1,1,1,1,1,EN,,,,,,,,,0.0,1.0,0,0,1,1515,0.5,0.5,0.5111056404479608,0.5223155142720585,0.5977860504871737,0.64884121719184,0.6456479940944939,0.6323757492824781,0.6917042823242363,0.6903972585056752,0.7268501527829134
202506251201,43,Partner,Verbal_NonVerbal,0.5,0,2,1,0.0,-1,1,1,1,0,0,EN,,,,,,,,,1.0,0.0,1,1,1,1516,0.5,0.5,0.4829915649669353,0.46576784807752947,0.3979905215080149,0.3574864068889129,0.3600080721546494,0.3619446156419765,0.36255878583645107,0.3633544248581637,0.3639660910713793
202506251201,44,Partner,Verbal_NonVerbal,0.5,0,2,1,0.5,-1,1,1,1,0,0,EN,,,,,,,,,1.0,0.0,1,1,1,1517,0.5,0.5,0.4585946567205412,0.4216188200408036,0.35764652015905984,0.31827498185651576,0.34823565156452896,0.44076631591559295,0.47125068429782047,0.4110104988940404,0.36477551928103663
202506251201,46,Adversary,Verbal_NonVerbal,0.5,0,2,1,0.0,-1,1,-1,1,0,1,EN,,,,,,,,,1.0,0.0,1,1,1,1518,0.5,0.5,0.49934726009393277,0.4634221827433279,0.3831145966383702,0.3845579781745161,0.37197217973247826,0.3361228616265497,0.47523856932920827,0.5046742428539894,0.537991368762382
202506251201,47,Adversary,Verbal_NonVerbal,0.5,0,2,1,0.5,-1,-1,1,1,0,0,EN,,,,,,,,,0.0,1.0,-1,1,1,1519,0.5,0.5,0.4965102517257837,0.412882641230574,0.31444471336748453,0.2736854056121708,0.27676066031648594,0.31715374186107553,0.3364772693044139,0.4413237862913219,0.5410654635581168
202506251201,48,Adversary,Verbal_NonVerbal,0.5,0,2,1,1.0,-1,-1,1,1,0,0,EN,,,,,,,,,0.0,1.0,0,1,1,1520,0.5,0.5,0.4900602115472064,0.4811182659490594,0.4136317297160745,0.36322417389601047,0.3658556190503723,0.5077281229196049,0.4898483831317706,0.50502723796194,0.5050689715139439
202506251201,49,Partner,Verbal_NonVerbal,0.5,0,2,1,0.0,-1,1,1,1,0,0,EN,,,,,,,,,1.0,0.0,1,1,1,1521,0.5,0.5,0.48270112158250955,0.40234461298944907,0.332230507013711,0.323237214713743,0.29560019313063485,0.2846984665732955,0.3993689494072872,0.3851352142755279,0.38585831471824483
202506251201,50,Partner,Verbal_NonVerbal,0.5,0,2,1,0.5,-1,1,1,1,1,1,EN,,,,,,,,,1.0,0.0,0,1,1,1522,0.5,0.5,0.5429316887886221,0.5820971521101564,0.6067033183784729,0.6181735599052726,0.6332856471005042,0.6550613593561315,0.6680763304306466,0.6788781768759883,0.6937164596818852
202506251201,52,Adversary,Verbal_NonVerbal,0.5,0,2,1,0.0,-1,-1,1,1,0,0,EN,,,,,,,,,0.0,1.0,1,1,1,1523,0.5,0.5,0.4993442759209155,0.46302294086114093,0.36331827886018514,0.35437652609228615,0.3436710636497655,0.32543827913462703,0.2971491894060227,0.3134890561956367,0.26320371102026124
202506251201,53,Adversary,Verbal_NonVerbal,0.5,0,2,1,0.5,-1,-1,1,1,1,1,EN,,,,,,,,,0.0,1.0,0,0,1,1524,0.5,0.5,0.5040333741002664,0.5083137122200285,0.5975962499204167,0.6626104135203909,0.6695057287763393,0.6439706525822196,0.7086222561326848,0.5497374328552338,0.37050959691823215
202506251201,54,Adversary,Verbal_NonVerbal,0.5,0,2,1,1.0,-1,-1,1,1,0,0,EN,,,,,,,,,0.0,1.0,1,1,1,1525,0.5,0.5,0.4901135290845002,0.4813955963250225,0.43008314624409105,0.3974108708463603,0.33579897627696725,0.33183389899185656,0.2758272339429026,0.33264151650238877,0.3605078580247623
202506251201,58,Adversary,Verbal_NonVerbal,0.5,0,2,1,0.0,-1,-1,1,1,1,1,EN,,,,,,,,,0.0,1.0,0,0,1,1526,0.5,0.5,0.5007627822145111,0.539203545605794,0.6652540811408737,0.7052568038253149,0.6945700432481268,0.6470008715232025,0.6369532762025142,0.536836266494057,0.4472622052780724
202506251201,59,Adversary,Verbal_NonVerbal,0.5,0,2,1,0.5,-1,-1,1,1,0,0,EN,,,,,,,,,0.0,1.0,1,1,1,1527,0.5,0.5,0.49651351088996576,0.4141557527852529,0.31443525601090594,0.287498809276603,0.3184534288250768,0.38724733768346015,0.4944231385187023,0.4518034223292994,0.3801114260070847
202506251201,60,Adversary,Verbal_NonVerbal,0.5,0,2,1,1.0,-1,-1,1,1,0,0,EN,,,,,,,,,0.0,1.0,1,1,1,1528,0.5,0.5,0.49006504673404927,0.408952251714437,0.3186120266118031,0.3059407539835193,0.27336729330344145,0.29279123678356955,0.3137602506943682,0.2923386682693497,0.2602914306321044
202506251201,64,Adversary,Verbal_NonVerbal,0.5,0,2,1,0.0,-1,-1,1,1,1,1,EN,,,,,,,,,0.0,1.0,1,0,1,1529,0.5,0.5,0.500772523698131,0.501591640274185,0.5635627670457997,0.6006455116372466,0.6185749599434691,0.6852871973773541,0.5845157792099709,0.3888045797867803,0.5290747590626002
202506251201,65,Adversary,Verbal_NonVerbal,0.5,0,2,1,0.5,-1,-1,1,1,0,0,EN,,,,,,,,,0.0,1.0,1,1,1,1530,0.5,0.5,0.4965189387549561,0.49327334474310824,0.4631007129261498,0.43729785555798234,0.3582921392135082,0.34768205420032505,0.30150528252163517,0.3038329761318451,0.34623268637388366
202506251201,66,Adversary,Verbal_NonVerbal,0.5,0,2,1,1.0,-1,-1,1,1,1,1,EN,,,,,,,,,0.0,1.0,1,1,1,1531,0.5,0.5,0.5115172985135163,0.5225044302801894,0.6142516648974286,0.6431219198929072,0.7077807762237771,0.552822122532233,0.37728367722644196,0.41840499857188046,0.44007642480774045
202506251201,70,Adversary,Verbal_NonVerbal,0.5,0,2,1,0.0,-1,-1,1,1,0,0,EN,,,,,,,,,0.0,1.0,1,1,1,1532,0.5,0.5,0.49933957998720774,0.4611114852191941,0.3469222490046327,0.32930921762506205,0.33544273740349473,0.2960428851569274,0.27587078132145343,0.2886504703813028,0.261386467904119
202506251201,71,Adversary,Verbal_NonVerbal,0.5,0,2,1,0.5,-1,-1,1,1,0,0,EN,,,,,,,,,0.0,1.0,1,1,1,1533,0.5,0.5,0.49646841053685564,0.49310156053596094,0.42803775430505026,0.39991656475295595,0.32418834137714425,0.3167580235924611,0.36229140880251853,0.43460888982188844,0.5193785995547072
202506251201,72,Adversary,Verbal_NonVerbal,0.5,0,2,1,1.0,-1,-1,1,1,1,1,EN,,,,,,,,,0.0,1.0,1,0,1,1534,0.5,0.5,0.5113723794995031,0.522463328575247,0.5892279390791951,0.6235584082271539,0.5984998300117395,0.5459238988548611,0.478858463797463,0.46954699923694565,0.5093223697679792
202506251201,76,Adversary,Verbal_NonVerbal,0.5,0,2,1,0.0,-1,-1,1,1,0,0,EN,,,,,,,,,0.0,1.0,1,1,1,1535,0.5,0.5,0.4993482471871386,0.49870519669559854,0.41516011643703205,0.3114669532377812,0.30182254619602816,0.2727443614161165,0.27541047570816546,0.2546560178916315,0.24748950207049092
202506251201,77,Adversary,Verbal_NonVerbal,0.5,0,2,1,0.5,-1,-1,1,1,1,1,EN,,,,,,,,,0.0,1.0,0,0,1,1536,0.5,0.5,0.5040713534912019,0.5872375509915595,0.6836900247650053,0.7012227852638363,0.6621684920680354,0.5958228207450416,0.5147929374403941,0.4346207207924837,0.43892171356074694
202506251201,78,Adversary,Verbal_NonVerbal,0.5,0,2,1,1.0,-1,0,0,1,1,-1,EN,,,,,,,,,0.0,0.0,1,0,1,1537,0.5,0.5,0.5114635999929332,0.5952976961703719,0.692598926098344,0.7198463358402272,0.6957305020457166,0.6403891871006554,0.5640591729212291,0.4809622997684556,0.46365269977397433
202506251534,1,Adversary,Verbal_NonVerbal,0.5,0,2,1,0.0,-1,1,-1,0,0,0,EN,,,,,,,,,1.0,0.0,1,1,1,1538,0.5,0.5,0.499369039049941,0.4608231408743386,0.3493022699657394,0.34193395325489184,0.27964948366240855,0.2502686242704803,0.24690143833600556,0.22881405431281557,0.2454785763957705
202506251534,3,Adversary,Verbal_NonVerbal,0.5,0,2,1,0.5,-1,1,-1,0,1,1,EN,,,,,,,,,1.0,0.0,1,0,1,1539,0.5,0.5,0.5040661801209768,0.5883259219301558,0.6801682895345962,0.6768293193652692,0.71769373921632,0.5491901864126973,0.3379768616790882,0.3961702547858729,0.5441742495203322
202506251534,4,Adversary,Verbal_NonVerbal,0.5,1,2,1,0.5,-1,1,-1,0,1,1,EN,,,,,,,,,1.0,0.0,1,0,1,1540,0.5,0.5,0.5000245849062397,0.36441387502105943,0.29378110178066835,0.37323059541769227,0.19052497955880496,0.2959371651975916,0.5360762748361162,0.6214861578494749,0.5868231419843561
202506251534,5,Adversary,Verbal_NonVerbal,0.5,0,2,1,1.0,-1,1,-1,0,1,1,EN,,,,,,,,,1.0,0.0,1,0,1,1541,0.5,0.5,0.5113078312338404,0.5946722647839794,0.6701357620463303,0.6798297727492573,0.6518720917456609,0.617357091856172,0.644289767342983,0.667428498421089,0.6500369507796795
202506251534,6,Adversary,Verbal_NonVerbal,0.5,1,2,1,1.0,-1,-1,1,0,0,1,EN,,,,,,,,,0.0,1.0,1,1,1,1542,0.5,0.5,0.4987104280935997,0.494332909544226,0.4912556500067628,0.4366888615464196,0.38911045774695235,0.4071008550984797,0.4809877788518716,0.5476875112269531,0.5519179111316709
202506251534,8,Adversary,Verbal_NonVerbal,0.5,1,2,1,0.0,-1,1,-1,1,1,0,EN,,,,,,,,,1.0,0.0,1,0,1,1543,0.5,0.5,0.5003736684767869,0.39962217797425803,0.3523616308612779,0.19088547305819747,0.35801417587388,0.35328279167547444,0.4420592608138449,0.4579142932657993,0.492760029381042
202506251534,9,Adversary,Verbal_NonVerbal,0.5,0,2,1,0.5,-1,-1,1,1,0,0,EN,,,,,,,,,0.0,1.0,1,1,1,1544,0.5,0.5,0.4965893259455487,0.4166025567903204,0.33360321111764524,0.33738482921469753,0.2774231671477625,0.25192823111170554,0.14707184485920693,0.3917551529175872,0.6033711385662112
202506251534,10,Adversary,Verbal_NonVerbal,0.5,1,2,1,0.5,-1,1,-1,1,0,1,EN,,,,,,,,,1.0,0.0,1,1,1,1545,0.5,0.5,0.49833377588932615,0.5375519875692211,0.5720172020571609,0.6312834105820826,0.596316362188721,0.4898410922162473,0.4782683259649052,0.5441013694808915,0.7708367904466857
202506251534,11,Adversary,Verbal_NonVerbal,0.5,0,2,1,1.0,-1,-1,1,1,0,0,EN,,,,,,,,,0.0,1.0,1,1,1,1546,0.5,0.5,0.4900797384188191,0.4075664068444828,0.3087982069600504,0.2598680463444411,0.2439478363466831,0.2546875995368636,0.19372655049490994,0.27917157980402857,0.38688911205715903
202506251534,12,Adversary,Verbal_NonVerbal,0.5,1,2,1,1.0,-1,-1,1,1,0,0,EN,,,,,,,,,0.0,1.0,1,1,1,1547,0.5,0.5,0.49491036236468455,0.4082056988527854,0.36991136372709105,0.4544185662059669,0.40297183206686904,0.38061492460276863,0.37199054552908384,0.4123918815177987,0.4265913271802576
202506251534,14,Adversary,Verbal_NonVerbal,0.5,1,2,1,0.0,-1,-1,1,1,1,1,EN,,,,,,,,,0.0,1.0,0,0,1,1548,0.5,0.5,0.5003374967098742,0.36531881792271553,0.29285308984546005,0.3958112056593804,0.45434221284156273,0.49254483472475413,0.5682839584708309,0.6353054579020823,0.6834002880068435
202506251619,1,Adversary,Verbal_NonVerbal,0.5,1,2,1,0.0,-1,-1,1,0,0,1,EN,,,,,,,,,0.0,1.0,1,1,1,1549,0.5,0.5,0.49978109378619334,0.5735905209839028,0.6132046323282189,0.7448358018646488,0.6039422057575107,0.661289971116538,0.5813634930609746,0.5726051116130189,0.6813630437772117
202506251619,2,Adversary,Verbal_NonVerbal,0.5,1,2,1,0.5,-1,-1,1,0,1,0,EN,,,,,,,,,0.0,1.0,1,1,1,1550,0.5,0.5,0.501129176528782,0.44339610328205176,0.40012572637899063,0.3333876158747267,0.39926434156519525,0.4825028108139889,0.42141169743509127,0.42096045218437134,0.40279473358766993
202506251619,4,Adversary,Verbal_NonVerbal,0.5,1,2,1,0.0,-1,-1,1,1,1,1,EN,,,,,,,,,0.0,1.0,0,0,1,1551,0.5,0.5,0.5002938162464674,0.3631364705597394,0.29950814469344095,0.15241408088718847,0.22249932562541297,0.29318730434165036,0.5328270070622417,0.6623255159855176,0.7327305960852215
202506251619,5,Adversary,Verbal_NonVerbal,0.5,1,2,1,0.5,-1,-1,1,1,0,0,EN,,,,,,,,,0.0,1.0,1,1,1,1552,0.5,0.5,0.49833307727857795,0.5740983104662166,0.6338362324478505,0.6206510621754286,0.5094885159315617,0.4447264906526873,0.33630051545856215,0.2779383317490752,0.2544470852975862
202506251619,6,Adversary,Verbal_NonVerbal,0.5,1,2,1,1.0,-1,-1,1,1,0,0,EN,,,,,,,,,0.0,1.0,1,1,1,1553,0.5,0.5,0.4992392590516745,0.49044487939235587,0.4748474388272736,0.41460713413691525,0.35112259932954615,0.35000961309385664,0.3595229117842186,0.29699690790887384,0.2671564626042089
202506251619,7,Adversary,Verbal_NonVerbal,0.5,1,2,1,0.0,-1,1,-1,1,0,1,EN,,,,,,,,,1.0,0.0,0,1,1,1554,0.5,0.5,0.49968799044669915,0.636712428393243,0.8449683728686153,0.9222238491957172,0.9476742878951347,0.9655686594380605,0.9774888691163492,0.9853449099584359,0.9665306253858493
202506251619,8,Adversary,Verbal_NonVerbal,0.5,1,2,1,0.5,-1,-1,1,1,0,0,EN,,,,,,,,,0.0,1.0,1,1,1,1555,0.5,0.5,0.5000148056835668,0.5028930171326458,0.5885398064674993,0.5659113221219175,0.5454345099053971,0.4929579976038556,0.39344302543936593,0.3384996780266298,0.3192326453056838
202506251619,9,Adversary,Verbal_NonVerbal,0.5,1,2,1,1.0,-1,0,0,1,1,-1,EN,,,,,,,,,0.0,0.0,0,0,1,1556,0.5,0.5,0.5043775503558592,0.518616587301259,0.5376917461893647,0.5944653402504739,0.5965374577780936,0.45211824319454735,0.35833767427088464,0.4713010091568141,0.5674662199947093
202506251619,10,Adversary,Verbal_NonVerbal,0.5,1,2,1,0.0,-1,1,-1,1,0,1,EN,,,,,,,,,1.0,0.0,1,1,1,1557,0.5,0.5,0.49994980129458716,0.6431402743567887,0.8426884369045796,0.6553257060387179,0.7905307654707686,0.6388073095151937,0.5470876959426098,0.543449085676135,0.5651672878293732
202506251619,11,Adversary,Verbal_NonVerbal,0.5,1,2,1,0.5,-1,0,0,1,1,-1,EN,,,,,,,,,0.0,0.0,0,0,1,1558,0.5,0.5,0.5019988305175418,0.36462336252863653,0.3020744741444111,0.24030958373478728,0.2656676991605783,0.3047335927082191,0.46725109954209343,0.5186312177904451,0.6447744754406429
202506251619,12,Adversary,Verbal_NonVerbal,0.5,1,2,1,1.0,-1,-1,1,1,1,1,EN,,,,,,,,,0.0,1.0,0,0,1,1559,0.5,0.5,0.5053783734338877,0.5887887297639339,0.6352361843431302,0.5618589127094429,0.5493582995809189,0.6405732665566218,0.6057955685997755,0.6129350098453984,0.6881503902839736
202506251619,13,Adversary,Verbal_NonVerbal,0.5,1,2,1,0.0,-1,1,-1,1,1,0,EN,,,,,,,,,1.0,0.0,1,0,1,1560,0.5,0.5,0.5003859909814321,0.3572080964875266,0.28282736865722213,0.4290413301402935,0.2910975815306946,0.31184187936280416,0.36363478230180707,0.3607057988965235,0.39406601616023545
202506251619,14,Adversary,Verbal_NonVerbal,0.5,1,2,1,0.5,-1,1,-1,1,1,0,EN,,,,,,,,,1.0,0.0,1,0,1,1561,0.5,0.5,0.5005563949505221,0.4848538215019357,0.4216845426128938,0.37699496839593544,0.4799486084498171,0.5033338961528351,0.3940941250287878,0.45893457710716185,0.469830477080699
202506251619,15,Adversary,Verbal_NonVerbal,0.5,1,2,1,0.0,-1,1,-1,1,0,1,EN,,,,,,,,,1.0,0.0,1,1,1,1562,0.5,0.5,0.49968314591882934,0.5210957607579699,0.535686590850299,0.6640450088294041,0.541996128095934,0.7463123007060408,0.5252558345408993,0.5174114023413214,0.5076373366581794
202506251619,16,Adversary,Verbal_NonVerbal,0.5,1,2,1,0.5,-1,1,-1,1,0,1,EN,,,,,,,,,1.0,0.0,0,1,1,1563,0.5,0.5,0.4982656091935617,0.5539688186376841,0.5986616581576825,0.7754796320205868,0.821846121731048,0.7250113953187365,0.59716738482968,0.7106945484051389,0.725366845293099
202506251619,17,Adversary,Verbal_NonVerbal,0.5,1,2,1,0.0,-1,1,-1,1,0,1,EN,,,,,,,,,1.0,0.0,1,1,1,1564,0.5,0.5,0.49966668656802843,0.6423921761177971,0.8098482528526885,0.7589212921141267,0.5824878718958548,0.554917170023024,0.7585518466421068,0.7679951672249945,0.6156910699047464
202506251619,18,Adversary,Verbal_NonVerbal,0.5,1,2,1,0.5,-1,1,-1,1,1,0,EN,,,,,,,,,1.0,0.0,0,0,1,1565,0.5,0.5,0.5018268570825932,0.36519010581568073,0.2879648220083912,0.16740664742854222,0.30984806652066077,0.410244573771591,0.4390133144862548,0.42230126063197565,0.4202191675898838
202506251619,19,Adversary,Verbal_NonVerbal,0.5,1,2,1,0.0,-1,-1,1,1,0,0,EN,,,,,,,,,0.0,1.0,1,1,1,1566,0.5,0.5,0.4996836500550264,0.6415434361942044,0.7952592725071688,0.8510902353724609,0.7453094004032087,0.5793253824053448,0.47275037299285205,0.3787138532448337,0.2957352996649843
202506251619,20,Adversary,Verbal_NonVerbal,0.5,1,2,1,0.5,-1,1,-1,1,1,0,EN,,,,,,,,,1.0,0.0,0,0,1,1567,0.5,0.5,0.5018491237719286,0.3677667916555259,0.3022369954744598,0.2480806899143874,0.28100136625617333,0.43336842155656746,0.3912005109366507,0.4887712221220859,0.5197628300674754
202506251619,21,Adversary,Verbal_NonVerbal,0.5,1,2,1,0.0,-1,1,-1,1,1,0,EN,,,,,,,,,1.0,0.0,1,1,1,1568,0.5,0.5,0.5001697800298188,0.47713901291584654,0.461435057187426,0.26443188916141475,0.37696644682988395,0.40232262713692235,0.46063668112298173,0.4022114896141831,0.288624532098901
202506251619,22,Adversary,Verbal_NonVerbal,0.5,1,2,1,0.5,-1,1,-1,1,0,1,EN,,,,,,,,,1.0,0.0,0,1,1,1569,0.5,0.5,0.4987737107015495,0.5393245009512319,0.6229993315580556,0.6548045881873007,0.6924656065310633,0.5911092909461486,0.60888978142125,0.6866834163654152,0.7391005679631114
202506251619,23,Adversary,Verbal_NonVerbal,0.5,1,2,1,0.0,-1,1,-1,1,0,1,EN,,,,,,,,,1.0,0.0,1,1,1,1570,0.5,0.5,0.4996374337654594,0.5213518181423928,0.5409692273224579,0.5399835639045922,0.47087746551426246,0.5749988263824287,0.6604998587264005,0.5120513695122644,0.557409919004448
202506251619,24,Adversary,Verbal_NonVerbal,0.5,1,2,1,0.5,-1,1,-1,1,1,0,EN,,,,,,,,,1.0,0.0,1,0,1,1571,0.5,0.5,0.5014752027039401,0.4674180052033454,0.3740282719694397,0.3165140046055816,0.31640555416615646,0.3366796859906295,0.3085153527040718,0.312507067196659,0.3284451955110906
202506251619,26,Adversary,Verbal_NonVerbal,0.5,1,2,1,0.5,-1,0,0,1,1,-1,EN,,,,,,,,,0.0,0.0,0,0,1,1572,0.5,0.5,0.500318451637083,0.489009922408778,0.4742900751431319,0.3988394829594033,0.338638009504843,0.35212163725712436,0.5014986655268272,0.5831001051020468,0.6851519600676439
202506251619,28,Adversary,Verbal_NonVerbal,0.5,1,2,1,0.5,-1,1,-1,1,1,0,EN,,,,,,,,,1.0,0.0,1,0,1,1573,0.5,0.5,0.5019397031593187,0.4177919242219558,0.35414634951209933,0.2161695100696551,0.3457456778283873,0.4284250485592378,0.4409558301983505,0.45004092409953295,0.436535988665674
202506261331,1,Adversary,Verbal_NonVerbal,0.5,0,2,1,0.5,-1,1,-1,0,0,0,EN,,,,,,,,,1.0,0.0,1,1,1,1574,0.5,0.5,0.49651327140756324,0.41101009459270715,0.3301019141246891,0.33163351082695003,0.28633614999031837,0.2965096849957032,0.44850047332959403,0.39780075403919024,0.3902136337909008
202506261331,2,Adversary,Verbal_NonVerbal,0.5,0,2,1,0.5,-1,-1,1,1,0,0,EN,,,,,,,,,0.0,1.0,1,1,1,1575,0.5,0.5,0.4966018565583653,0.4201588079451292,0.3525801450718268,0.317959006085187,0.4620000392224775,0.6311074073321288,0.49358421554795984,0.4935921811122161,0.44184726055002216
202506261337,1,Adversary,Verbal_NonVerbal,0.5,1,2,1,0.5,-1,-1,1,0,1,0,EN,,,,,,,,,0.0,1.0,-1,0,1,1576,0.5,0.5,0.5022568337961049,0.37171536139637185,0.2750523070312504,0.2949427270847555,0.32305998682669107,0.36962357366737275,0.4803747947573537,0.38636703713877113,0.39888352150590695
202506261337,2,Adversary,Verbal_NonVerbal,0.5,1,2,1,0.5,-1,-1,1,1,1,1,EN,,,,,,,,,0.0,1.0,0,0,1,1577,0.5,0.5,0.5020456552277652,0.4191805921158896,0.35567771340034826,0.3958605028252251,0.2566328576130658,0.28068717205676696,0.515067521329019,0.4964082050066992,0.5041810107656916
202506261756,1,Partner,Verbal_NonVerbal,0.5,1,2,1,0.0,-1,-1,-1,0,0,0,EN,,,,,,,,,0.0,1.0,1,1,1,1578,0.5,0.5,0.47905424123739276,0.3962253564568919,0.4434039440529615,0.4549584257559315,0.3576847870509861,0.28425844064123007,0.2860695648011019,0.26680443636320106,0.2562712182971797
202506261756,2,Partner,Verbal_NonVerbal,0.5,1,2,1,0.5,-1,1,1,0,1,0,EN,,,,,,,,,1.0,0.0,1,0,1,1579,0.5,0.5,0.543158031874547,0.6116298754199823,0.5063042765369336,0.45823001394255297,0.30441094614498626,0.14635278283418174,0.41226846758232555,0.43141462322363044,0.4460021359592754
202506261756,3,Partner,Verbal_NonVerbal,0.5,1,2,1,1.0,-1,-1,-1,0,1,1,EN,,,,,,,,,0.0,1.0,1,0,1,1580,0.5,0.5,0.5441104909204022,0.6338515953698693,0.7119590201270646,0.7395081917428903,0.7442181587747098,0.7509227699729919,0.7566254964292959,0.759906748942622,0.7674904755623895
202506261756,4,Partner,Verbal_NonVerbal,0.5,1,2,1,0.0,-1,0,0,1,1,-1,EN,,,,,,,,,0.0,0.0,-1,0,1,1581,0.5,0.5,0.5222638102204662,0.5431417699686836,0.4740326349128251,0.46292084134173384,0.4008167545948401,0.2983301945842868,0.37108345433073536,0.413065459880561,0.5275833698465366
202506261756,5,Partner,Verbal_NonVerbal,0.5,1,2,1,0.5,-1,1,1,1,0,0,EN,,,,,,,,,1.0,0.0,1,1,1,1582,0.5,0.5,0.45760974346626804,0.36875702086985945,0.4095299519089516,0.41161991432325057,0.49164713594744136,0.4208903064321574,0.4456212410890965,0.45832100398408177,0.3912487046376906
202506261756,6,Partner,Verbal_NonVerbal,0.5,1,2,1,1.0,-1,1,1,1,0,0,EN,,,,,,,,,1.0,0.0,1,1,1,1583,0.5,0.5,0.457928096973094,0.3666709465034008,0.28733911218169433,0.2376782746751822,0.2202882797132243,0.20825311878856304,0.1985209340103939,0.19098010945888014,0.18240897433471484
202506261756,7,Partner,Verbal_NonVerbal,0.5,1,2,1,0.0,-1,1,1,1,1,1,EN,,,,,,,,,1.0,0.0,0,1,1,1584,0.5,0.5,0.5221686666926766,0.5428112095685205,0.6237356873652132,0.6728993231701517,0.6793086098604283,0.6734458982024484,0.6734216936272005,0.6742546710138654,0.6807723434522326
202506261756,8,Partner,Verbal_NonVerbal,0.5,1,2,1,0.5,-1,1,1,1,0,0,EN,,,,,,,,,1.0,0.0,1,1,1,1585,0.5,0.5,0.48288000427652544,0.4120901844862587,0.3224994107613118,0.28810972238177013,0.3490067961461126,0.35091675111635834,0.2941509819612843,0.27321947930201423,0.2704758629015399
202506261756,9,Partner,Verbal_NonVerbal,0.5,1,2,1,1.0,-1,1,1,1,1,1,EN,,,,,,,,,1.0,0.0,1,1,1,1586,0.5,0.5,0.5437340134496363,0.6335515193461444,0.7057567019451387,0.7484902197619028,0.7684393846747986,0.772141683681382,0.8732114320798094,0.8741411911012644,0.8744478900232682
202506261756,10,Partner,Verbal_NonVerbal,0.5,1,2,1,0.0,-1,1,1,1,1,1,EN,,,,,,,,,1.0,0.0,1,0,1,1587,0.5,0.5,0.5216532279851768,0.6020618885986319,0.6905280842056036,0.7180523888892051,0.7191480179690641,0.7169953044610965,0.7091722072453794,0.7347988683941776,0.7698933358492518
202506261756,12,Partner,Verbal_NonVerbal,0.5,1,2,1,1.0,-1,1,1,1,1,1,EN,,,,,,,,,1.0,0.0,0,0,1,1588,0.5,0.5,0.5434116185972919,0.6114583831904541,0.6667351651227393,0.6876192706595584,0.694074714505557,0.703055865367821,0.5259683887373049,0.5477391356120798,0.5717914344727916
202506261756,15,Partner,Verbal_NonVerbal,0.5,1,2,1,1.0,-1,1,1,1,1,1,EN,,,,,,,,,1.0,0.0,1,0,1,1589,0.5,0.5,0.5437973331863175,0.5833831174650924,0.6259465176121294,0.6526659702246446,0.6555665787168664,0.6601225487520849,0.6653657052131121,0.6738698667690707,0.6866236737649897
202506261848,2,Partner,Verbal_NonVerbal,0.5,1,2,1,1.0,-1,1,1,1,1,1,EN,,,,,,,,,1.0,0.0,0,1,1,1590,0.5,0.5,0.5322043283783084,0.597583749639362,0.6867249800770016,0.7227363408835593,0.7495732656738974,0.7677536251562885,0.6318919586101766,0.670149852686115,0.660559061725804
202506261848,3,Partner,Verbal_NonVerbal,0.5,1,2,1,1.0,-1,1,1,1,1,1,EN,,,,,,,,,1.0,0.0,0,0,1,1591,0.5,0.5,0.5464497047797154,0.5871305810118463,0.6214060909985895,0.6417634196898305,0.6421605664801279,0.6222765991126082,0.6556555231498029,0.7311051979712264,0.7576944278426966
202506261848,4,Partner,Verbal_NonVerbal,0.5,1,2,1,1.0,-1,1,1,1,1,1,EN,,,,,,,,,1.0,0.0,0,0,1,1592,0.5,0.5,0.5116267485189245,0.5333418637241747,0.6213645286781126,0.6924307105151862,0.7107353686079837,0.7119676514206273,0.7105831809606861,0.7095291994731192,0.7400611990113258
202506261848,5,Partner,Verbal_NonVerbal,0.5,1,2,1,1.0,-1,1,1,1,0,0,EN,,,,,,,,,1.0,0.0,1,1,1,1593,0.5,0.5,0.45774969631633067,0.42764750035724547,0.3685468186415006,0.2993195852914443,0.26998738118081517,0.2909434538050061,0.2744377437213268,0.2794377749218699,0.27315703648787226
202506261848,6,Partner,Verbal_NonVerbal,0.5,1,2,1,1.0,-1,1,1,1,0,0,EN,,,,,,,,,1.0,0.0,1,1,1,1594,0.5,0.5,0.45772498994875216,0.36553890966890834,0.29142293979008604,0.27484246485807423,0.28078152714523225,0.38964363505210153,0.5346224128815514,0.5069370872539004,0.5018127706654
202506261919,1,Adversary,Verbal_NonVerbal,0.5,1,2,1,1.0,-1,0,0,0,1,-1,EN,,,,,,,,,0.0,0.0,1,0,1,1595,0.5,0.5,0.5051062033436107,0.589682005083643,0.6732318895612546,0.6774098178912693,0.723315966837871,0.722627071310397,0.7181068126199481,0.6676203481610918,0.5545281129926518
202506261919,2,Adversary,Verbal_NonVerbal,0.5,1,2,1,1.0,-1,-1,1,1,1,1,EN,,,,,,,,,0.0,1.0,1,0,1,1596,0.5,0.5,0.5059211982665661,0.5160118639230854,0.6068339573791318,0.6516838652587632,0.6478884399737437,0.6942526036894398,0.6924544237279614,0.6587965193999306,0.654175800043399
202506261919,3,Adversary,Verbal_NonVerbal,0.5,1,2,1,1.0,-1,0,0,1,1,-1,EN,,,,,,,,,0.0,0.0,1,1,1,1597,0.5,0.5,0.505662561310268,0.5609803893801673,0.6530517934177555,0.6789542602117227,0.7080697898697856,0.7067415965681214,0.4973890942652246,0.45607771605435576,0.45155878433049096
202506261919,4,Adversary,Verbal_NonVerbal,0.5,1,2,1,1.0,-1,-1,1,1,0,0,EN,,,,,,,,,0.0,1.0,1,1,1,1598,0.5,0.5,0.49484991172865944,0.48614079288421563,0.46981497103384146,0.4134046724941468,0.3822703782293873,0.3838763999610991,0.38724514759416495,0.4439903753643262,0.4947862070969313
202506261919,5,Adversary,Verbal_NonVerbal,0.5,1,2,1,1.0,-1,-1,1,1,1,1,EN,,,,,,,,,0.0,1.0,1,0,1,1599,0.5,0.5,0.5061946674046911,0.5381425655983514,0.6188509017647535,0.6426265275287512,0.6518867032793625,0.6494198515149956,0.6090452263112289,0.6278233660362248,0.6692240437865279
202506291629,1,Partner,Verbal,0.5,0,2,0,0.0,0,-1,-1,0,1,1,EN,,,,,,,,,,,-1,-1,1,1600,0.5,0.5,0.5,0.5,0.5,0.5,0.5,0.5,0.5,0.5,0.5
202506291629,2,Partner,Verbal,0.5,0,2,0,0.0,1,0,0,0,0,-1,EN,,,,,,,,,,,1,1,1,1601,0.5,0.5,0.5,0.5,0.5,0.5,0.5,0.5,0.5,0.5,0.5
202506291629,3,Partner,Verbal,0.5,0,2,0,0.0,2,1,1,0,1,0,EN,,,,,,,,,,,1,0,1,1602,0.5,0.5,0.5,0.5,0.5,0.5,0.5,0.5,0.5,0.5,0.5
202506291629,4,Partner,Verbal,0.5,1,2,0,0.0,2,1,1,0,1,0,EN,,,,,,,,,,,1,0,1,1603,0.5,0.5,0.5,0.5,0.5,0.5,0.5,0.5,0.75,0.75,0.75
202506291629,5,Adversary,Verbal,0.5,0,2,0,0.0,0,0,0,0,0,-1,EN,,,,,,,,,,,-1,1,1,1604,0.5,0.5,0.5,0.5,0.5,0.5,0.5,0.5,0.5,0.5,0.5
202506291629,6,Adversary,Verbal,0.5,0,2,0,0.0,1,-1,1,0,1,0,EN,,,,,,,,,,,1,-1,1,1605,0.5,0.5,0.5,0.5,0.5,0.5,0.5,0.5,0.75,0.75,0.75
202506291629,7,Adversary,Verbal,0.5,0,2,0,0.0,2,-1,1,0,0,1,EN,,,,,,,,,,,1,1,1,1606,0.5,0.5,0.5,0.5,0.5,0.5,0.5,0.5,0.5,0.5,0.5
202506291629,8,Adversary,Verbal,0.5,1,2,0,0.0,2,0,0,0,1,-1,EN,,,,,,,,,,,1,-1,1,1607,0.5,0.5,0.5,0.5,0.5,0.5,0.5,0.5,0.5,0.5,0.5
202506291629,9,Partner,Verbal,0.5,0,2,0,0.0,0,-1,-1,1,1,0,EN,,,,,,,,,,,-1,1,1,1608,0.5,0.5,0.5,0.5,0.5,0.5,0.5,0.5,0.5,0.5,0.5
202506291629,10,Partner,Verbal,0.5,0,2,0,0.0,1,1,1,1,0,0,EN,,,,,,,,,,,-1,1,1,1609,0.5,0.5,0.5,0.5,0.5,0.5,0.5,0.5,0.5,0.5,0.5
202506291629,11,Partner,Verbal,0.5,0,2,0,0.0,2,-1,-1,1,1,0,EN,,,,,,,,,,,1,1,1,1610,0.5,0.5,0.5,0.5,0.5,0.5,0.5,0.5,0.75,0.75,0.75
202506291629,12,Partner,Verbal,0.5,1,2,0,0.0,2,0,0,1,1,-1,EN,,,,,,,,,,,1,1,1,1611,0.5,0.5,0.5,0.5,0.5,0.5,0.5,0.5,0.5,0.5,0.5
202506291629,13,Adversary,Verbal,0.5,0,2,0,0.0,0,1,-1,1,1,0,EN,,,,,,,,,,,-1,1,1,1612,0.5,0.5,0.5,0.5,0.5,0.5,0.5,0.5,0.5,0.5,0.5
202506291629,14,Adversary,Verbal,0.5,0,2,0,0.0,1,-1,1,1,0,0,EN,,,,,,,,,,,1,1,1,1613,0.5,0.5,0.5,0.5,0.5,0.5,0.5,0.5,0.5,0.5,0.5
202506291629,15,Adversary,Verbal,0.5,0,2,0,0.0,2,-1,1,1,0,0,EN,,,,,,,,,,,-1,1,1,1614,0.5,0.5,0.5,0.5,0.5,0.5,0.5,0.5,0.5,0.5,0.5
202506291629,16,Adversary,Verbal,0.5,1,2,0,0.0,2,-1,1,1,0,0,EN,,,,,,,,,,,1,1,1,1615,0.5,0.5,0.5,0.5,0.5,0.5,0.5,0.5,0.5,0.5,0.5
202506291629,17,Partner,Verbal,0.5,0,2,0,0.0,0,1,1,1,0,0,EN,,,,,,,,,,,1,1,1,1616,0.5,0.5,0.5,0.5,0.5,0.5,0.5,0.5,0.5,0.5,0.5
202506291629,18,Partner,Verbal,0.5,0,2,0,0.0,1,1,1,1,0,0,EN,,,,,,,,,,,1,1,1,1617,0.5,0.5,0.5,0.5,0.5,0.5,0.5,0.5,0.5,0.5,0.5
202506291629,19,Partner,Verbal,0.5,0,2,0,0.0,2,-1,-1,1,0,1,EN,,,,,,,,,,,1,1,1,1618,0.5,0.5,0.5,0.5,0.5,0.5,0.5,0.5,0.5,0.5,0.5
202506291629,20,Partner,Verbal,0.5,1,2,0,0.0,2,0,0,1,0,-1,EN,,,,,,,,,,,0,1,1,1619,0.5,0.5,0.5,0.5,0.5,0.5,0.5,0.5,0.75,0.75,0.75
202506291629,21,Adversary,Verbal,0.5,0,2,0,0.0,0,-1,1,1,0,0,EN,,,,,,,,,,,1,1,1,1620,0.5,0.5,0.5,0.5,0.5,0.5,0.5,0.5,0.5,0.5,0.5
202506291629,22,Adversary,Verbal,0.5,0,2,0,0.0,1,1,-1,1,1,0,EN,,,,,,,,,,,1,1,1,1621,0.5,0.5,0.5,0.5,0.5,0.5,0.5,0.5,0.5,0.5,0.5
202506291629,23,Adversary,Verbal,0.5,0,2,0,0.0,2,-1,1,1,0,0,EN,,,,,,,,,,,1,1,1,1622,0.5,0.5,0.5,0.5,0.5,0.5,0.5,0.5,0.5,0.5,0.5
202506291629,24,Adversary,Verbal,0.5,1,2,0,0.0,2,-1,1,1,0,0,EN,,,,,,,,,,,1,1,1,1623,0.5,0.5,0.5,0.5,0.5,0.5,0.5,0.5,0.5,0.5,0.5
202506291629,25,Partner,Verbal,0.5,0,2,0,0.0,0,-1,-1,1,1,0,EN,,,,,,,,,,,-1,1,1,1624,0.5,0.5,0.5,0.5,0.5,0.5,0.5,0.5,0.5,0.5,0.5
202506291629,26,Partner,Verbal,0.5,0,2,0,0.0,1,0,0,1,0,-1,EN,,,,,,,,,,,-1,1,1,1625,0.5,0.5,0.5,0.5,0.5,0.5,0.5,0.5,0.5,0.5,0.5
202506291629,27,Partner,Verbal,0.5,0,2,0,0.0,2,-1,-1,1,1,0,EN,,,,,,,,,,,1,1,1,1626,0.5,0.5,0.5,0.5,0.5,0.5,0.5,0.5,0.5,0.5,0.5
202506291629,28,Partner,Verbal,0.5,1,2,0,0.0,2,0,0,1,1,-1,EN,,,,,,,,,,,1,0,1,1627,0.5,0.5,0.5,0.5,0.5,0.5,0.5,0.5,0.75,0.75,0.75
202506291629,29,Adversary,Verbal,0.5,0,2,0,0.0,0,0,0,1,0,-1,EN,,,,,,,,,,,-1,1,1,1628,0.5,0.5,0.5,0.5,0.5,0.5,0.5,0.5,0.5,0.5,0.5
202506291629,30,Adversary,Verbal,0.5,0,2,0,0.0,1,0,0,1,0,-1,EN,,,,,,,,,,,1,1,1,1629,0.5,0.5,0.5,0.5,0.5,0.5,0.5,0.5,0.5,0.5,0.5
202506291629,31,Adversary,Verbal,0.5,0,2,0,0.0,2,1,-1,1,1,0,EN,,,,,,,,,,,1,-1,1,1630,0.5,0.5,0.5,0.5,0.5,0.5,0.5,0.5,0.5,0.5,0.5
202506291629,32,Adversary,Verbal,0.5,1,2,0,0.0,2,1,-1,1,1,0,EN,,,,,,,,,,,0,1,1,1631,0.5,0.5,0.5,0.5,0.5,0.5,0.5,0.5,0.5,0.5,0.5
202506291629,33,Partner,Verbal,0.5,0,2,0,0.0,0,1,1,1,0,0,EN,,,,,,,,,,,-1,1,1,1632,0.5,0.5,0.5,0.5,0.5,0.5,0.5,0.5,0.5,0.5,0.5
202506291629,35,Partner,Verbal,0.5,0,2,0,0.0,2,1,1,1,0,0,EN,,,,,,,,,,,1,1,1,1633,0.5,0.5,0.5,0.5,0.5,0.5,0.5,0.5,0.5,0.5,0.5
202506291629,36,Partner,Verbal,0.5,1,2,0,0.0,2,1,1,1,0,0,EN,,,,,,,,,,,-1,1,1,1634,0.5,0.5,0.5,0.5,0.5,0.5,0.5,0.5,0.5,0.5,0.5
202506291629,37,Adversary,Verbal,0.5,0,2,0,0.0,0,-1,1,1,0,0,EN,,,,,,,,,,,-1,1,1,1635,0.5,0.5,0.5,0.5,0.5,0.5,0.5,0.5,0.5,0.5,0.5
202506291629,38,Adversary,Verbal,0.5,0,2,0,0.0,1,-1,1,1,0,0,EN,,,,,,,,,,,0,1,1,1636,0.5,0.5,0.5,0.5,0.5,0.5,0.5,0.5,0.5,0.5,0.5
202506291629,39,Adversary,Verbal,0.5,0,2,0,0.0,2,-1,1,1,0,0,EN,,,,,,,,,,,1,1,1,1637,0.5,0.5,0.5,0.5,0.5,0.5,0.5,0.5,0.5,0.5,0.5
202506291629,40,Adversary,Verbal,0.5,1,2,0,0.0,2,-1,1,1,0,0,EN,,,,,,,,,,,1,1,1,1638,0.5,0.5,0.5,0.5,0.5,0.5,0.5,0.5,0.5,0.5,0.5
202506291629,41,Partner,Verbal,0.5,0,2,0,0.0,0,1,1,1,0,0,EN,,,,,,,,,,,-1,1,1,1639,0.5,0.5,0.5,0.5,0.5,0.5,0.5,0.5,0.5,0.5,0.5
202506291629,42,Partner,Verbal,0.5,0,2,0,0.0,1,-1,-1,1,1,0,EN,,,,,,,,,,,1,1,1,1640,0.5,0.5,0.5,0.5,0.5,0.5,0.5,0.5,0.5,0.5,0.5
202506291629,43,Partner,Verbal,0.5,0,2,0,0.0,2,1,1,1,1,1,EN,,,,,,,,,,,1,1,1,1641,0.5,0.5,0.5,0.5,0.5,0.5,0.5,0.5,0.75,0.75,0.75
202506291629,44,Partner,Verbal,0.5,1,2,0,0.0,2,1,1,1,0,0,EN,,,,,,,,,,,1,1,1,1642,0.5,0.5,0.5,0.5,0.5,0.5,0.5,0.5,0.5,0.5,0.5
202506291629,45,Adversary,Verbal,0.5,0,2,0,0.0,0,-1,1,1,1,1,EN,,,,,,,,,,,1,-1,1,1643,0.5,0.5,0.5,0.5,0.5,0.5,0.5,0.5,0.5,0.5,0.5
202506291629,46,Adversary,Verbal,0.5,0,2,0,0.0,1,1,-1,1,0,1,EN,,,,,,,,,,,1,1,1,1644,0.5,0.5,0.5,0.5,0.5,0.5,0.5,0.5,0.5,0.5,0.5
202506291629,47,Adversary,Verbal,0.5,0,2,0,0.0,2,-1,1,1,0,0,EN,,,,,,,,,,,1,1,1,1645,0.5,0.5,0.5,0.5,0.5,0.5,0.5,0.5,0.75,0.75,0.75
202506291629,48,Adversary,Verbal,0.5,1,2,0,0.0,2,0,0,1,0,-1,EN,,,,,,,,,,,-1,1,1,1646,0.5,0.5,0.5,0.5,0.5,0.5,0.5,0.5,0.5,0.5,0.5
202506291629,49,Partner,Verbal,0.5,0,2,0,0.0,0,1,1,1,0,0,EN,,,,,,,,,,,-1,1,1,1647,0.5,0.5,0.5,0.5,0.5,0.5,0.5,0.5,0.5,0.5,0.5
202506291629,51,Partner,Verbal,0.5,0,2,0,0.0,2,1,1,1,0,0,EN,,,,,,,,,,,1,1,1,1648,0.5,0.5,0.5,0.5,0.5,0.5,0.5,0.5,0.5,0.5,0.5
202506291629,53,Adversary,Verbal,0.5,0,2,0,0.0,0,1,-1,1,1,0,EN,,,,,,,,,,,1,1,1,1649,0.5,0.5,0.5,0.5,0.5,0.5,0.5,0.5,0.5,0.5,0.5
202506291629,54,Adversary,Verbal,0.5,0,2,0,0.0,1,-1,1,1,0,0,EN,,,,,,,,,,,0,1,1,1650,0.5,0.5,0.5,0.5,0.5,0.5,0.5,0.5,0.5,0.5,0.5
202506291629,55,Adversary,Verbal,0.5,0,2,0,0.0,2,-1,1,1,0,0,EN,,,,,,,,,,,1,1,1,1651,0.5,0.5,0.5,0.5,0.5,0.5,0.5,0.5,0.5,0.5,0.5
202506291629,56,Adversary,Verbal,0.5,1,2,0,0.0,2,-1,1,1,1,1,EN,,,,,,,,,,,1,1,1,1652,0.5,0.5,0.5,0.5,0.5,0.5,0.5,0.5,0.5,0.5,0.5
202506291629,57,Partner,Verbal,0.5,0,2,0,0.0,0,0,0,1,0,-1,EN,,,,,,,,,,,-1,1,1,1653,0.5,0.5,0.5,0.5,0.5,0.5,0.5,0.5,0.5,0.5,0.5
202506291629,58,Partner,Verbal,0.5,0,2,0,0.0,1,1,1,1,1,1,EN,,,,,,,,,,,1,1,1,1654,0.5,0.5,0.5,0.5,0.5,0.5,0.5,0.5,0.75,0.75,0.75
202506291629,59,Partner,Verbal,0.5,0,2,0,0.0,2,1,1,1,0,0,EN,,,,,,,,,,,-1,1,1,1655,0.5,0.5,0.5,0.5,0.5,0.5,0.5,0.5,0.5,0.5,0.5
202506291629,60,Partner,Verbal,0.5,1,2,0,0.0,2,1,1,1,1,1,EN,,,,,,,,,,,1,1,1,1656,0.5,0.5,0.5,0.5,0.5,0.5,0.5,0.5,0.5,0.5,0.5
202506291629,61,Adversary,Verbal,0.5,0,2,0,0.0,0,-1,1,1,0,0,EN,,,,,,,,,,,-1,1,1,1657,0.5,0.5,0.5,0.5,0.5,0.5,0.5,0.5,0.5,0.5,0.5
202506291629,62,Adversary,Verbal,0.5,0,2,0,0.0,1,0,0,1,1,-1,EN,,,,,,,,,,,1,1,1,1658,0.5,0.5,0.5,0.5,0.5,0.5,0.5,0.5,0.75,0.75,0.75
202506291629,63,Adversary,Verbal,0.5,0,2,0,0.0,2,1,-1,1,1,0,EN,,,,,,,,,,,1,-1,1,1659,0.5,0.5,0.5,0.5,0.5,0.5,0.5,0.5,0.5,0.5,0.5
202506291629,65,Partner,Verbal,0.5,0,2,0,0.0,0,1,1,1,0,0,EN,,,,,,,,,,,-1,1,1,1660,0.5,0.5,0.5,0.5,0.5,0.5,0.5,0.5,0.5,0.5,0.5
202506291629,66,Partner,Verbal,0.5,0,2,0,0.0,1,0,0,1,0,-1,EN,,,,,,,,,,,1,1,1,1661,0.5,0.5,0.5,0.5,0.5,0.5,0.5,0.5,0.5,0.5,0.5
202506291629,67,Partner,Verbal,0.5,0,2,0,0.0,2,-1,-1,1,1,0,EN,,,,,,,,,,,1,1,1,1662,0.5,0.5,0.5,0.5,0.5,0.5,0.5,0.5,0.5,0.5,0.5
202506291629,68,Partner,Verbal,0.5,1,2,0,0.0,2,1,1,1,0,0,EN,,,,,,,,,,,-1,1,1,1663,0.5,0.5,0.5,0.5,0.5,0.5,0.5,0.5,0.5,0.5,0.5
202506291629,69,Adversary,Verbal,0.5,0,2,0,0.0,0,-1,1,1,1,1,EN,,,,,,,,,,,-1,-1,1,1664,0.5,0.5,0.5,0.5,0.5,0.5,0.5,0.5,0.5,0.5,0.5
202506291629,71,Adversary,Verbal,0.5,0,2,0,0.0,2,1,-1,1,1,0,EN,,,,,,,,,,,1,1,1,1665,0.5,0.5,0.5,0.5,0.5,0.5,0.5,0.5,0.5,0.5,0.5
202506291629,72,Adversary,Verbal,0.5,1,2,0,0.0,2,0,0,1,1,-1,EN,,,,,,,,,,,1,1,1,1666,0.5,0.5,0.5,0.5,0.5,0.5,0.5,0.5,0.5,0.5,0.5
202506291629,73,Partner,Verbal,0.5,0,2,0,0.0,0,-1,-1,1,1,0,EN,,,,,,,,,,,-1,1,1,1667,0.5,0.5,0.5,0.5,0.5,0.5,0.5,0.5,0.5,0.5,0.5
202506291629,74,Partner,Verbal,0.5,0,2,0,0.0,1,0,0,1,1,-1,EN,,,,,,,,,,,1,1,1,1668,0.5,0.5,0.5,0.5,0.5,0.5,0.5,0.5,0.5,0.5,0.5
202506291629,75,Partner,Verbal,0.5,0,2,0,0.0,2,-1,-1,1,1,0,EN,,,,,,,,,,,-1,-1,1,1669,0.5,0.5,0.5,0.5,0.5,0.5,0.5,0.5,0.5,0.5,0.5
202506291629,76,Partner,Verbal,0.5,1,2,0,0.0,2,1,1,1,0,0,EN,,,,,,,,,,,1,-1,1,1670,0.5,0.5,0.5,0.5,0.5,0.5,0.5,0.5,0.5,0.5,0.5
202506291629,77,Adversary,Verbal,0.5,0,2,0,0.0,0,1,-1,1,1,0,EN,,,,,,,,,,,-1,1,1,1671,0.5,0.5,0.5,0.5,0.5,0.5,0.5,0.5,0.5,0.5,0.5
202506291629,78,Adversary,Verbal,0.5,0,2,0,0.0,1,-1,1,1,0,0,EN,,,,,,,,,,,1,1,1,1672,0.5,0.5,0.5,0.5,0.5,0.5,0.5,0.5,0.5,0.5,0.5
202506291629,79,Adversary,Verbal,0.5,0,2,0,0.0,2,-1,1,1,0,0,EN,,,,,,,,,,,1,1,1,1673,0.5,0.5,0.5,0.5,0.5,0.5,0.5,0.5,0.5,0.5,0.5
202506291629,80,Adversary,Verbal,0.5,1,2,0,0.0,2,1,-1,1,1,0,EN,,,,,,,,,,,0,1,1,1674,0.5,0.5,0.5,0.5,0.5,0.5,0.5,0.5,0.5,0.5,0.5
202506291629,81,Partner,Verbal,0.5,0,2,0,0.0,0,1,1,1,1,1,EN,,,,,,,,,,,-1,1,1,1675,0.5,0.5,0.5,0.5,0.5,0.5,0.5,0.5,0.5,0.5,0.5
202506291629,82,Partner,Verbal,0.5,0,2,0,0.0,1,-1,-1,1,0,1,EN,,,,,,,,,,,1,1,1,1676,0.5,0.5,0.5,0.5,0.5,0.5,0.5,0.5,0.5,0.5,0.5
202506291629,83,Partner,Verbal,0.5,0,2,0,0.0,2,0,0,1,0,-1,EN,,,,,,,,,,,1,1,1,1677,0.5,0.5,0.5,0.5,0.5,0.5,0.5,0.5,0.5,0.5,0.5
202506291629,84,Partner,Verbal,0.5,1,2,0,0.0,2,1,1,1,0,0,EN,,,,,,,,,,,1,1,1,1678,0.5,0.5,0.5,0.5,0.5,0.5,0.5,0.5,0.5,0.5,0.5
202506291629,85,Adversary,Verbal,0.5,0,2,0,0.0,0,-1,1,1,0,0,EN,,,,,,,,,,,-1,1,1,1679,0.5,0.5,0.5,0.5,0.5,0.5,0.5,0.5,0.5,0.5,0.5
202506291629,86,Adversary,Verbal,0.5,0,2,0,0.0,1,-1,1,1,0,0,EN,,,,,,,,,,,1,1,1,1680,0.5,0.5,0.5,0.5,0.5,0.5,0.5,0.5,0.5,0.5,0.5
202506291629,87,Adversary,Verbal,0.5,0,2,0,0.0,2,0,0,1,1,-1,EN,,,,,,,,,,,1,1,1,1681,0.5,0.5,0.5,0.5,0.5,0.5,0.5,0.5,0.5,0.5,0.5
202506291629,88,Adversary,Verbal,0.5,1,2,0,0.0,2,1,-1,1,1,0,EN,,,,,,,,,,,1,1,1,1682,0.5,0.5,0.5,0.5,0.5,0.5,0.5,0.5,0.5,0.5,0.5
202506291629,89,Partner,Verbal,0.5,0,2,0,0.0,0,1,1,1,0,0,EN,,,,,,,,,,,-1,1,1,1683,0.5,0.5,0.5,0.5,0.5,0.5,0.5,0.5,0.5,0.5,0.5
202506291629,90,Partner,Verbal,0.5,0,2,0,0.0,1,-1,-1,1,0,1,EN,,,,,,,,,,,1,1,1,1684,0.5,0.5,0.5,0.5,0.5,0.5,0.5,0.5,0.5,0.5,0.5
202506291629,91,Partner,Verbal,0.5,0,2,0,0.0,2,1,1,1,0,0,EN,,,,,,,,,,,-1,1,1,1685,0.5,0.5,0.5,0.5,0.5,0.5,0.5,0.5,0.5,0.5,0.5
202506291629,92,Partner,Verbal,0.5,1,2,0,0.0,2,0,0,1,1,-1,EN,,,,,,,,,,,-1,0,1,1686,0.5,0.5,0.5,0.5,0.5,0.5,0.5,0.5,0.5,0.5,0.5
202506291629,93,Adversary,Verbal,0.5,0,2,0,0.0,0,1,-1,1,1,0,EN,,,,,,,,,,,-1,1,1,1687,0.5,0.5,0.5,0.5,0.5,0.5,0.5,0.5,0.5,0.5,0.5
202506291629,94,Adversary,Verbal,0.5,0,2,0,0.0,1,1,-1,1,1,0,EN,,,,,,,,,,,1,0,1,1688,0.5,0.5,0.5,0.5,0.5,0.5,0.5,0.5,0.5,0.5,0.5
202506291629,95,Adversary,Verbal,0.5,0,2,0,0.0,2,1,-1,1,1,0,EN,,,,,,,,,,,1,1,1,1689,0.5,0.5,0.5,0.5,0.5,0.5,0.5,0.5,0.5,0.5,0.5
202506291629,96,Adversary,Verbal,0.5,1,2,0,0.0,2,1,-1,1,0,1,EN,,,,,,,,,,,0,1,1,1690,0.5,0.5,0.5,0.5,0.5,0.5,0.5,0.5,0.5,0.5,0.5
202506291629,97,Partner,Verbal,0.5,0,2,0,0.0,0,-1,-1,1,1,0,EN,,,,,,,,,,,-1,1,1,1691,0.5,0.5,0.5,0.5,0.5,0.5,0.5,0.5,0.5,0.5,0.5
202506291629,98,Partner,Verbal,0.5,0,2,0,0.0,1,1,1,1,1,1,EN,,,,,,,,,,,1,0,1,1692,0.5,0.5,0.5,0.5,0.5,0.5,0.5,0.5,0.5,0.5,0.5
202506291629,99,Partner,Verbal,0.5,0,2,0,0.0,2,-1,-1,1,1,0,EN,,,,,,,,,,,-1,-1,1,1693,0.5,0.5,0.5,0.5,0.5,0.5,0.5,0.5,0.5,0.5,0.5
202506291629,101,Adversary,Verbal,0.5,0,2,0,0.0,0,1,-1,1,1,0,EN,,,,,,,,,,,-1,1,1,1694,0.5,0.5,0.5,0.5,0.5,0.5,0.5,0.5,0.5,0.5,0.5
202506291629,102,Adversary,Verbal,0.5,0,2,0,0.0,1,1,-1,1,1,0,EN,,,,,,,,,,,-1,1,1,1695,0.5,0.5,0.5,0.5,0.5,0.5,0.5,0.5,0.5,0.5,0.5
202506291629,104,Adversary,Verbal,0.5,1,2,0,0.0,2,-1,1,1,0,0,EN,,,,,,,,,,,1,1,1,1696,0.5,0.5,0.5,0.5,0.5,0.5,0.5,0.5,0.5,0.5,0.5
202506291629,105,Partner,Verbal,0.5,0,2,0,0.0,0,1,1,1,0,0,EN,,,,,,,,,,,-1,1,1,1697,0.5,0.5,0.5,0.5,0.5,0.5,0.5,0.5,0.5,0.5,0.5
202506291629,106,Partner,Verbal,0.5,0,2,0,0.0,1,1,1,1,0,0,EN,,,,,,,,,,,-1,1,1,1698,0.5,0.5,0.5,0.5,0.5,0.5,0.5,0.5,0.5,0.5,0.5
202506291629,107,Partner,Verbal,0.5,0,2,0,0.0,2,-1,-1,1,1,0,EN,,,,,,,,,,,1,0,1,1699,0.5,0.5,0.5,0.5,0.5,0.5,0.5,0.5,0.5,0.5,0.5
202506291629,108,Partner,Verbal,0.5,1,2,0,0.0,2,0,0,1,0,-1,EN,,,,,,,,,,,1,1,1,1700,0.5,0.5,0.5,0.5,0.5,0.5,0.5,0.5,0.5,0.5,0.5
202506291629,109,Adversary,Verbal,0.5,0,2,0,0.0,0,-1,1,1,0,0,EN,,,,,,,,,,,-1,1,1,1701,0.5,0.5,0.5,0.5,0.5,0.5,0.5,0.5,0.5,0.5,0.5
202506291629,111,Adversary,Verbal,0.5,0,2,0,0.0,2,1,-1,1,1,0,EN,,,,,,,,,,,-1,0,1,1702,0.5,0.5,0.5,0.5,0.5,0.5,0.5,0.5,0.5,0.5,0.5
202506291629,112,Adversary,Verbal,0.5,1,2,0,0.0,2,1,-1,1,1,0,EN,,,,,,,,,,,-1,1,1,1703,0.5,0.5,0.5,0.5,0.5,0.5,0.5,0.5,0.5,0.5,0.5
202506291629,113,Partner,Verbal,0.5,0,2,0,0.0,0,0,0,1,0,-1,EN,,,,,,,,,,,1,1,1,1704,0.5,0.5,0.5,0.5,0.5,0.5,0.5,0.5,0.5,0.5,0.5
202506291629,114,Partner,Verbal,0.5,0,2,0,0.0,1,1,1,1,0,0,EN,,,,,,,,,,,-1,1,1,1705,0.5,0.5,0.5,0.5,0.5,0.5,0.5,0.5,0.5,0.5,0.5
202506291629,115,Partner,Verbal,0.5,0,2,0,0.0,2,0,0,1,1,-1,EN,,,,,,,,,,,1,1,1,1706,0.5,0.5,0.5,0.5,0.5,0.5,0.5,0.5,0.5,0.5,0.5
202506291629,116,Partner,Verbal,0.5,1,2,0,0.0,2,-1,-1,1,1,0,EN,,,,,,,,,,,1,1,1,1707,0.5,0.5,0.5,0.5,0.5,0.5,0.5,0.5,0.5,0.5,0.5
202506291629,117,Adversary,Verbal,0.5,0,2,0,0.0,0,-1,1,1,0,0,EN,,,,,,,,,,,-1,-1,1,1708,0.5,0.5,0.5,0.5,0.5,0.5,0.5,0.5,0.5,0.5,0.5
202506291629,118,Adversary,Verbal,0.5,0,2,0,0.0,1,-1,1,1,0,0,EN,,,,,,,,,,,1,1,1,1709,0.5,0.5,0.5,0.5,0.5,0.5,0.5,0.5,0.5,0.5,0.5
202506291629,119,Adversary,Verbal,0.5,0,2,0,0.0,2,0,0,1,1,-1,EN,,,,,,,,,,,1,1,1,1710,0.5,0.5,0.5,0.5,0.5,0.5,0.5,0.5,0.75,0.75,0.75
202506291629,120,Adversary,Verbal,0.5,1,2,0,0.0,2,1,-1,1,1,0,EN,,,,,,,,,,,1,0,1,1711,0.5,0.5,0.5,0.5,0.5,0.5,0.5,0.5,0.5,0.5,0.5
202506291629,121,Partner,Verbal,0.5,0,2,0,0.0,0,1,1,1,0,0,EN,,,,,,,,,,,-1,1,1,1712,0.5,0.5,0.5,0.5,0.5,0.5,0.5,0.5,0.5,0.5,0.5
202506291629,122,Partner,Verbal,0.5,0,2,0,0.0,1,-1,-1,1,1,0,EN,,,,,,,,,,,1,1,1,1713,0.5,0.5,0.5,0.5,0.5,0.5,0.5,0.5,0.5,0.5,0.5
202506291629,123,Partner,Verbal,0.5,0,2,0,0.0,2,-1,-1,1,1,0,EN,,,,,,,,,,,1,1,1,1714,0.5,0.5,0.5,0.5,0.5,0.5,0.5,0.5,0.5,0.5,0.5
202506291629,124,Partner,Verbal,0.5,1,2,0,0.0,2,1,1,1,0,0,EN,,,,,,,,,,,1,1,1,1715,0.5,0.5,0.5,0.5,0.5,0.5,0.5,0.5,0.5,0.5,0.5
202506291629,125,Adversary,Verbal,0.5,0,2,0,0.0,0,-1,1,1,0,0,EN,,,,,,,,,,,-1,-1,1,1716,0.5,0.5,0.5,0.5,0.5,0.5,0.5,0.5,0.5,0.5,0.5
202506291629,126,Adversary,Verbal,0.5,0,2,0,0.0,1,0,0,1,1,-1,EN,,,,,,,,,,,1,1,1,1717,0.5,0.5,0.5,0.5,0.5,0.5,0.5,0.5,0.5,0.5,0.5
202506291629,127,Adversary,Verbal,0.5,0,2,0,0.0,2,1,-1,1,1,0,EN,,,,,,,,,,,-1,1,1,1718,0.5,0.5,0.5,0.5,0.5,0.5,0.5,0.5,0.5,0.5,0.5
202506291629,128,Adversary,Verbal,0.5,1,2,0,0.0,2,-1,1,1,1,1,EN,,,,,,,,,,,-1,1,1,1719,0.5,0.5,0.5,0.5,0.5,0.5,0.5,0.5,0.5,0.5,0.5
202506291629,129,Partner,Verbal,0.5,0,2,0,0.0,0,1,1,1,0,0,EN,,,,,,,,,,,-1,1,1,1720,0.5,0.5,0.5,0.5,0.5,0.5,0.5,0.5,0.5,0.5,0.5
202506291629,130,Partner,Verbal,0.5,0,2,0,0.0,1,-1,-1,1,0,1,EN,,,,,,,,,,,1,1,1,1721,0.5,0.5,0.5,0.5,0.5,0.5,0.5,0.5,0.5,0.5,0.5
202506291629,131,Partner,Verbal,0.5,0,2,0,0.0,2,-1,-1,1,0,1,EN,,,,,,,,,,,1,1,1,1722,0.5,0.5,0.5,0.5,0.5,0.5,0.5,0.5,0.5,0.5,0.5
202506291629,132,Partner,Verbal,0.5,1,2,0,0.0,2,1,1,1,0,0,EN,,,,,,,,,,,1,1,1,1723,0.5,0.5,0.5,0.5,0.5,0.5,0.5,0.5,0.25,0.25,0.25
202506291629,133,Adversary,Verbal,0.5,0,2,0,0.0,0,-1,1,1,0,0,EN,,,,,,,,,,,1,1,1,1724,0.5,0.5,0.5,0.5,0.5,0.5,0.5,0.5,0.5,0.5,0.5
202506291629,134,Adversary,Verbal,0.5,0,2,0,0.0,1,-1,1,1,1,1,EN,,,,,,,,,,,1,1,1,1725,0.5,0.5,0.5,0.5,0.5,0.5,0.5,0.5,0.75,0.75,0.75
202506291629,135,Adversary,Verbal,0.5,0,2,0,0.0,2,-1,1,1,0,0,EN,,,,,,,,,,,-1,1,1,1726,0.5,0.5,0.5,0.5,0.5,0.5,0.5,0.5,0.5,0.5,0.5
202506291629,136,Adversary,Verbal,0.5,1,2,0,0.0,2,1,-1,1,1,0,EN,,,,,,,,,,,1,1,1,1727,0.5,0.5,0.5,0.5,0.5,0.5,0.5,0.5,0.5,0.5,0.5
202506291629,137,Partner,Verbal,0.5,0,2,0,0.0,0,1,1,1,1,1,EN,,,,,,,,,,,-1,0,1,1728,0.5,0.5,0.5,0.5,0.5,0.5,0.5,0.5,0.5,0.5,0.5
202506291629,138,Partner,Verbal,0.5,0,2,0,0.0,1,-1,-1,1,1,0,EN,,,,,,,,,,,1,-1,1,1729,0.5,0.5,0.5,0.5,0.5,0.5,0.5,0.5,0.5,0.5,0.5
202506291629,139,Partner,Verbal,0.5,0,2,0,0.0,2,1,1,1,1,1,EN,,,,,,,,,,,1,1,1,1730,0.5,0.5,0.5,0.5,0.5,0.5,0.5,0.5,0.5,0.5,0.5
202506291629,140,Partner,Verbal,0.5,1,2,0,0.0,2,0,0,1,1,-1,EN,,,,,,,,,,,1,1,1,1731,0.5,0.5,0.5,0.5,0.5,0.5,0.5,0.5,0.5,0.5,0.5
202506291629,141,Adversary,Verbal,0.5,0,2,0,0.0,0,1,-1,1,0,1,EN,,,,,,,,,,,-1,1,1,1732,0.5,0.5,0.5,0.5,0.5,0.5,0.5,0.5,0.5,0.5,0.5
202506291629,142,Adversary,Verbal,0.5,0,2,0,0.0,1,0,0,1,0,-1,EN,,,,,,,,,,,1,-1,1,1733,0.5,0.5,0.5,0.5,0.5,0.5,0.5,0.5,0.5,0.5,0.5
202506291629,143,Adversary,Verbal,0.5,0,2,0,0.0,2,-1,1,1,0,0,EN,,,,,,,,,,,1,1,1,1734,0.5,0.5,0.5,0.5,0.5,0.5,0.5,0.5,0.5,0.5,0.5
202506291629,144,Adversary,Verbal,0.5,1,2,0,0.0,2,1,-1,1,0,1,EN,,,,,,,,,,,1,1,1,1735,0.5,0.5,0.5,0.5,0.5,0.5,0.5,0.5,0.75,0.75,0.75
202506291629,145,Partner,Verbal,0.5,0,2,0,0.0,0,0,0,1,0,-1,EN,,,,,,,,,,,-1,1,1,1736,0.5,0.5,0.5,0.5,0.5,0.5,0.5,0.5,0.5,0.5,0.5
202506291629,146,Partner,Verbal,0.5,0,2,0,0.0,1,1,1,1,0,0,EN,,,,,,,,,,,-1,1,1,1737,0.5,0.5,0.5,0.5,0.5,0.5,0.5,0.5,0.5,0.5,0.5
202506300852,1,Partner,Verbal,0.5,0,2,0,0.0,0,-1,-1,0,0,0,EN,,,,,,,,,,,1,1,1,1738,0.5,0.5,0.5,0.5,0.5,0.5,0.5,0.5,0.5,0.5,0.5
202506300852,2,Partner,Verbal,0.5,0,2,0,0.0,1,1,1,0,1,0,EN,,,,,,,,,,,-1,-1,1,1739,0.5,0.5,0.5,0.5,0.5,0.5,0.5,0.5,0.5,0.5,0.5
202506300852,3,Partner,Verbal,0.5,0,2,0,0.0,2,-1,-1,0,1,1,EN,,,,,,,,,,,-1,-1,1,1740,0.5,0.5,0.5,0.5,0.5,0.5,0.5,0.5,0.5,0.5,0.5
202506300852,5,Adversary,Verbal,0.5,0,2,0,0.0,0,-1,1,0,1,0,EN,,,,,,,,,,,-1,-1,1,1741,0.5,0.5,0.5,0.5,0.5,0.5,0.5,0.5,0.5,0.5,0.5
202506300852,6,Adversary,Verbal,0.5,0,2,0,0.0,1,1,-1,0,0,0,EN,,,,,,,,,,,-1,1,1,1742,0.5,0.5,0.5,0.5,0.5,0.5,0.5,0.5,0.5,0.5,0.5
202506300852,7,Adversary,Verbal,0.5,0,2,0,0.0,2,1,-1,0,0,0,EN,,,,,,,,,,,1,1,1,1743,0.5,0.5,0.5,0.5,0.5,0.5,0.5,0.5,0.5,0.5,0.5
202506300852,8,Adversary,Verbal,0.5,1,2,0,0.0,2,0,0,0,1,-1,EN,,,,,,,,,,,1,-1,1,1744,0.5,0.5,0.5,0.5,0.5,0.5,0.5,0.5,0.5,0.5,0.5
202506300953,1,Partner,Verbal,0.5,0,2,0,0.0,0,1,1,0,1,0,EN,,,,,,,,,,,-1,1,1,1745,0.5,0.5,0.5,0.5,0.5,0.5,0.5,0.5,0.5,0.5,0.5
202506300953,2,Partner,Verbal,0.5,0,2,0,0.0,1,0,0,0,1,-1,EN,,,,,,,,,,,-1,1,1,1746,0.5,0.5,0.5,0.5,0.5,0.5,0.5,0.5,0.5,0.5,0.5
202506300953,3,Partner,Verbal,0.5,0,2,0,0.0,2,1,1,0,0,1,EN,,,,,,,,,,,1,-1,1,1747,0.5,0.5,0.5,0.5,0.5,0.5,0.5,0.5,0.5,0.5,0.5
202506300953,4,Partner,Verbal,0.5,1,2,0,0.0,2,1,1,0,1,0,EN,,,,,,,,,,,-1,1,1,1748,0.5,0.5,0.5,0.5,0.5,0.5,0.5,0.5,0.5,0.5,0.5
202506300953,5,Adversary,Verbal,0.5,0,2,0,0.0,0,-1,1,0,1,0,EN,,,,,,,,,,,-1,-1,1,1749,0.5,0.5,0.5,0.5,0.5,0.5,0.5,0.5,0.5,0.5,0.5
202506300953,6,Adversary,Verbal,0.5,0,2,0,0.0,1,1,-1,0,1,1,EN,,,,,,,,,,,1,1,1,1750,0.5,0.5,0.5,0.5,0.5,0.5,0.5,0.5,0.5,0.5,0.5
202506300953,7,Adversary,Verbal,0.5,0,2,0,0.0,2,-1,1,0,1,0,EN,,,,,,,,,,,-1,-1,1,1751,0.5,0.5,0.5,0.5,0.5,0.5,0.5,0.5,0.5,0.5,0.5
202506300953,8,Adversary,Verbal,0.5,1,2,0,0.0,2,0,0,0,0,-1,EN,,,,,,,,,,,1,1,1,1752,0.5,0.5,0.5,0.5,0.5,0.5,0.5,0.5,0.5,0.5,0.5
202506300953,9,Partner,Verbal,0.5,0,2,0,0.0,0,1,1,1,0,0,EN,,,,,,,,,,,1,1,1,1753,0.5,0.5,0.5,0.5,0.5,0.5,0.5,0.5,0.5,0.5,0.5
202506300953,10,Partner,Verbal,0.5,0,2,0,0.0,1,1,1,1,0,0,EN,,,,,,,,,,,1,1,1,1754,0.5,0.5,0.5,0.5,0.5,0.5,0.5,0.5,0.5,0.5,0.5
202506300953,11,Partner,Verbal,0.5,0,2,0,0.0,2,0,0,1,1,-1,EN,,,,,,,,,,,-1,-1,1,1755,0.5,0.5,0.5,0.5,0.5,0.5,0.5,0.5,0.5,0.5,0.5
202506300953,12,Partner,Verbal,0.5,1,2,0,0.0,2,0,0,1,1,-1,EN,,,,,,,,,,,-1,1,1,1756,0.5,0.5,0.5,0.5,0.5,0.5,0.5,0.5,0.5,0.5,0.5
202506300953,13,Adversary,Verbal,0.5,0,2,0,0.0,0,-1,1,1,0,0,EN,,,,,,,,,,,-1,-1,1,1757,0.5,0.5,0.5,0.5,0.5,0.5,0.5,0.5,0.5,0.5,0.5
202506300953,14,Adversary,Verbal,0.5,0,2,0,0.0,1,1,-1,1,1,0,EN,,,,,,,,,,,1,1,1,1758,0.5,0.5,0.5,0.5,0.5,0.5,0.5,0.5,0.75,0.75,0.75
202506300953,15,Adversary,Verbal,0.5,0,2,0,0.0,2,-1,1,1,1,1,EN,,,,,,,,,,,-1,1,1,1759,0.5,0.5,0.5,0.5,0.5,0.5,0.5,0.5,0.5,0.5,0.5
202506300953,16,Adversary,Verbal,0.5,1,2,0,0.0,2,-1,1,1,0,0,EN,,,,,,,,,,,-1,1,1,1760,0.5,0.5,0.5,0.5,0.5,0.5,0.5,0.5,0.5,0.5,0.5
202506300953,17,Partner,Verbal,0.5,0,2,0,0.0,0,0,0,1,1,-1,EN,,,,,,,,,,,-1,-1,1,1761,0.5,0.5,0.5,0.5,0.5,0.5,0.5,0.5,0.5,0.5,0.5
202506300953,19,Partner,Verbal,0.5,0,2,0,0.0,2,-1,-1,1,1,0,EN,,,,,,,,,,,1,-1,1,1762,0.5,0.5,0.5,0.5,0.5,0.5,0.5,0.5,0.5,0.5,0.5
202506300953,20,Partner,Verbal,0.5,1,2,0,0.0,2,1,1,1,0,0,EN,,,,,,,,,,,1,-1,1,1763,0.5,0.5,0.5,0.5,0.5,0.5,0.5,0.5,0.5,0.5,0.5
202506300953,21,Adversary,Verbal,0.5,0,2,0,0.0,0,1,-1,1,1,0,EN,,,,,,,,,,,-1,1,1,1764,0.5,0.5,0.5,0.5,0.5,0.5,0.5,0.5,0.5,0.5,0.5
202506300953,22,Adversary,Verbal,0.5,0,2,0,0.0,1,-1,1,1,0,0,EN,,,,,,,,,,,-1,1,1,1765,0.5,0.5,0.5,0.5,0.5,0.5,0.5,0.5,0.5,0.5,0.5
202506300953,23,Adversary,Verbal,0.5,0,2,0,0.0,2,1,-1,1,1,0,EN,,,,,,,,,,,-1,1,1,1766,0.5,0.5,0.5,0.5,0.5,0.5,0.5,0.5,0.5,0.5,0.5
202506300953,24,Adversary,Verbal,0.5,1,2,0,0.0,2,0,0,1,0,-1,EN,,,,,,,,,,,-1,-1,1,1767,0.5,0.5,0.5,0.5,0.5,0.5,0.5,0.5,0.5,0.5,0.5
202506300953,25,Partner,Verbal,0.5,0,2,0,0.0,0,1,1,1,0,0,EN,,,,,,,,,,,-1,-1,1,1768,0.5,0.5,0.5,0.5,0.5,0.5,0.5,0.5,0.5,0.5,0.5
202506300953,27,Partner,Verbal,0.5,0,2,0,0.0,2,-1,-1,1,1,0,EN,,,,,,,,,,,-1,0,1,1769,0.5,0.5,0.5,0.5,0.5,0.5,0.5,0.5,0.75,0.75,0.75
202506300953,28,Partner,Verbal,0.5,1,2,0,0.0,2,-1,-1,1,1,0,EN,,,,,,,,,,,-1,1,1,1770,0.5,0.5,0.5,0.5,0.5,0.5,0.5,0.5,0.25,0.25,0.25
202506300953,30,Adversary,Verbal,0.5,0,2,0,0.0,1,-1,1,1,1,1,EN,,,,,,,,,,,1,1,1,1771,0.5,0.5,0.5,0.5,0.5,0.5,0.5,0.5,0.5,0.5,0.5
202506300953,31,Adversary,Verbal,0.5,0,2,0,0.0,2,1,-1,1,1,0,EN,,,,,,,,,,,-1,-1,1,1772,0.5,0.5,0.5,0.5,0.5,0.5,0.5,0.5,0.5,0.5,0.5
202506300953,32,Adversary,Verbal,0.5,1,2,0,0.0,2,-1,1,1,0,0,EN,,,,,,,,,,,-1,1,1,1773,0.5,0.5,0.5,0.5,0.5,0.5,0.5,0.5,0.5,0.5,0.5
202506300953,33,Partner,Verbal,0.5,0,2,0,0.0,0,1,1,1,0,0,EN,,,,,,,,,,,-1,-1,1,1774,0.5,0.5,0.5,0.5,0.5,0.5,0.5,0.5,0.5,0.5,0.5
202506300953,34,Partner,Verbal,0.5,0,2,0,0.0,1,-1,-1,1,1,0,EN,,,,,,,,,,,-1,-1,1,1775,0.5,0.5,0.5,0.5,0.5,0.5,0.5,0.5,0.5,0.5,0.5
202506300953,35,Partner,Verbal,0.5,0,2,0,0.0,2,0,0,1,0,-1,EN,,,,,,,,,,,-1,-1,1,1776,0.5,0.5,0.5,0.5,0.5,0.5,0.5,0.5,0.25,0.25,0.25
202506300953,36,Partner,Verbal,0.5,1,2,0,0.0,2,1,1,1,0,0,EN,,,,,,,,,,,-1,1,1,1777,0.5,0.5,0.5,0.5,0.5,0.5,0.5,0.5,0.5,0.5,0.5
202506300953,37,Adversary,Verbal,0.5,0,2,0,0.0,0,0,0,1,0,-1,EN,,,,,,,,,,,-1,1,1,1778,0.5,0.5,0.5,0.5,0.5,0.5,0.5,0.5,0.5,0.5,0.5
202506300953,38,Adversary,Verbal,0.5,0,2,0,0.0,1,-1,1,1,0,0,EN,,,,,,,,,,,-1,-1,1,1779,0.5,0.5,0.5,0.5,0.5,0.5,0.5,0.5,0.5,0.5,0.5
202506300953,39,Adversary,Verbal,0.5,0,2,0,0.0,2,0,0,1,0,-1,EN,,,,,,,,,,,1,-1,1,1780,0.5,0.5,0.5,0.5,0.5,0.5,0.5,0.5,0.5,0.5,0.5
202506300953,40,Adversary,Verbal,0.5,1,2,0,0.0,2,1,-1,1,0,1,EN,,,,,,,,,,,-1,-1,1,1781,0.5,0.5,0.5,0.5,0.5,0.5,0.5,0.5,0.5,0.5,0.5
202506300953,41,Partner,Verbal,0.5,0,2,0,0.0,0,-1,-1,1,1,0,EN,,,,,,,,,,,-1,-1,1,1782,0.5,0.5,0.5,0.5,0.5,0.5,0.5,0.5,0.5,0.5,0.5
202506300953,42,Partner,Verbal,0.5,0,2,0,0.0,1,-1,-1,1,1,0,EN,,,,,,,,,,,-1,0,1,1783,0.5,0.5,0.5,0.5,0.5,0.5,0.5,0.5,0.5,0.5,0.5
202506300953,43,Partner,Verbal,0.5,0,2,0,0.0,2,1,1,1,0,0,EN,,,,,,,,,,,1,-1,1,1784,0.5,0.5,0.5,0.5,0.5,0.5,0.5,0.5,0.5,0.5,0.5
202506300953,44,Partner,Verbal,0.5,1,2,0,0.0,2,-1,-1,1,1,0,EN,,,,,,,,,,,1,-1,1,1785,0.5,0.5,0.5,0.5,0.5,0.5,0.5,0.5,0.5,0.5,0.5
202506300953,45,Adversary,Verbal,0.5,0,2,0,0.0,0,1,-1,1,1,0,EN,,,,,,,,,,,1,-1,1,1786,0.5,0.5,0.5,0.5,0.5,0.5,0.5,0.5,0.5,0.5,0.5
202506300953,46,Adversary,Verbal,0.5,0,2,0,0.0,1,-1,1,1,1,1,EN,,,,,,,,,,,1,1,1,1787,0.5,0.5,0.5,0.5,0.5,0.5,0.5,0.5,0.5,0.5,0.5
202506300953,47,Adversary,Verbal,0.5,0,2,0,0.0,2,1,-1,1,1,0,EN,,,,,,,,,,,1,1,1,1788,0.5,0.5,0.5,0.5,0.5,0.5,0.5,0.5,0.5,0.5,0.5
202506300953,48,Adversary,Verbal,0.5,1,2,0,0.0,2,0,0,1,0,-1,EN,,,,,,,,,,,1,1,1,1789,0.5,0.5,0.5,0.5,0.5,0.5,0.5,0.5,0.5,0.5,0.5
202506300953,50,Partner,Verbal,0.5,0,2,0,0.0,1,-1,-1,1,1,0,EN,,,,,,,,,,,1,1,1,1790,0.5,0.5,0.5,0.5,0.5,0.5,0.5,0.5,0.5,0.5,0.5
202506300953,52,Partner,Verbal,0.5,1,2,0,0.0,2,0,0,1,0,-1,EN,,,,,,,,,,,-1,-1,1,1791,0.5,0.5,0.5,0.5,0.5,0.5,0.5,0.5,0.5,0.5,0.5
202506300953,53,Adversary,Verbal,0.5,0,2,0,0.0,0,1,-1,1,0,1,EN,,,,,,,,,,,-1,1,1,1792,0.5,0.5,0.5,0.5,0.5,0.5,0.5,0.5,0.5,0.5,0.5
202506300953,54,Adversary,Verbal,0.5,0,2,0,0.0,1,-1,1,1,0,0,EN,,,,,,,,,,,1,1,1,1793,0.5,0.5,0.5,0.5,0.5,0.5,0.5,0.5,0.5,0.5,0.5
202506300953,55,Adversary,Verbal,0.5,0,2,0,0.0,2,-1,1,1,1,1,EN,,,,,,,,,,,-1,-1,1,1794,0.5,0.5,0.5,0.5,0.5,0.5,0.5,0.5,0.25,0.25,0.25
202506300953,56,Adversary,Verbal,0.5,1,2,0,0.0,2,0,0,1,1,-1,EN,,,,,,,,,,,1,1,1,1795,0.5,0.5,0.5,0.5,0.5,0.5,0.5,0.5,0.5,0.5,0.5
202506300953,57,Partner,Verbal,0.5,0,2,0,0.0,0,0,0,1,0,-1,EN,,,,,,,,,,,-1,1,1,1796,0.5,0.5,0.5,0.5,0.5,0.5,0.5,0.5,0.5,0.5,0.5
202506300953,58,Partner,Verbal,0.5,0,2,0,0.0,1,-1,-1,1,1,0,EN,,,,,,,,,,,1,-1,1,1797,0.5,0.5,0.5,0.5,0.5,0.5,0.5,0.5,0.5,0.5,0.5
202506300953,59,Partner,Verbal,0.5,0,2,0,0.0,2,-1,-1,1,1,0,EN,,,,,,,,,,,-1,1,1,1798,0.5,0.5,0.5,0.5,0.5,0.5,0.5,0.5,0.75,0.75,0.75
202506300953,60,Partner,Verbal,0.5,1,2,0,0.0,2,1,1,1,0,0,EN,,,,,,,,,,,-1,1,1,1799,0.5,0.5,0.5,0.5,0.5,0.5,0.5,0.5,0.5,0.5,0.5
202506300953,61,Adversary,Verbal,0.5,0,2,0,0.0,0,-1,1,1,0,0,EN,,,,,,,,,,,-1,-1,1,1800,0.5,0.5,0.5,0.5,0.5,0.5,0.5,0.5,0.5,0.5,0.5
202506300953,62,Adversary,Verbal,0.5,0,2,0,0.0,1,-1,1,1,0,0,EN,,,,,,,,,,,1,-1,1,1801,0.5,0.5,0.5,0.5,0.5,0.5,0.5,0.5,0.25,0.25,0.25
202506300953,63,Adversary,Verbal,0.5,0,2,0,0.0,2,1,-1,1,1,0,EN,,,,,,,,,,,1,1,1,1802,0.5,0.5,0.5,0.5,0.5,0.5,0.5,0.5,0.5,0.5,0.5
202506300953,64,Adversary,Verbal,0.5,1,2,0,0.0,2,-1,1,1,1,1,EN,,,,,,,,,,,-1,1,1,1803,0.5,0.5,0.5,0.5,0.5,0.5,0.5,0.5,0.5,0.5,0.5
202506300953,65,Partner,Verbal,0.5,0,2,0,0.0,0,1,1,1,0,0,EN,,,,,,,,,,,-1,-1,1,1804,0.5,0.5,0.5,0.5,0.5,0.5,0.5,0.5,0.5,0.5,0.5
202506300953,67,Partner,Verbal,0.5,0,2,0,0.0,2,0,0,1,0,-1,EN,,,,,,,,,,,-1,1,1,1805,0.5,0.5,0.5,0.5,0.5,0.5,0.5,0.5,0.5,0.5,0.5
202506300953,68,Partner,Verbal,0.5,1,2,0,0.0,2,0,0,1,1,-1,EN,,,,,,,,,,,1,-1,1,1806,0.5,0.5,0.5,0.5,0.5,0.5,0.5,0.5,0.75,0.75,0.75
202506300953,69,Adversary,Verbal,0.5,0,2,0,0.0,0,1,-1,1,1,0,EN,,,,,,,,,,,-1,-1,1,1807,0.5,0.5,0.5,0.5,0.5,0.5,0.5,0.5,0.5,0.5,0.5
202506300953,71,Adversary,Verbal,0.5,0,2,0,0.0,2,0,0,1,1,-1,EN,,,,,,,,,,,1,-1,1,1808,0.5,0.5,0.5,0.5,0.5,0.5,0.5,0.5,0.5,0.5,0.5
202506300953,72,Adversary,Verbal,0.5,1,2,0,0.0,2,0,0,1,0,-1,EN,,,,,,,,,,,-1,-1,1,1809,0.5,0.5,0.5,0.5,0.5,0.5,0.5,0.5,0.5,0.5,0.5
202506300953,74,Partner,Verbal,0.5,0,2,0,0.0,1,1,1,1,0,0,EN,,,,,,,,,,,1,1,1,1810,0.5,0.5,0.5,0.5,0.5,0.5,0.5,0.5,0.5,0.5,0.5
202506300953,75,Partner,Verbal,0.5,0,2,0,0.0,2,1,1,1,0,0,EN,,,,,,,,,,,-1,-1,1,1811,0.5,0.5,0.5,0.5,0.5,0.5,0.5,0.5,0.5,0.5,0.5
202506300953,76,Partner,Verbal,0.5,1,2,0,0.0,2,-1,-1,1,1,0,EN,,,,,,,,,,,-1,0,1,1812,0.5,0.5,0.5,0.5,0.5,0.5,0.5,0.5,0.5,0.5,0.5
202506300953,77,Adversary,Verbal,0.5,0,2,0,0.0,0,0,0,1,1,-1,EN,,,,,,,,,,,-1,1,1,1813,0.5,0.5,0.5,0.5,0.5,0.5,0.5,0.5,0.5,0.5,0.5
202506300953,78,Adversary,Verbal,0.5,0,2,0,0.0,1,-1,1,1,0,0,EN,,,,,,,,,,,-1,-1,1,1814,0.5,0.5,0.5,0.5,0.5,0.5,0.5,0.5,0.5,0.5,0.5
202506300953,79,Adversary,Verbal,0.5,0,2,0,0.0,2,-1,1,1,0,0,EN,,,,,,,,,,,-1,1,1,1815,0.5,0.5,0.5,0.5,0.5,0.5,0.5,0.5,0.5,0.5,0.5
202506300953,80,Adversary,Verbal,0.5,1,2,0,0.0,2,-1,1,1,0,0,EN,,,,,,,,,,,-1,-1,1,1816,0.5,0.5,0.5,0.5,0.5,0.5,0.5,0.5,0.5,0.5,0.5
202506300953,82,Partner,Verbal,0.5,0,2,0,0.0,1,1,1,1,0,0,EN,,,,,,,,,,,1,1,1,1817,0.5,0.5,0.5,0.5,0.5,0.5,0.5,0.5,0.5,0.5,0.5
202506300953,83,Partner,Verbal,0.5,0,2,0,0.0,2,-1,-1,1,1,0,EN,,,,,,,,,,,-1,-1,1,1818,0.5,0.5,0.5,0.5,0.5,0.5,0.5,0.5,0.75,0.75,0.75
202506300953,84,Partner,Verbal,0.5,1,2,0,0.0,2,-1,-1,1,1,0,EN,,,,,,,,,,,-1,1,1,1819,0.5,0.5,0.5,0.5,0.5,0.5,0.5,0.5,0.5,0.5,0.5
202506300953,85,Adversary,Verbal,0.5,0,2,0,0.0,0,-1,1,1,0,0,EN,,,,,,,,,,,-1,1,1,1820,0.5,0.5,0.5,0.5,0.5,0.5,0.5,0.5,0.5,0.5,0.5
202506300953,86,Adversary,Verbal,0.5,0,2,0,0.0,1,1,-1,1,1,0,EN,,,,,,,,,,,1,1,1,1821,0.5,0.5,0.5,0.5,0.5,0.5,0.5,0.5,0.5,0.5,0.5
202506300953,87,Adversary,Verbal,0.5,0,2,0,0.0,2,1,-1,1,1,0,EN,,,,,,,,,,,-1,-1,1,1822,0.5,0.5,0.5,0.5,0.5,0.5,0.5,0.5,0.5,0.5,0.5
202506300953,88,Adversary,Verbal,0.5,1,2,0,0.0,2,0,0,1,0,-1,EN,,,,,,,,,,,1,1,1,1823,0.5,0.5,0.5,0.5,0.5,0.5,0.5,0.5,0.5,0.5,0.5
202506300953,89,Partner,Verbal,0.5,0,2,0,0.0,0,0,0,1,1,-1,EN,,,,,,,,,,,-1,-1,1,1824,0.5,0.5,0.5,0.5,0.5,0.5,0.5,0.5,0.5,0.5,0.5
202506300953,90,Partner,Verbal,0.5,0,2,0,0.0,1,1,1,1,0,0,EN,,,,,,,,,,,-1,1,1,1825,0.5,0.5,0.5,0.5,0.5,0.5,0.5,0.5,0.25,0.25,0.25
202506300953,91,Partner,Verbal,0.5,0,2,0,0.0,2,0,0,1,1,-1,EN,,,,,,,,,,,-1,1,1,1826,0.5,0.5,0.5,0.5,0.5,0.5,0.5,0.5,0.5,0.5,0.5
202506300953,92,Partner,Verbal,0.5,1,2,0,0.0,2,-1,-1,1,1,0,EN,,,,,,,,,,,1,1,1,1827,0.5,0.5,0.5,0.5,0.5,0.5,0.5,0.5,0.5,0.5,0.5
202506300953,93,Adversary,Verbal,0.5,0,2,0,0.0,0,1,-1,1,1,0,EN,,,,,,,,,,,-1,-1,1,1828,0.5,0.5,0.5,0.5,0.5,0.5,0.5,0.5,0.5,0.5,0.5
202506300953,94,Adversary,Verbal,0.5,0,2,0,0.0,1,1,-1,1,1,0,EN,,,,,,,,,,,-1,1,1,1829,0.5,0.5,0.5,0.5,0.5,0.5,0.5,0.5,0.75,0.75,0.75
202506300953,95,Adversary,Verbal,0.5,0,2,0,0.0,2,0,0,1,1,-1,EN,,,,,,,,,,,-1,-1,1,1830,0.5,0.5,0.5,0.5,0.5,0.5,0.5,0.5,0.5,0.5,0.5
202506300953,96,Adversary,Verbal,0.5,1,2,0,0.0,2,-1,1,1,0,0,EN,,,,,,,,,,,-1,1,1,1831,0.5,0.5,0.5,0.5,0.5,0.5,0.5,0.5,0.5,0.5,0.5
202506300953,97,Partner,Verbal,0.5,0,2,0,0.0,0,1,1,1,0,0,EN,,,,,,,,,,,1,-1,1,1832,0.5,0.5,0.5,0.5,0.5,0.5,0.5,0.5,0.5,0.5,0.5
202506300953,98,Partner,Verbal,0.5,0,2,0,0.0,1,1,1,1,0,0,EN,,,,,,,,,,,1,1,1,1833,0.5,0.5,0.5,0.5,0.5,0.5,0.5,0.5,0.5,0.5,0.5
202506300953,99,Partner,Verbal,0.5,0,2,0,0.0,2,1,1,1,0,0,EN,,,,,,,,,,,1,-1,1,1834,0.5,0.5,0.5,0.5,0.5,0.5,0.5,0.5,0.5,0.5,0.5
202506300953,100,Partner,Verbal,0.5,1,2,0,0.0,2,-1,-1,1,1,0,EN,,,,,,,,,,,-1,-1,1,1835,0.5,0.5,0.5,0.5,0.5,0.5,0.5,0.5,0.5,0.5,0.5
202506300953,101,Adversary,Verbal,0.5,0,2,0,0.0,0,-1,1,1,0,0,EN,,,,,,,,,,,-1,1,1,1836,0.5,0.5,0.5,0.5,0.5,0.5,0.5,0.5,0.5,0.5,0.5
202506300953,102,Adversary,Verbal,0.5,0,2,0,0.0,1,1,-1,1,1,0,EN,,,,,,,,,,,1,0,1,1837,0.5,0.5,0.5,0.5,0.5,0.5,0.5,0.5,0.75,0.75,0.75
202506300953,103,Adversary,Verbal,0.5,0,2,0,0.0,2,-1,1,1,0,0,EN,,,,,,,,,,,1,1,1,1838,0.5,0.5,0.5,0.5,0.5,0.5,0.5,0.5,0.5,0.5,0.5
202506300953,104,Adversary,Verbal,0.5,1,2,0,0.0,2,1,-1,1,1,0,EN,,,,,,,,,,,-1,-1,1,1839,0.5,0.5,0.5,0.5,0.5,0.5,0.5,0.5,0.5,0.5,0.5
202506300953,105,Partner,Verbal,0.5,0,2,0,0.0,0,-1,-1,1,1,0,EN,,,,,,,,,,,-1,1,1,1840,0.5,0.5,0.5,0.5,0.5,0.5,0.5,0.5,0.5,0.5,0.5
202506300953,106,Partner,Verbal,0.5,0,2,0,0.0,1,-1,-1,1,1,0,EN,,,,,,,,,,,-1,1,1,1841,0.5,0.5,0.5,0.5,0.5,0.5,0.5,0.5,0.5,0.5,0.5
202506300953,107,Partner,Verbal,0.5,0,2,0,0.0,2,-1,-1,1,1,0,EN,,,,,,,,,,,-1,-1,1,1842,0.5,0.5,0.5,0.5,0.5,0.5,0.5,0.5,0.5,0.5,0.5
202506300953,108,Partner,Verbal,0.5,1,2,0,0.0,2,-1,-1,1,0,1,EN,,,,,,,,,,,1,1,1,1843,0.5,0.5,0.5,0.5,0.5,0.5,0.5,0.5,0.5,0.5,0.5
202506300953,111,Adversary,Verbal,0.5,0,2,0,0.0,2,1,-1,1,1,0,EN,,,,,,,,,,,1,1,1,1844,0.5,0.5,0.5,0.5,0.5,0.5,0.5,0.5,0.5,0.5,0.5
202506300953,112,Adversary,Verbal,0.5,1,2,0,0.0,2,1,-1,1,1,0,EN,,,,,,,,,,,1,-1,1,1845,0.5,0.5,0.5,0.5,0.5,0.5,0.5,0.5,0.5,0.5,0.5
202506300953,113,Partner,Verbal,0.5,0,2,0,0.0,0,-1,-1,1,1,0,EN,,,,,,,,,,,-1,1,1,1846,0.5,0.5,0.5,0.5,0.5,0.5,0.5,0.5,0.5,0.5,0.5
202506300953,114,Partner,Verbal,0.5,0,2,0,0.0,1,0,0,1,0,-1,EN,,,,,,,,,,,1,-1,1,1847,0.5,0.5,0.5,0.5,0.5,0.5,0.5,0.5,0.5,0.5,0.5
202506300953,115,Partner,Verbal,0.5,0,2,0,0.0,2,1,1,1,0,0,EN,,,,,,,,,,,-1,1,1,1848,0.5,0.5,0.5,0.5,0.5,0.5,0.5,0.5,0.5,0.5,0.5
202506300953,116,Partner,Verbal,0.5,1,2,0,0.0,2,-1,-1,1,1,0,EN,,,,,,,,,,,-1,1,1,1849,0.5,0.5,0.5,0.5,0.5,0.5,0.5,0.5,0.5,0.5,0.5
202506300953,118,Adversary,Verbal,0.5,0,2,0,0.0,1,-1,1,1,1,1,EN,,,,,,,,,,,0,-1,1,1850,0.5,0.5,0.5,0.5,0.5,0.5,0.5,0.5,0.5,0.5,0.5
202506300953,120,Adversary,Verbal,0.5,1,2,0,0.0,2,-1,1,1,0,0,EN,,,,,,,,,,,1,1,1,1851,0.5,0.5,0.5,0.5,0.5,0.5,0.5,0.5,0.5,0.5,0.5
202506300953,121,Partner,Verbal,0.5,0,2,0,0.0,0,1,1,1,0,0,EN,,,,,,,,,,,1,-1,1,1852,0.5,0.5,0.5,0.5,0.5,0.5,0.5,0.5,0.5,0.5,0.5
202506300953,122,Partner,Verbal,0.5,0,2,0,0.0,1,0,0,1,1,-1,EN,,,,,,,,,,,-1,-1,1,1853,0.5,0.5,0.5,0.5,0.5,0.5,0.5,0.5,0.5,0.5,0.5
202506300953,123,Partner,Verbal,0.5,0,2,0,0.0,2,1,1,1,0,0,EN,,,,,,,,,,,-1,-1,1,1854,0.5,0.5,0.5,0.5,0.5,0.5,0.5,0.5,0.5,0.5,0.5
202506300953,124,Partner,Verbal,0.5,1,2,0,0.0,2,1,1,1,0,0,EN,,,,,,,,,,,-1,1,1,1855,0.5,0.5,0.5,0.5,0.5,0.5,0.5,0.5,0.75,0.75,0.75
202506300953,125,Adversary,Verbal,0.5,0,2,0,0.0,0,0,0,1,0,-1,EN,,,,,,,,,,,-1,-1,1,1856,0.5,0.5,0.5,0.5,0.5,0.5,0.5,0.5,0.5,0.5,0.5
202506300953,126,Adversary,Verbal,0.5,0,2,0,0.0,1,1,-1,1,1,0,EN,,,,,,,,,,,-1,1,1,1857,0.5,0.5,0.5,0.5,0.5,0.5,0.5,0.5,0.5,0.5,0.5
202506300953,128,Adversary,Verbal,0.5,1,2,0,0.0,2,1,-1,1,1,0,EN,,,,,,,,,,,-1,1,1,1858,0.5,0.5,0.5,0.5,0.5,0.5,0.5,0.5,0.5,0.5,0.5
202506300953,129,Partner,Verbal,0.5,0,2,0,0.0,0,1,1,1,0,0,EN,,,,,,,,,,,-1,-1,1,1859,0.5,0.5,0.5,0.5,0.5,0.5,0.5,0.5,0.5,0.5,0.5
202506300953,130,Partner,Verbal,0.5,0,2,0,0.0,1,-1,-1,1,1,0,EN,,,,,,,,,,,1,1,1,1860,0.5,0.5,0.5,0.5,0.5,0.5,0.5,0.5,0.5,0.5,0.5
202506300953,132,Partner,Verbal,0.5,1,2,0,0.0,2,1,1,1,0,0,EN,,,,,,,,,,,1,-1,1,1861,0.5,0.5,0.5,0.5,0.5,0.5,0.5,0.5,0.5,0.5,0.5
202506300953,133,Adversary,Verbal,0.5,0,2,0,0.0,0,1,-1,1,1,0,EN,,,,,,,,,,,-1,1,1,1862,0.5,0.5,0.5,0.5,0.5,0.5,0.5,0.5,0.5,0.5,0.5
202506300953,134,Adversary,Verbal,0.5,0,2,0,0.0,1,-1,1,1,0,0,EN,,,,,,,,,,,1,1,1,1863,0.5,0.5,0.5,0.5,0.5,0.5,0.5,0.5,0.5,0.5,0.5
202506300953,135,Adversary,Verbal,0.5,0,2,0,0.0,2,1,-1,1,1,0,EN,,,,,,,,,,,1,1,1,1864,0.5,0.5,0.5,0.5,0.5,0.5,0.5,0.5,0.5,0.5,0.5
202506300953,136,Adversary,Verbal,0.5,1,2,0,0.0,2,-1,1,1,1,1,EN,,,,,,,,,,,1,1,1,1865,0.5,0.5,0.5,0.5,0.5,0.5,0.5,0.5,0.5,0.5,0.5
202506300953,137,Partner,Verbal,0.5,0,2,0,0.0,0,-1,-1,1,1,0,EN,,,,,,,,,,,-1,1,1,1866,0.5,0.5,0.5,0.5,0.5,0.5,0.5,0.5,0.5,0.5,0.5
202506300953,138,Partner,Verbal,0.5,0,2,0,0.0,1,1,1,1,1,1,EN,,,,,,,,,,,1,-1,1,1867,0.5,0.5,0.5,0.5,0.5,0.5,0.5,0.5,0.5,0.5,0.5
202506300953,139,Partner,Verbal,0.5,0,2,0,0.0,2,-1,-1,1,1,0,EN,,,,,,,,,,,1,0,1,1868,0.5,0.5,0.5,0.5,0.5,0.5,0.5,0.5,0.75,0.75,0.75
202506300953,140,Partner,Verbal,0.5,1,2,0,0.0,2,1,1,1,0,0,EN,,,,,,,,,,,1,1,1,1869,0.5,0.5,0.5,0.5,0.5,0.5,0.5,0.5,0.5,0.5,0.5
202506300953,141,Adversary,Verbal,0.5,0,2,0,0.0,0,1,-1,1,1,0,EN,,,,,,,,,,,1,-1,1,1870,0.5,0.5,0.5,0.5,0.5,0.5,0.5,0.5,0.5,0.5,0.5
202506300953,142,Adversary,Verbal,0.5,0,2,0,0.0,1,0,0,1,0,-1,EN,,,,,,,,,,,1,1,1,1871,0.5,0.5,0.5,0.5,0.5,0.5,0.5,0.5,0.5,0.5,0.5
202506300953,143,Adversary,Verbal,0.5,0,2,0,0.0,2,0,0,1,0,-1,EN,,,,,,,,,,,-1,1,1,1872,0.5,0.5,0.5,0.5,0.5,0.5,0.5,0.5,0.5,0.5,0.5
202506300953,144,Adversary,Verbal,0.5,1,2,0,0.0,2,0,0,1,1,-1,EN,,,,,,,,,,,1,-1,1,1873,0.5,0.5,0.5,0.5,0.5,0.5,0.5,0.5,0.5,0.5,0.5
202506300953,145,Partner,Verbal,0.5,0,2,0,0.0,0,1,1,1,0,0,EN,,,,,,,,,,,-1,1,1,1874,0.5,0.5,0.5,0.5,0.5,0.5,0.5,0.5,0.5,0.5,0.5
202506300953,146,Partner,Verbal,0.5,0,2,0,0.0,1,-1,-1,1,1,0,EN,,,,,,,,,,,1,0,1,1875,0.5,0.5,0.5,0.5,0.5,0.5,0.5,0.5,0.5,0.5,0.5
202506300953,147,Partner,Verbal,0.5,0,2,0,0.0,2,-1,-1,1,1,0,EN,,,,,,,,,,,-1,-1,1,1876,0.5,0.5,0.5,0.5,0.5,0.5,0.5,0.5,0.5,0.5,0.5
202506300953,149,Adversary,Verbal,0.5,0,2,0,0.0,0,-1,1,1,0,0,EN,,,,,,,,,,,-1,1,1,1877,0.5,0.5,0.5,0.5,0.5,0.5,0.5,0.5,0.5,0.5,0.5
202506300953,151,Adversary,Verbal,0.5,0,2,0,0.0,2,0,0,1,0,-1,EN,,,,,,,,,,,1,-1,1,1878,0.5,0.5,0.5,0.5,0.5,0.5,0.5,0.5,0.25,0.25,0.25
202506300953,152,Adversary,Verbal,0.5,1,2,0,0.0,2,0,0,1,0,-1,EN,,,,,,,,,,,1,1,1,1879,0.5,0.5,0.5,0.5,0.5,0.5,0.5,0.5,0.5,0.5,0.5
202506300953,153,Partner,Verbal,0.5,0,2,0,0.0,0,-1,-1,1,1,0,EN,,,,,,,,,,,-1,-1,1,1880,0.5,0.5,0.5,0.5,0.5,0.5,0.5,0.5,0.5,0.5,0.5
202506300953,154,Partner,Verbal,0.5,0,2,0,0.0,1,-1,-1,1,0,1,EN,,,,,,,,,,,1,-1,1,1881,0.5,0.5,0.5,0.5,0.5,0.5,0.5,0.5,0.5,0.5,0.5
202506300953,155,Partner,Verbal,0.5,0,2,0,0.0,2,-1,-1,1,0,1,EN,,,,,,,,,,,-1,1,1,1882,0.5,0.5,0.5,0.5,0.5,0.5,0.5,0.5,0.5,0.5,0.5
202506300953,156,Partner,Verbal,0.5,1,2,0,0.0,2,-1,-1,1,0,1,EN,,,,,,,,,,,1,-1,1,1883,0.5,0.5,0.5,0.5,0.5,0.5,0.5,0.5,0.5,0.5,0.5
202506300953,157,Adversary,Verbal,0.5,0,2,0,0.0,0,1,-1,1,0,1,EN,,,,,,,,,,,1,-1,1,1884,0.5,0.5,0.5,0.5,0.5,0.5,0.5,0.5,0.5,0.5,0.5
202506300953,158,Adversary,Verbal,0.5,0,2,0,0.0,1,1,-1,1,1,0,EN,,,,,,,,,,,-1,1,1,1885,0.5,0.5,0.5,0.5,0.5,0.5,0.5,0.5,0.5,0.5,0.5
202506300953,159,Adversary,Verbal,0.5,0,2,0,0.0,2,-1,1,1,0,0,EN,,,,,,,,,,,-1,1,1,1886,0.5,0.5,0.5,0.5,0.5,0.5,0.5,0.5,0.5,0.5,0.5
202506300953,160,Adversary,Verbal,0.5,1,2,0,0.0,2,1,-1,1,1,0,EN,,,,,,,,,,,-1,1,1,1887,0.5,0.5,0.5,0.5,0.5,0.5,0.5,0.5,0.5,0.5,0.5
202506300953,161,Partner,Verbal,0.5,0,2,0,0.0,0,0,0,1,0,-1,EN,,,,,,,,,,,-1,1,1,1888,0.5,0.5,0.5,0.5,0.5,0.5,0.5,0.5,0.5,0.5,0.5
202506300953,162,Partner,Verbal,0.5,0,2,0,0.0,1,-1,-1,1,1,0,EN,,,,,,,,,,,-1,-1,1,1889,0.5,0.5,0.5,0.5,0.5,0.5,0.5,0.5,0.5,0.5,0.5
202506300953,164,Partner,Verbal,0.5,1,2,0,0.0,2,1,1,1,0,0,EN,,,,,,,,,,,-1,1,1,1890,0.5,0.5,0.5,0.5,0.5,0.5,0.5,0.5,0.5,0.5,0.5
202506300953,165,Adversary,Verbal,0.5,0,2,0,0.0,0,0,0,1,0,-1,EN,,,,,,,,,,,-1,1,1,1891,0.5,0.5,0.5,0.5,0.5,0.5,0.5,0.5,0.5,0.5,0.5
202506300953,166,Adversary,Verbal,0.5,0,2,0,0.0,1,1,-1,1,1,0,EN,,,,,,,,,,,1,1,1,1892,0.5,0.5,0.5,0.5,0.5,0.5,0.5,0.5,0.5,0.5,0.5
202506300953,167,Adversary,Verbal,0.5,0,2,0,0.0,2,0,0,1,1,-1,EN,,,,,,,,,,,-1,1,1,1893,0.5,0.5,0.5,0.5,0.5,0.5,0.5,0.5,0.75,0.75,0.75
202506300953,168,Adversary,Verbal,0.5,1,2,0,0.0,2,-1,1,1,0,0,EN,,,,,,,,,,,-1,-1,1,1894,0.5,0.5,0.5,0.5,0.5,0.5,0.5,0.5,0.5,0.5,0.5
202506300953,169,Partner,Verbal,0.5,0,2,0,0.0,0,0,0,1,1,-1,EN,,,,,,,,,,,-1,1,1,1895,0.5,0.5,0.5,0.5,0.5,0.5,0.5,0.5,0.5,0.5,0.5
202506300953,171,Partner,Verbal,0.5,0,2,0,0.0,2,-1,-1,1,1,0,EN,,,,,,,,,,,-1,1,1,1896,0.5,0.5,0.5,0.5,0.5,0.5,0.5,0.5,0.5,0.5,0.5
202506300953,172,Partner,Verbal,0.5,1,2,0,0.0,2,1,1,1,0,0,EN,,,,,,,,,,,1,-1,1,1897,0.5,0.5,0.5,0.5,0.5,0.5,0.5,0.5,0.5,0.5,0.5
202506300953,173,Adversary,Verbal,0.5,0,2,0,0.0,0,0,0,1,1,-1,EN,,,,,,,,,,,-1,-1,1,1898,0.5,0.5,0.5,0.5,0.5,0.5,0.5,0.5,0.5,0.5,0.5
202506300953,174,Adversary,Verbal,0.5,0,2,0,0.0,1,1,-1,1,1,0,EN,,,,,,,,,,,-1,1,1,1899,0.5,0.5,0.5,0.5,0.5,0.5,0.5,0.5,0.5,0.5,0.5
202506300953,176,Adversary,Verbal,0.5,1,2,0,0.0,2,1,-1,1,1,0,EN,,,,,,,,,,,1,1,1,1900,0.5,0.5,0.5,0.5,0.5,0.5,0.5,0.5,0.5,0.5,0.5
202506300953,178,Partner,Verbal,0.5,0,2,0,0.0,1,0,0,1,0,-1,EN,,,,,,,,,,,1,-1,1,1901,0.5,0.5,0.5,0.5,0.5,0.5,0.5,0.5,0.5,0.5,0.5
202506300953,179,Partner,Verbal,0.5,0,2,0,0.0,2,1,1,1,1,1,EN,,,,,,,,,,,1,1,1,1902,0.5,0.5,0.5,0.5,0.5,0.5,0.5,0.5,0.5,0.5,0.5
202506300953,180,Partner,Verbal,0.5,1,2,0,0.0,2,-1,-1,1,1,0,EN,,,,,,,,,,,-1,1,1,1903,0.5,0.5,0.5,0.5,0.5,0.5,0.5,0.5,0.5,0.5,0.5
202506300953,181,Adversary,Verbal,0.5,0,2,0,0.0,0,1,-1,1,1,0,EN,,,,,,,,,,,1,-1,1,1904,0.5,0.5,0.5,0.5,0.5,0.5,0.5,0.5,0.5,0.5,0.5
202506300953,182,Adversary,Verbal,0.5,0,2,0,0.0,1,1,-1,1,1,0,EN,,,,,,,,,,,1,-1,1,1905,0.5,0.5,0.5,0.5,0.5,0.5,0.5,0.5,0.5,0.5,0.5
202506300953,183,Adversary,Verbal,0.5,0,2,0,0.0,2,-1,1,1,0,0,EN,,,,,,,,,,,-1,-1,1,1906,0.5,0.5,0.5,0.5,0.5,0.5,0.5,0.5,0.5,0.5,0.5
202506300953,184,Adversary,Verbal,0.5,1,2,0,0.0,2,1,-1,1,1,0,EN,,,,,,,,,,,-1,0,1,1907,0.5,0.5,0.5,0.5,0.5,0.5,0.5,0.5,0.5,0.5,0.5
202506300953,185,Partner,Verbal,0.5,0,2,0,0.0,0,-1,-1,1,1,0,EN,,,,,,,,,,,-1,-1,1,1908,0.5,0.5,0.5,0.5,0.5,0.5,0.5,0.5,0.5,0.5,0.5
202506300953,186,Partner,Verbal,0.5,0,2,0,0.0,1,1,1,1,0,0,EN,,,,,,,,,,,1,1,1,1909,0.5,0.5,0.5,0.5,0.5,0.5,0.5,0.5,0.5,0.5,0.5
202506300953,187,Partner,Verbal,0.5,0,2,0,0.0,2,1,1,1,0,0,EN,,,,,,,,,,,-1,-1,1,1910,0.5,0.5,0.5,0.5,0.5,0.5,0.5,0.5,0.5,0.5,0.5
202506300953,188,Partner,Verbal,0.5,1,2,0,0.0,2,0,0,1,0,-1,EN,,,,,,,,,,,1,1,1,1911,0.5,0.5,0.5,0.5,0.5,0.5,0.5,0.5,0.5,0.5,0.5
202506300953,189,Adversary,Verbal,0.5,0,2,0,0.0,0,1,-1,1,1,0,EN,,,,,,,,,,,-1,-1,1,1912,0.5,0.5,0.5,0.5,0.5,0.5,0.5,0.5,0.5,0.5,0.5
202506300953,190,Adversary,Verbal,0.5,0,2,0,0.0,1,-1,1,1,0,0,EN,,,,,,,,,,,1,1,1,1913,0.5,0.5,0.5,0.5,0.5,0.5,0.5,0.5,0.25,0.25,0.25
202506300953,191,Adversary,Verbal,0.5,0,2,0,0.0,2,-1,1,1,1,1,EN,,,,,,,,,,,-1,1,1,1914,0.5,0.5,0.5,0.5,0.5,0.5,0.5,0.5,0.5,0.5,0.5
202506300953,192,Adversary,Verbal,0.5,1,2,0,0.0,2,1,-1,1,1,0,EN,,,,,,,,,,,1,1,1,1915,0.5,0.5,0.5,0.5,0.5,0.5,0.5,0.5,0.5,0.5,0.5
202506300953,193,Partner,Verbal,0.5,0,2,0,0.0,0,1,1,1,0,0,EN,,,,,,,,,,,-1,-1,1,1916,0.5,0.5,0.5,0.5,0.5,0.5,0.5,0.5,0.5,0.5,0.5
202506300953,194,Partner,Verbal,0.5,0,2,0,0.0,1,0,0,1,1,-1,EN,,,,,,,,,,,1,-1,1,1917,0.5,0.5,0.5,0.5,0.5,0.5,0.5,0.5,0.5,0.5,0.5
202506300953,195,Partner,Verbal,0.5,0,2,0,0.0,2,-1,-1,1,0,1,EN,,,,,,,,,,,1,-1,1,1918,0.5,0.5,0.5,0.5,0.5,0.5,0.5,0.5,0.5,0.5,0.5
202506300953,196,Partner,Verbal,0.5,1,2,0,0.0,2,-1,-1,1,1,0,EN,,,,,,,,,,,-1,-1,1,1919,0.5,0.5,0.5,0.5,0.5,0.5,0.5,0.5,0.5,0.5,0.5
202506300953,197,Adversary,Verbal,0.5,0,2,0,0.0,0,-1,1,1,0,0,EN,,,,,,,,,,,-1,1,1,1920,0.5,0.5,0.5,0.5,0.5,0.5,0.5,0.5,0.5,0.5,0.5
202506300953,199,Adversary,Verbal,0.5,0,2,0,0.0,2,-1,1,1,0,0,EN,,,,,,,,,,,-1,1,1,1921,0.5,0.5,0.5,0.5,0.5,0.5,0.5,0.5,0.5,0.5,0.5
202506300953,200,Adversary,Verbal,0.5,1,2,0,0.0,2,0,0,1,0,-1,EN,,,,,,,,,,,-1,1,1,1922,0.5,0.5,0.5,0.5,0.5,0.5,0.5,0.5,0.5,0.5,0.5
202506300953,201,Partner,Verbal,0.5,0,2,0,0.0,0,1,1,1,0,0,EN,,,,,,,,,,,-1,-1,1,1923,0.5,0.5,0.5,0.5,0.5,0.5,0.5,0.5,0.5,0.5,0.5
202506300953,202,Partner,Verbal,0.5,0,2,0,0.0,1,1,1,1,0,0,EN,,,,,,,,,,,1,1,1,1924,0.5,0.5,0.5,0.5,0.5,0.5,0.5,0.5,0.5,0.5,0.5
202506300953,203,Partner,Verbal,0.5,0,2,0,0.0,2,1,1,1,0,0,EN,,,,,,,,,,,-1,1,1,1925,0.5,0.5,0.5,0.5,0.5,0.5,0.5,0.5,0.5,0.5,0.5
202506300953,204,Partner,Verbal,0.5,1,2,0,0.0,2,1,1,1,0,0,EN,,,,,,,,,,,-1,-1,1,1926,0.5,0.5,0.5,0.5,0.5,0.5,0.5,0.5,0.5,0.5,0.5
202506300953,207,Adversary,Verbal,0.5,0,2,0,0.0,2,1,-1,1,1,0,EN,,,,,,,,,,,1,1,1,1927,0.5,0.5,0.5,0.5,0.5,0.5,0.5,0.5,0.5,0.5,0.5
202506300953,208,Adversary,Verbal,0.5,1,2,0,0.0,2,0,0,1,1,-1,EN,,,,,,,,,,,1,1,1,1928,0.5,0.5,0.5,0.5,0.5,0.5,0.5,0.5,0.5,0.5,0.5
202506300953,209,Partner,Verbal,0.5,0,2,0,0.0,0,1,1,1,0,0,EN,,,,,,,,,,,-1,-1,1,1929,0.5,0.5,0.5,0.5,0.5,0.5,0.5,0.5,0.5,0.5,0.5
202506300953,210,Partner,Verbal,0.5,0,2,0,0.0,1,1,1,1,0,0,EN,,,,,,,,,,,1,1,1,1930,0.5,0.5,0.5,0.5,0.5,0.5,0.5,0.5,0.5,0.5,0.5
202506300953,211,Partner,Verbal,0.5,0,2,0,0.0,2,-1,-1,1,1,0,EN,,,,,,,,,,,-1,1,1,1931,0.5,0.5,0.5,0.5,0.5,0.5,0.5,0.5,0.5,0.5,0.5
202506300953,212,Partner,Verbal,0.5,1,2,0,0.0,2,-1,-1,1,1,0,EN,,,,,,,,,,,1,1,1,1932,0.5,0.5,0.5,0.5,0.5,0.5,0.5,0.5,0.5,0.5,0.5
202506300953,213,Adversary,Verbal,0.5,0,2,0,0.0,0,1,-1,1,0,1,EN,,,,,,,,,,,1,-1,1,1933,0.5,0.5,0.5,0.5,0.5,0.5,0.5,0.5,0.5,0.5,0.5
202506300953,214,Adversary,Verbal,0.5,0,2,0,0.0,1,-1,1,1,0,0,EN,,,,,,,,,,,1,-1,1,1934,0.5,0.5,0.5,0.5,0.5,0.5,0.5,0.5,0.5,0.5,0.5
202506300953,215,Adversary,Verbal,0.5,0,2,0,0.0,2,1,-1,1,1,0,EN,,,,,,,,,,,-1,1,1,1935,0.5,0.5,0.5,0.5,0.5,0.5,0.5,0.5,0.75,0.75,0.75
202506300953,216,Adversary,Verbal,0.5,1,2,0,0.0,2,1,-1,1,1,0,EN,,,,,,,,,,,1,1,1,1936,0.5,0.5,0.5,0.5,0.5,0.5,0.5,0.5,0.5,0.5,0.5
202506300953,217,Partner,Verbal,0.5,0,2,0,0.0,0,1,1,1,0,0,EN,,,,,,,,,,,-1,1,1,1937,0.5,0.5,0.5,0.5,0.5,0.5,0.5,0.5,0.5,0.5,0.5
202506300953,218,Partner,Verbal,0.5,0,2,0,0.0,1,-1,-1,1,1,0,EN,,,,,,,,,,,1,1,1,1938,0.5,0.5,0.5,0.5,0.5,0.5,0.5,0.5,0.5,0.5,0.5
202506300953,219,Partner,Verbal,0.5,0,2,0,0.0,2,-1,-1,1,1,0,EN,,,,,,,,,,,1,1,1,1939,0.5,0.5,0.5,0.5,0.5,0.5,0.5,0.5,0.5,0.5,0.5
202506300953,220,Partner,Verbal,0.5,1,2,0,0.0,2,1,1,1,1,1,EN,,,,,,,,,,,-1,-1,1,1940,0.5,0.5,0.5,0.5,0.5,0.5,0.5,0.5,0.5,0.5,0.5
202506300953,221,Adversary,Verbal,0.5,0,2,0,0.0,0,1,-1,1,0,1,EN,,,,,,,,,,,-1,-1,1,1941,0.5,0.5,0.5,0.5,0.5,0.5,0.5,0.5,0.5,0.5,0.5
202506300953,222,Adversary,Verbal,0.5,0,2,0,0.0,1,-1,1,1,0,0,EN,,,,,,,,,,,1,1,1,1942,0.5,0.5,0.5,0.5,0.5,0.5,0.5,0.5,0.5,0.5,0.5
202506300953,223,Adversary,Verbal,0.5,0,2,0,0.0,2,-1,1,1,0,0,EN,,,,,,,,,,,-1,1,1,1943,0.5,0.5,0.5,0.5,0.5,0.5,0.5,0.5,0.5,0.5,0.5
202506300953,224,Adversary,Verbal,0.5,1,2,0,0.0,2,-1,1,1,0,0,EN,,,,,,,,,,,-1,1,1,1944,0.5,0.5,0.5,0.5,0.5,0.5,0.5,0.5,0.5,0.5,0.5
202506300953,225,Partner,Verbal,0.5,0,2,0,0.0,0,1,1,1,0,0,EN,,,,,,,,,,,-1,1,1,1945,0.5,0.5,0.5,0.5,0.5,0.5,0.5,0.5,0.5,0.5,0.5
202506300953,226,Partner,Verbal,0.5,0,2,0,0.0,1,0,0,1,0,-1,EN,,,,,,,,,,,-1,-1,1,1946,0.5,0.5,0.5,0.5,0.5,0.5,0.5,0.5,0.5,0.5,0.5
202506300953,227,Partner,Verbal,0.5,0,2,0,0.0,2,-1,-1,1,1,0,EN,,,,,,,,,,,1,-1,1,1947,0.5,0.5,0.5,0.5,0.5,0.5,0.5,0.5,0.75,0.75,0.75
202506300953,229,Adversary,Verbal,0.5,0,2,0,0.0,0,1,-1,1,0,1,EN,,,,,,,,,,,-1,-1,1,1948,0.5,0.5,0.5,0.5,0.5,0.5,0.5,0.5,0.5,0.5,0.5
202506300953,230,Adversary,Verbal,0.5,0,2,0,0.0,1,0,0,1,1,-1,EN,,,,,,,,,,,1,-1,1,1949,0.5,0.5,0.5,0.5,0.5,0.5,0.5,0.5,0.5,0.5,0.5
202506300953,231,Adversary,Verbal,0.5,0,2,0,0.0,2,1,-1,1,0,1,EN,,,,,,,,,,,1,1,1,1950,0.5,0.5,0.5,0.5,0.5,0.5,0.5,0.5,0.5,0.5,0.5
202506300953,232,Adversary,Verbal,0.5,1,2,0,0.0,2,0,0,1,0,-1,EN,,,,,,,,,,,1,1,1,1951,0.5,0.5,0.5,0.5,0.5,0.5,0.5,0.5,0.5,0.5,0.5
202506300953,233,Partner,Verbal,0.5,0,2,0,0.0,0,-1,-1,1,1,0,EN,,,,,,,,,,,-1,-1,1,1952,0.5,0.5,0.5,0.5,0.5,0.5,0.5,0.5,0.5,0.5,0.5
202506300953,234,Partner,Verbal,0.5,0,2,0,0.0,1,-1,-1,1,1,0,EN,,,,,,,,,,,1,1,1,1953,0.5,0.5,0.5,0.5,0.5,0.5,0.5,0.5,0.5,0.5,0.5
202506300953,235,Partner,Verbal,0.5,0,2,0,0.0,2,1,1,1,0,0,EN,,,,,,,,,,,1,1,1,1954,0.5,0.5,0.5,0.5,0.5,0.5,0.5,0.5,0.5,0.5,0.5
202506300953,236,Partner,Verbal,0.5,1,2,0,0.0,2,-1,-1,1,1,0,EN,,,,,,,,,,,1,1,1,1955,0.5,0.5,0.5,0.5,0.5,0.5,0.5,0.5,0.5,0.5,0.5
202506300953,237,Adversary,Verbal,0.5,0,2,0,0.0,0,0,0,1,0,-1,EN,,,,,,,,,,,1,-1,1,1956,0.5,0.5,0.5,0.5,0.5,0.5,0.5,0.5,0.5,0.5,0.5
202506300953,238,Adversary,Verbal,0.5,0,2,0,0.0,1,1,-1,1,1,0,EN,,,,,,,,,,,1,-1,1,1957,0.5,0.5,0.5,0.5,0.5,0.5,0.5,0.5,0.5,0.5,0.5
202506300953,239,Adversary,Verbal,0.5,0,2,0,0.0,2,0,0,1,0,-1,EN,,,,,,,,,,,1,1,1,1958,0.5,0.5,0.5,0.5,0.5,0.5,0.5,0.5,0.5,0.5,0.5
202506300953,240,Adversary,Verbal,0.5,1,2,0,0.0,2,1,-1,1,1,0,EN,,,,,,,,,,,-1,1,1,1959,0.5,0.5,0.5,0.5,0.5,0.5,0.5,0.5,0.5,0.5,0.5
202506300953,241,Partner,Verbal,0.5,0,2,0,0.0,0,1,1,1,0,0,EN,,,,,,,,,,,-1,-1,1,1960,0.5,0.5,0.5,0.5,0.5,0.5,0.5,0.5,0.5,0.5,0.5
202506300953,242,Partner,Verbal,0.5,0,2,0,0.0,1,1,1,1,0,0,EN,,,,,,,,,,,1,1,1,1961,0.5,0.5,0.5,0.5,0.5,0.5,0.5,0.5,0.5,0.5,0.5
202506300953,243,Partner,Verbal,0.5,0,2,0,0.0,2,-1,-1,1,1,0,EN,,,,,,,,,,,-1,-1,1,1962,0.5,0.5,0.5,0.5,0.5,0.5,0.5,0.5,0.5,0.5,0.5
202506300953,245,Adversary,Verbal,0.5,0,2,0,0.0,0,-1,1,1,0,0,EN,,,,,,,,,,,-1,1,1,1963,0.5,0.5,0.5,0.5,0.5,0.5,0.5,0.5,0.5,0.5,0.5
202506300953,246,Adversary,Verbal,0.5,0,2,0,0.0,1,-1,1,1,1,1,EN,,,,,,,,,,,1,1,1,1964,0.5,0.5,0.5,0.5,0.5,0.5,0.5,0.5,0.5,0.5,0.5
202506300953,247,Adversary,Verbal,0.5,0,2,0,0.0,2,-1,1,1,0,0,EN,,,,,,,,,,,-1,-1,1,1965,0.5,0.5,0.5,0.5,0.5,0.5,0.5,0.5,0.5,0.5,0.5
202506300953,249,Partner,Verbal,0.5,0,2,0,0.0,0,0,0,1,0,-1,EN,,,,,,,,,,,-1,1,1,1966,0.5,0.5,0.5,0.5,0.5,0.5,0.5,0.5,0.5,0.5,0.5
202506300953,250,Partner,Verbal,0.5,0,2,0,0.0,1,1,1,1,1,1,EN,,,,,,,,,,,1,1,1,1967,0.5,0.5,0.5,0.5,0.5,0.5,0.5,0.5,0.5,0.5,0.5
202506300953,251,Partner,Verbal,0.5,0,2,0,0.0,2,1,1,1,0,0,EN,,,,,,,,,,,1,1,1,1968,0.5,0.5,0.5,0.5,0.5,0.5,0.5,0.5,0.5,0.5,0.5
202506300953,252,Partner,Verbal,0.5,1,2,0,0.0,2,1,1,1,0,0,EN,,,,,,,,,,,-1,1,1,1969,0.5,0.5,0.5,0.5,0.5,0.5,0.5,0.5,0.5,0.5,0.5
202506300953,254,Adversary,Verbal,0.5,0,2,0,0.0,1,0,0,1,0,-1,EN,,,,,,,,,,,1,1,1,1970,0.5,0.5,0.5,0.5,0.5,0.5,0.5,0.5,0.5,0.5,0.5
202506300953,255,Adversary,Verbal,0.5,0,2,0,0.0,2,-1,1,1,0,0,EN,,,,,,,,,,,1,1,1,1971,0.5,0.5,0.5,0.5,0.5,0.5,0.5,0.5,0.5,0.5,0.5
202506300953,256,Adversary,Verbal,0.5,1,2,0,0.0,2,0,0,1,1,-1,EN,,,,,,,,,,,1,1,1,1972,0.5,0.5,0.5,0.5,0.5,0.5,0.5,0.5,0.5,0.5,0.5
202506300953,258,Partner,Verbal,0.5,0,2,0,0.0,1,-1,-1,1,0,1,EN,,,,,,,,,,,1,1,1,1973,0.5,0.5,0.5,0.5,0.5,0.5,0.5,0.5,0.5,0.5,0.5
202506300953,259,Partner,Verbal,0.5,0,2,0,0.0,2,1,1,1,1,1,EN,,,,,,,,,,,1,-1,1,1974,0.5,0.5,0.5,0.5,0.5,0.5,0.5,0.5,0.5,0.5,0.5
202506300953,260,Partner,Verbal,0.5,1,2,0,0.0,2,-1,-1,1,1,0,EN,,,,,,,,,,,1,1,1,1975,0.5,0.5,0.5,0.5,0.5,0.5,0.5,0.5,0.5,0.5,0.5
202506300953,261,Adversary,Verbal,0.5,0,2,0,0.0,0,1,-1,1,1,0,EN,,,,,,,,,,,1,-1,1,1976,0.5,0.5,0.5,0.5,0.5,0.5,0.5,0.5,0.5,0.5,0.5
202506300953,262,Adversary,Verbal,0.5,0,2,0,0.0,1,1,-1,1,1,0,EN,,,,,,,,,,,1,-1,1,1977,0.5,0.5,0.5,0.5,0.5,0.5,0.5,0.5,0.5,0.5,0.5
202506300953,263,Adversary,Verbal,0.5,0,2,0,0.0,2,-1,1,1,0,0,EN,,,,,,,,,,,-1,1,1,1978,0.5,0.5,0.5,0.5,0.5,0.5,0.5,0.5,0.5,0.5,0.5
202506300953,264,Adversary,Verbal,0.5,1,2,0,0.0,2,-1,1,1,0,0,EN,,,,,,,,,,,1,1,1,1979,0.5,0.5,0.5,0.5,0.5,0.5,0.5,0.5,0.5,0.5,0.5
202506300953,265,Partner,Verbal,0.5,0,2,0,0.0,0,-1,-1,1,1,0,EN,,,,,,,,,,,1,-1,1,1980,0.5,0.5,0.5,0.5,0.5,0.5,0.5,0.5,0.5,0.5,0.5
202506300953,266,Partner,Verbal,0.5,0,2,0,0.0,1,1,1,1,0,0,EN,,,,,,,,,,,1,1,1,1981,0.5,0.5,0.5,0.5,0.5,0.5,0.5,0.5,0.5,0.5,0.5
202506300953,267,Partner,Verbal,0.5,0,2,0,0.0,2,-1,-1,1,1,0,EN,,,,,,,,,,,1,-1,1,1982,0.5,0.5,0.5,0.5,0.5,0.5,0.5,0.5,0.5,0.5,0.5
202506300953,268,Partner,Verbal,0.5,1,2,0,0.0,2,-1,-1,1,1,0,EN,,,,,,,,,,,-1,-1,1,1983,0.5,0.5,0.5,0.5,0.5,0.5,0.5,0.5,0.5,0.5,0.5
202506300953,269,Adversary,Verbal,0.5,0,2,0,0.0,0,1,-1,1,1,0,EN,,,,,,,,,,,-1,-1,1,1984,0.5,0.5,0.5,0.5,0.5,0.5,0.5,0.5,0.5,0.5,0.5
202506300953,270,Adversary,Verbal,0.5,0,2,0,0.0,1,1,-1,1,1,0,EN,,,,,,,,,,,1,-1,1,1985,0.5,0.5,0.5,0.5,0.5,0.5,0.5,0.5,0.5,0.5,0.5
202506300953,271,Adversary,Verbal,0.5,0,2,0,0.0,2,1,-1,1,0,1,EN,,,,,,,,,,,-1,-1,1,1986,0.5,0.5,0.5,0.5,0.5,0.5,0.5,0.5,0.5,0.5,0.5
202506300953,273,Partner,Verbal,0.5,0,2,0,0.0,0,-1,-1,1,0,1,EN,,,,,,,,,,,-1,-1,1,1987,0.5,0.5,0.5,0.5,0.5,0.5,0.5,0.5,0.5,0.5,0.5
202506300953,274,Partner,Verbal,0.5,0,2,0,0.0,1,0,0,1,1,-1,EN,,,,,,,,,,,-1,1,1,1988,0.5,0.5,0.5,0.5,0.5,0.5,0.5,0.5,0.75,0.75,0.75
202506300953,275,Partner,Verbal,0.5,0,2,0,0.0,2,1,1,1,0,0,EN,,,,,,,,,,,-1,-1,1,1989,0.5,0.5,0.5,0.5,0.5,0.5,0.5,0.5,0.5,0.5,0.5
202506300953,276,Partner,Verbal,0.5,1,2,0,0.0,2,-1,-1,1,1,0,EN,,,,,,,,,,,-1,1,1,1990,0.5,0.5,0.5,0.5,0.5,0.5,0.5,0.5,0.5,0.5,0.5
202506300953,277,Adversary,Verbal,0.5,0,2,0,0.0,0,0,0,1,0,-1,EN,,,,,,,,,,,-1,-1,1,1991,0.5,0.5,0.5,0.5,0.5,0.5,0.5,0.5,0.5,0.5,0.5
202506300953,278,Adversary,Verbal,0.5,0,2,0,0.0,1,1,-1,1,1,0,EN,,,,,,,,,,,-1,1,1,1992,0.5,0.5,0.5,0.5,0.5,0.5,0.5,0.5,0.5,0.5,0.5
202506300953,279,Adversary,Verbal,0.5,0,2,0,0.0,2,1,-1,1,1,0,EN,,,,,,,,,,,-1,-1,1,1993,0.5,0.5,0.5,0.5,0.5,0.5,0.5,0.5,0.5,0.5,0.5
202506300953,280,Adversary,Verbal,0.5,1,2,0,0.0,2,-1,1,1,0,0,EN,,,,,,,,,,,-1,1,1,1994,0.5,0.5,0.5,0.5,0.5,0.5,0.5,0.5,0.5,0.5,0.5
202506300953,281,Partner,Verbal,0.5,0,2,0,0.0,0,0,0,1,0,-1,EN,,,,,,,,,,,1,1,1,1995,0.5,0.5,0.5,0.5,0.5,0.5,0.5,0.5,0.5,0.5,0.5
202506300953,282,Partner,Verbal,0.5,0,2,0,0.0,1,-1,-1,1,1,0,EN,,,,,,,,,,,1,1,1,1996,0.5,0.5,0.5,0.5,0.5,0.5,0.5,0.5,0.75,0.75,0.75
202506300953,283,Partner,Verbal,0.5,0,2,0,0.0,2,1,1,1,0,0,EN,,,,,,,,,,,1,1,1,1997,0.5,0.5,0.5,0.5,0.5,0.5,0.5,0.5,0.5,0.5,0.5
202506300953,284,Partner,Verbal,0.5,1,2,0,0.0,2,1,1,1,0,0,EN,,,,,,,,,,,1,1,1,1998,0.5,0.5,0.5,0.5,0.5,0.5,0.5,0.5,0.5,0.5,0.5
202506300953,285,Adversary,Verbal,0.5,0,2,0,0.0,0,1,-1,1,0,1,EN,,,,,,,,,,,1,1,1,1999,0.5,0.5,0.5,0.5,0.5,0.5,0.5,0.5,0.5,0.5,0.5
202506300953,286,Adversary,Verbal,0.5,0,2,0,0.0,1,0,0,1,1,-1,EN,,,,,,,,,,,-1,1,1,2000,0.5,0.5,0.5,0.5,0.5,0.5,0.5,0.5,0.5,0.5,0.5
202506300953,287,Adversary,Verbal,0.5,0,2,0,0.0,2,0,0,1,1,-1,EN,,,,,,,,,,,-1,-1,1,2001,0.5,0.5,0.5,0.5,0.5,0.5,0.5,0.5,0.5,0.5,0.5
202506300953,288,Adversary,Verbal,0.5,1,2,0,0.0,2,1,-1,1,0,1,EN,,,,,,,,,,,-1,-1,1,2002,0.5,0.5,0.5,0.5,0.5,0.5,0.5,0.5,0.5,0.5,0.5
202506300953,289,Partner,Verbal,0.5,0,2,0,0.0,0,-1,-1,1,1,0,EN,,,,,,,,,,,-1,-1,1,2003,0.5,0.5,0.5,0.5,0.5,0.5,0.5,0.5,0.5,0.5,0.5
202506300953,290,Partner,Verbal,0.5,0,2,0,0.0,1,-1,-1,1,1,0,EN,,,,,,,,,,,-1,-1,1,2004,0.5,0.5,0.5,0.5,0.5,0.5,0.5,0.5,0.5,0.5,0.5
202506300953,291,Partner,Verbal,0.5,0,2,0,0.0,2,-1,-1,1,0,1,EN,,,,,,,,,,,-1,1,1,2005,0.5,0.5,0.5,0.5,0.5,0.5,0.5,0.5,0.5,0.5,0.5
202506300953,292,Partner,Verbal,0.5,1,2,0,0.0,2,1,1,1,0,0,EN,,,,,,,,,,,1,1,1,2006,0.5,0.5,0.5,0.5,0.5,0.5,0.5,0.5,0.5,0.5,0.5
202506300953,293,Adversary,Verbal,0.5,0,2,0,0.0,0,0,0,1,1,-1,EN,,,,,,,,,,,-1,-1,1,2007,0.5,0.5,0.5,0.5,0.5,0.5,0.5,0.5,0.5,0.5,0.5
202506300953,294,Adversary,Verbal,0.5,0,2,0,0.0,1,-1,1,1,0,0,EN,,,,,,,,,,,1,-1,1,2008,0.5,0.5,0.5,0.5,0.5,0.5,0.5,0.5,0.5,0.5,0.5
202506300953,295,Adversary,Verbal,0.5,0,2,0,0.0,2,0,0,1,0,-1,EN,,,,,,,,,,,1,1,1,2009,0.5,0.5,0.5,0.5,0.5,0.5,0.5,0.5,0.5,0.5,0.5
202506300953,296,Adversary,Verbal,0.5,1,2,0,0.0,2,1,-1,1,0,1,EN,,,,,,,,,,,-1,1,1,2010,0.5,0.5,0.5,0.5,0.5,0.5,0.5,0.5,0.5,0.5,0.5
202506300953,297,Partner,Verbal,0.5,0,2,0,0.0,0,1,1,1,1,1,EN,,,,,,,,,,,-1,-1,1,2011,0.5,0.5,0.5,0.5,0.5,0.5,0.5,0.5,0.5,0.5,0.5
202506300953,298,Partner,Verbal,0.5,0,2,0,0.0,1,1,1,1,0,0,EN,,,,,,,,,,,-1,1,1,2012,0.5,0.5,0.5,0.5,0.5,0.5,0.5,0.5,0.5,0.5,0.5
202506300953,299,Partner,Verbal,0.5,0,2,0,0.0,2,1,1,1,0,0,EN,,,,,,,,,,,1,1,1,2013,0.5,0.5,0.5,0.5,0.5,0.5,0.5,0.5,0.5,0.5,0.5
202506300953,300,Partner,Verbal,0.5,1,2,0,0.0,2,-1,-1,1,1,0,EN,,,,,,,,,,,0,0,1,2014,0.5,0.5,0.5,0.5,0.5,0.5,0.5,0.5,0.75,0.75,0.75
202506300953,301,Adversary,Verbal,0.5,0,2,0,0.0,0,1,-1,1,1,0,EN,,,,,,,,,,,-1,1,1,2015,0.5,0.5,0.5,0.5,0.5,0.5,0.5,0.5,0.5,0.5,0.5
202506300953,302,Adversary,Verbal,0.5,0,2,0,0.0,1,-1,1,1,0,0,EN,,,,,,,,,,,1,1,1,2016,0.5,0.5,0.5,0.5,0.5,0.5,0.5,0.5,0.5,0.5,0.5
202506300953,303,Adversary,Verbal,0.5,0,2,0,0.0,2,-1,1,1,1,1,EN,,,,,,,,,,,1,-1,1,2017,0.5,0.5,0.5,0.5,0.5,0.5,0.5,0.5,0.5,0.5,0.5
202506300953,304,Adversary,Verbal,0.5,1,2,0,0.0,2,0,0,1,0,-1,EN,,,,,,,,,,,1,1,1,2018,0.5,0.5,0.5,0.5,0.5,0.5,0.5,0.5,0.5,0.5,0.5
202506300953,305,Partner,Verbal,0.5,0,2,0,0.0,0,1,1,1,0,0,EN,,,,,,,,,,,-1,-1,1,2019,0.5,0.5,0.5,0.5,0.5,0.5,0.5,0.5,0.5,0.5,0.5
202506300953,306,Partner,Verbal,0.5,0,2,0,0.0,1,1,1,1,1,1,EN,,,,,,,,,,,1,1,1,2020,0.5,0.5,0.5,0.5,0.5,0.5,0.5,0.5,0.5,0.5,0.5
202506300953,307,Partner,Verbal,0.5,0,2,0,0.0,2,1,1,1,1,1,EN,,,,,,,,,,,1,-1,1,2021,0.5,0.5,0.5,0.5,0.5,0.5,0.5,0.5,0.75,0.75,0.75
202506300953,308,Partner,Verbal,0.5,1,2,0,0.0,2,1,1,1,0,0,EN,,,,,,,,,,,-1,-1,1,2022,0.5,0.5,0.5,0.5,0.5,0.5,0.5,0.5,0.5,0.5,0.5
202506300953,309,Adversary,Verbal,0.5,0,2,0,0.0,0,1,-1,1,1,0,EN,,,,,,,,,,,-1,1,1,2023,0.5,0.5,0.5,0.5,0.5,0.5,0.5,0.5,0.5,0.5,0.5
202506300953,310,Adversary,Verbal,0.5,0,2,0,0.0,1,-1,1,1,0,0,EN,,,,,,,,,,,1,1,1,2024,0.5,0.5,0.5,0.5,0.5,0.5,0.5,0.5,0.5,0.5,0.5
202506300953,311,Adversary,Verbal,0.5,0,2,0,0.0,2,0,0,1,0,-1,EN,,,,,,,,,,,-1,1,1,2025,0.5,0.5,0.5,0.5,0.5,0.5,0.5,0.5,0.5,0.5,0.5
202506300953,312,Adversary,Verbal,0.5,1,2,0,0.0,2,0,0,1,0,-1,EN,,,,,,,,,,,-1,1,1,2026,0.5,0.5,0.5,0.5,0.5,0.5,0.5,0.5,0.5,0.5,0.5
202506300953,313,Partner,Verbal,0.5,0,2,0,0.0,0,0,0,1,0,-1,EN,,,,,,,,,,,-1,-1,1,2027,0.5,0.5,0.5,0.5,0.5,0.5,0.5,0.5,0.5,0.5,0.5
202506300953,314,Partner,Verbal,0.5,0,2,0,0.0,1,1,1,1,0,0,EN,,,,,,,,,,,-1,1,1,2028,0.5,0.5,0.5,0.5,0.5,0.5,0.5,0.5,0.5,0.5,0.5
202506300953,315,Partner,Verbal,0.5,0,2,0,0.0,2,1,1,1,0,0,EN,,,,,,,,,,,1,1,1,2029,0.5,0.5,0.5,0.5,0.5,0.5,0.5,0.5,0.5,0.5,0.5
202506300953,316,Partner,Verbal,0.5,1,2,0,0.0,2,1,1,1,0,0,EN,,,,,,,,,,,-1,-1,1,2030,0.5,0.5,0.5,0.5,0.5,0.5,0.5,0.5,0.5,0.5,0.5
202506300953,317,Adversary,Verbal,0.5,0,2,0,0.0,0,1,-1,1,1,0,EN,,,,,,,,,,,1,-1,1,2031,0.5,0.5,0.5,0.5,0.5,0.5,0.5,0.5,0.5,0.5,0.5
202506300953,318,Adversary,Verbal,0.5,0,2,0,0.0,1,-1,1,1,1,1,EN,,,,,,,,,,,-1,1,1,2032,0.5,0.5,0.5,0.5,0.5,0.5,0.5,0.5,0.5,0.5,0.5
202506300953,319,Adversary,Verbal,0.5,0,2,0,0.0,2,1,-1,1,1,0,EN,,,,,,,,,,,-1,-1,1,2033,0.5,0.5,0.5,0.5,0.5,0.5,0.5,0.5,0.5,0.5,0.5
202506300953,320,Adversary,Verbal,0.5,1,2,0,0.0,2,0,0,1,0,-1,EN,,,,,,,,,,,-1,1,1,2034,0.5,0.5,0.5,0.5,0.5,0.5,0.5,0.5,0.5,0.5,0.5
202506300953,323,Partner,Verbal,0.5,0,2,0,0.0,2,1,1,1,1,1,EN,,,,,,,,,,,-1,1,1,2035,0.5,0.5,0.5,0.5,0.5,0.5,0.5,0.5,0.5,0.5,0.5
202506300953,324,Partner,Verbal,0.5,1,2,0,0.0,2,-1,-1,1,1,0,EN,,,,,,,,,,,-1,-1,1,2036,0.5,0.5,0.5,0.5,0.5,0.5,0.5,0.5,0.5,0.5,0.5
202506300953,325,Adversary,Verbal,0.5,0,2,0,0.0,0,-1,1,1,0,0,EN,,,,,,,,,,,1,1,1,2037,0.5,0.5,0.5,0.5,0.5,0.5,0.5,0.5,0.5,0.5,0.5
202506300953,326,Adversary,Verbal,0.5,0,2,0,0.0,1,-1,1,1,0,0,EN,,,,,,,,,,,1,1,1,2038,0.5,0.5,0.5,0.5,0.5,0.5,0.5,0.5,0.5,0.5,0.5
202506300953,327,Adversary,Verbal,0.5,0,2,0,0.0,2,0,0,1,1,-1,EN,,,,,,,,,,,-1,1,1,2039,0.5,0.5,0.5,0.5,0.5,0.5,0.5,0.5,0.5,0.5,0.5
202506300953,328,Adversary,Verbal,0.5,1,2,0,0.0,2,-1,1,1,0,0,EN,,,,,,,,,,,-1,1,1,2040,0.5,0.5,0.5,0.5,0.5,0.5,0.5,0.5,0.75,0.75,0.75
202506300953,330,Partner,Verbal,0.5,0,2,0,0.0,1,1,1,1,1,1,EN,,,,,,,,,,,-1,-1,1,2041,0.5,0.5,0.5,0.5,0.5,0.5,0.5,0.5,0.5,0.5,0.5
202506300953,331,Partner,Verbal,0.5,0,2,0,0.0,2,-1,-1,1,1,0,EN,,,,,,,,,,,-1,-1,1,2042,0.5,0.5,0.5,0.5,0.5,0.5,0.5,0.5,0.5,0.5,0.5
202506300953,332,Partner,Verbal,0.5,1,2,0,0.0,2,1,1,1,0,0,EN,,,,,,,,,,,-1,-1,1,2043,0.5,0.5,0.5,0.5,0.5,0.5,0.5,0.5,0.5,0.5,0.5
202506300953,333,Adversary,Verbal,0.5,0,2,0,0.0,0,-1,1,1,0,0,EN,,,,,,,,,,,1,1,1,2044,0.5,0.5,0.5,0.5,0.5,0.5,0.5,0.5,0.5,0.5,0.5
202506300953,334,Adversary,Verbal,0.5,0,2,0,0.0,1,1,-1,1,1,0,EN,,,,,,,,,,,1,-1,1,2045,0.5,0.5,0.5,0.5,0.5,0.5,0.5,0.5,0.5,0.5,0.5
202506300953,335,Adversary,Verbal,0.5,0,2,0,0.0,2,-1,1,1,0,0,EN,,,,,,,,,,,-1,1,1,2046,0.5,0.5,0.5,0.5,0.5,0.5,0.5,0.5,0.5,0.5,0.5
202506300953,336,Adversary,Verbal,0.5,1,2,0,0.0,2,-1,1,1,1,1,EN,,,,,,,,,,,1,-1,1,2047,0.5,0.5,0.5,0.5,0.5,0.5,0.5,0.5,0.5,0.5,0.5
202506300953,338,Partner,Verbal,0.5,0,2,0,0.0,1,-1,-1,1,1,0,EN,,,,,,,,,,,-1,-1,1,2048,0.5,0.5,0.5,0.5,0.5,0.5,0.5,0.5,0.5,0.5,0.5
202506300953,340,Partner,Verbal,0.5,1,2,0,0.0,2,-1,-1,1,0,1,EN,,,,,,,,,,,-1,1,1,2049,0.5,0.5,0.5,0.5,0.5,0.5,0.5,0.5,0.5,0.5,0.5
202506300953,341,Adversary,Verbal,0.5,0,2,0,0.0,0,-1,1,1,0,0,EN,,,,,,,,,,,1,-1,1,2050,0.5,0.5,0.5,0.5,0.5,0.5,0.5,0.5,0.5,0.5,0.5
202506300953,342,Adversary,Verbal,0.5,0,2,0,0.0,1,1,-1,1,0,1,EN,,,,,,,,,,,1,1,1,2051,0.5,0.5,0.5,0.5,0.5,0.5,0.5,0.5,0.5,0.5,0.5
202506300953,343,Adversary,Verbal,0.5,0,2,0,0.0,2,1,-1,1,1,0,EN,,,,,,,,,,,-1,1,1,2052,0.5,0.5,0.5,0.5,0.5,0.5,0.5,0.5,0.5,0.5,0.5
202506300953,344,Adversary,Verbal,0.5,1,2,0,0.0,2,-1,1,1,0,0,EN,,,,,,,,,,,1,-1,1,2053,0.5,0.5,0.5,0.5,0.5,0.5,0.5,0.5,0.5,0.5,0.5
202506300953,345,Partner,Verbal,0.5,0,2,0,0.0,0,-1,-1,1,0,1,EN,,,,,,,,,,,-1,-1,1,2054,0.5,0.5,0.5,0.5,0.5,0.5,0.5,0.5,0.5,0.5,0.5
202506300953,346,Partner,Verbal,0.5,0,2,0,0.0,1,1,1,1,0,0,EN,,,,,,,,,,,1,1,1,2055,0.5,0.5,0.5,0.5,0.5,0.5,0.5,0.5,0.5,0.5,0.5
202506300953,347,Partner,Verbal,0.5,0,2,0,0.0,2,1,1,1,1,1,EN,,,,,,,,,,,-1,1,1,2056,0.5,0.5,0.5,0.5,0.5,0.5,0.5,0.5,0.5,0.5,0.5
202506300953,348,Partner,Verbal,0.5,1,2,0,0.0,2,1,1,1,0,0,EN,,,,,,,,,,,-1,1,1,2057,0.5,0.5,0.5,0.5,0.5,0.5,0.5,0.5,0.75,0.75,0.75
202506300953,350,Adversary,Verbal,0.5,0,2,0,0.0,1,1,-1,1,0,1,EN,,,,,,,,,,,-1,-1,1,2058,0.5,0.5,0.5,0.5,0.5,0.5,0.5,0.5,0.5,0.5,0.5
202506300953,351,Adversary,Verbal,0.5,0,2,0,0.0,2,-1,1,1,0,0,EN,,,,,,,,,,,-1,1,1,2059,0.5,0.5,0.5,0.5,0.5,0.5,0.5,0.5,0.5,0.5,0.5
202506300953,352,Adversary,Verbal,0.5,1,2,0,0.0,2,0,0,1,1,-1,EN,,,,,,,,,,,-1,1,1,2060,0.5,0.5,0.5,0.5,0.5,0.5,0.5,0.5,0.5,0.5,0.5
202506300953,353,Partner,Verbal,0.5,0,2,0,0.0,0,1,1,1,0,0,EN,,,,,,,,,,,-1,1,1,2061,0.5,0.5,0.5,0.5,0.5,0.5,0.5,0.5,0.5,0.5,0.5
202506300953,354,Partner,Verbal,0.5,0,2,0,0.0,1,0,0,1,1,-1,EN,,,,,,,,,,,-1,-1,1,2062,0.5,0.5,0.5,0.5,0.5,0.5,0.5,0.5,0.5,0.5,0.5
202506300953,355,Partner,Verbal,0.5,0,2,0,0.0,2,0,0,1,1,-1,EN,,,,,,,,,,,1,1,1,2063,0.5,0.5,0.5,0.5,0.5,0.5,0.5,0.5,0.5,0.5,0.5
202506300953,356,Partner,Verbal,0.5,1,2,0,0.0,2,0,0,1,1,-1,EN,,,,,,,,,,,1,-1,1,2064,0.5,0.5,0.5,0.5,0.5,0.5,0.5,0.5,0.5,0.5,0.5
202506300953,357,Adversary,Verbal,0.5,0,2,0,0.0,0,-1,1,1,0,0,EN,,,,,,,,,,,-1,1,1,2065,0.5,0.5,0.5,0.5,0.5,0.5,0.5,0.5,0.5,0.5,0.5
202506300953,358,Adversary,Verbal,0.5,0,2,0,0.0,1,-1,1,1,1,1,EN,,,,,,,,,,,1,1,1,2066,0.5,0.5,0.5,0.5,0.5,0.5,0.5,0.5,0.5,0.5,0.5
202506300953,359,Adversary,Verbal,0.5,0,2,0,0.0,2,-1,1,1,0,0,EN,,,,,,,,,,,1,1,1,2067,0.5,0.5,0.5,0.5,0.5,0.5,0.5,0.5,0.5,0.5,0.5
202506300953,360,Adversary,Verbal,0.5,1,2,0,0.0,2,1,-1,1,1,0,EN,,,,,,,,,,,-1,1,1,2068,0.5,0.5,0.5,0.5,0.5,0.5,0.5,0.5,0.5,0.5,0.5
202506300953,361,Partner,Verbal,0.5,0,2,0,0.0,0,-1,-1,1,1,0,EN,,,,,,,,,,,-1,-1,1,2069,0.5,0.5,0.5,0.5,0.5,0.5,0.5,0.5,0.5,0.5,0.5
202506300953,362,Partner,Verbal,0.5,0,2,0,0.0,1,1,1,1,0,0,EN,,,,,,,,,,,-1,-1,1,2070,0.5,0.5,0.5,0.5,0.5,0.5,0.5,0.5,0.75,0.75,0.75
202506300953,363,Partner,Verbal,0.5,0,2,0,0.0,2,0,0,1,1,-1,EN,,,,,,,,,,,1,-1,1,2071,0.5,0.5,0.5,0.5,0.5,0.5,0.5,0.5,0.5,0.5,0.5
202506300953,364,Partner,Verbal,0.5,1,2,0,0.0,2,1,1,1,1,1,EN,,,,,,,,,,,-1,-1,1,2072,0.5,0.5,0.5,0.5,0.5,0.5,0.5,0.5,0.5,0.5,0.5
202506300953,365,Adversary,Verbal,0.5,0,2,0,0.0,0,0,0,1,0,-1,EN,,,,,,,,,,,1,1,1,2073,0.5,0.5,0.5,0.5,0.5,0.5,0.5,0.5,0.5,0.5,0.5
202506300953,366,Adversary,Verbal,0.5,0,2,0,0.0,1,0,0,1,1,-1,EN,,,,,,,,,,,1,1,1,2074,0.5,0.5,0.5,0.5,0.5,0.5,0.5,0.5,0.75,0.75,0.75
202506300953,367,Adversary,Verbal,0.5,0,2,0,0.0,2,1,-1,1,1,0,EN,,,,,,,,,,,1,1,1,2075,0.5,0.5,0.5,0.5,0.5,0.5,0.5,0.5,0.5,0.5,0.5
202506300953,368,Adversary,Verbal,0.5,1,2,0,0.0,2,-1,1,1,0,0,EN,,,,,,,,,,,-1,1,1,2076,0.5,0.5,0.5,0.5,0.5,0.5,0.5,0.5,0.5,0.5,0.5
202506300953,369,Partner,Verbal,0.5,0,2,0,0.0,0,-1,-1,1,1,0,EN,,,,,,,,,,,1,-1,1,2077,0.5,0.5,0.5,0.5,0.5,0.5,0.5,0.5,0.5,0.5,0.5
202506300953,371,Partner,Verbal,0.5,0,2,0,0.0,2,1,1,1,0,0,EN,,,,,,,,,,,1,-1,1,2078,0.5,0.5,0.5,0.5,0.5,0.5,0.5,0.5,0.5,0.5,0.5
202506300953,372,Partner,Verbal,0.5,1,2,0,0.0,2,1,1,1,1,1,EN,,,,,,,,,,,-1,0,1,2079,0.5,0.5,0.5,0.5,0.5,0.5,0.5,0.5,0.5,0.5,0.5
202506300953,373,Adversary,Verbal,0.5,0,2,0,0.0,0,0,0,1,0,-1,EN,,,,,,,,,,,-1,1,1,2080,0.5,0.5,0.5,0.5,0.5,0.5,0.5,0.5,0.5,0.5,0.5
202506300953,374,Adversary,Verbal,0.5,0,2,0,0.0,1,-1,1,1,0,0,EN,,,,,,,,,,,-1,1,1,2081,0.5,0.5,0.5,0.5,0.5,0.5,0.5,0.5,0.5,0.5,0.5
202506300953,375,Adversary,Verbal,0.5,0,2,0,0.0,2,-1,1,1,0,0,EN,,,,,,,,,,,1,1,1,2082,0.5,0.5,0.5,0.5,0.5,0.5,0.5,0.5,0.5,0.5,0.5
202506300953,376,Adversary,Verbal,0.5,1,2,0,0.0,2,1,-1,1,1,0,EN,,,,,,,,,,,1,0,1,2083,0.5,0.5,0.5,0.5,0.5,0.5,0.5,0.5,0.5,0.5,0.5
202506300953,377,Partner,Verbal,0.5,0,2,0,0.0,0,1,1,1,0,0,EN,,,,,,,,,,,-1,-1,1,2084,0.5,0.5,0.5,0.5,0.5,0.5,0.5,0.5,0.5,0.5,0.5
202506300953,378,Partner,Verbal,0.5,0,2,0,0.0,1,-1,-1,1,0,1,EN,,,,,,,,,,,1,-1,1,2085,0.5,0.5,0.5,0.5,0.5,0.5,0.5,0.5,0.5,0.5,0.5
202506300953,379,Partner,Verbal,0.5,0,2,0,0.0,2,-1,-1,1,1,0,EN,,,,,,,,,,,1,-1,1,2086,0.5,0.5,0.5,0.5,0.5,0.5,0.5,0.5,0.75,0.75,0.75
202506300953,380,Partner,Verbal,0.5,1,2,0,0.0,2,0,0,1,1,-1,EN,,,,,,,,,,,-1,1,1,2087,0.5,0.5,0.5,0.5,0.5,0.5,0.5,0.5,0.5,0.5,0.5
202506300953,381,Adversary,Verbal,0.5,0,2,0,0.0,0,0,0,1,0,-1,EN,,,,,,,,,,,1,1,1,2088,0.5,0.5,0.5,0.5,0.5,0.5,0.5,0.5,0.5,0.5,0.5
202506300953,382,Adversary,Verbal,0.5,0,2,0,0.0,1,-1,1,1,0,0,EN,,,,,,,,,,,-1,-1,1,2089,0.5,0.5,0.5,0.5,0.5,0.5,0.5,0.5,0.5,0.5,0.5
202506300953,383,Adversary,Verbal,0.5,0,2,0,0.0,2,-1,1,1,0,0,EN,,,,,,,,,,,-1,1,1,2090,0.5,0.5,0.5,0.5,0.5,0.5,0.5,0.5,0.5,0.5,0.5
202506300953,384,Adversary,Verbal,0.5,1,2,0,0.0,2,0,0,1,0,-1,EN,,,,,,,,,,,-1,1,1,2091,0.5,0.5,0.5,0.5,0.5,0.5,0.5,0.5,0.5,0.5,0.5
202506300953,385,Partner,Verbal,0.5,0,2,0,0.0,0,1,1,1,0,0,EN,,,,,,,,,,,-1,1,1,2092,0.5,0.5,0.5,0.5,0.5,0.5,0.5,0.5,0.5,0.5,0.5
202506300953,386,Partner,Verbal,0.5,0,2,0,0.0,1,-1,-1,1,1,0,EN,,,,,,,,,,,-1,1,1,2093,0.5,0.5,0.5,0.5,0.5,0.5,0.5,0.5,0.5,0.5,0.5
202506300953,388,Partner,Verbal,0.5,1,2,0,0.0,2,1,1,1,0,0,EN,,,,,,,,,,,-1,1,1,2094,0.5,0.5,0.5,0.5,0.5,0.5,0.5,0.5,0.5,0.5,0.5
202506300953,389,Adversary,Verbal,0.5,0,2,0,0.0,0,1,-1,1,1,0,EN,,,,,,,,,,,-1,1,1,2095,0.5,0.5,0.5,0.5,0.5,0.5,0.5,0.5,0.5,0.5,0.5
202506300953,390,Adversary,Verbal,0.5,0,2,0,0.0,1,1,-1,1,1,0,EN,,,,,,,,,,,-1,-1,1,2096,0.5,0.5,0.5,0.5,0.5,0.5,0.5,0.5,0.5,0.5,0.5
202506300953,391,Adversary,Verbal,0.5,0,2,0,0.0,2,-1,1,1,0,0,EN,,,,,,,,,,,-1,1,1,2097,0.5,0.5,0.5,0.5,0.5,0.5,0.5,0.5,0.5,0.5,0.5
202506300953,392,Adversary,Verbal,0.5,1,2,0,0.0,2,1,-1,1,1,0,EN,,,,,,,,,,,1,1,1,2098,0.5,0.5,0.5,0.5,0.5,0.5,0.5,0.5,0.75,0.75,0.75
202506300953,393,Partner,Verbal,0.5,0,2,0,0.0,0,1,1,1,0,0,EN,,,,,,,,,,,-1,-1,1,2099,0.5,0.5,0.5,0.5,0.5,0.5,0.5,0.5,0.5,0.5,0.5
202506300953,394,Partner,Verbal,0.5,0,2,0,0.0,1,1,1,1,0,0,EN,,,,,,,,,,,1,1,1,2100,0.5,0.5,0.5,0.5,0.5,0.5,0.5,0.5,0.5,0.5,0.5
202506300953,395,Partner,Verbal,0.5,0,2,0,0.0,2,1,1,1,0,0,EN,,,,,,,,,,,-1,-1,1,2101,0.5,0.5,0.5,0.5,0.5,0.5,0.5,0.5,0.5,0.5,0.5
202506300953,396,Partner,Verbal,0.5,1,2,0,0.0,2,1,1,1,0,0,EN,,,,,,,,,,,1,1,1,2102,0.5,0.5,0.5,0.5,0.5,0.5,0.5,0.5,0.5,0.5,0.5
202506300953,397,Adversary,Verbal,0.5,0,2,0,0.0,0,0,0,1,0,-1,EN,,,,,,,,,,,1,-1,1,2103,0.5,0.5,0.5,0.5,0.5,0.5,0.5,0.5,0.5,0.5,0.5
202506300953,398,Adversary,Verbal,0.5,0,2,0,0.0,1,1,-1,1,1,0,EN,,,,,,,,,,,1,1,1,2104,0.5,0.5,0.5,0.5,0.5,0.5,0.5,0.5,0.5,0.5,0.5
202506300953,399,Adversary,Verbal,0.5,0,2,0,0.0,2,-1,1,1,1,1,EN,,,,,,,,,,,1,-1,1,2105,0.5,0.5,0.5,0.5,0.5,0.5,0.5,0.5,0.5,0.5,0.5
202506300953,400,Adversary,Verbal,0.5,1,2,0,0.0,2,-1,1,1,0,0,EN,,,,,,,,,,,1,1,1,2106,0.5,0.5,0.5,0.5,0.5,0.5,0.5,0.5,0.5,0.5,0.5
202506300953,403,Partner,Verbal,0.5,0,2,0,0.0,2,0,0,1,0,-1,EN,,,,,,,,,,,-1,-1,1,2107,0.5,0.5,0.5,0.5,0.5,0.5,0.5,0.5,0.5,0.5,0.5
202506300953,404,Partner,Verbal,0.5,1,2,0,0.0,2,1,1,1,0,0,EN,,,,,,,,,,,1,-1,1,2108,0.5,0.5,0.5,0.5,0.5,0.5,0.5,0.5,0.5,0.5,0.5
202506300953,405,Adversary,Verbal,0.5,0,2,0,0.0,0,1,-1,1,1,0,EN,,,,,,,,,,,-1,-1,1,2109,0.5,0.5,0.5,0.5,0.5,0.5,0.5,0.5,0.5,0.5,0.5
202506300953,406,Adversary,Verbal,0.5,0,2,0,0.0,1,1,-1,1,1,0,EN,,,,,,,,,,,-1,1,1,2110,0.5,0.5,0.5,0.5,0.5,0.5,0.5,0.5,0.5,0.5,0.5
202506300953,407,Adversary,Verbal,0.5,0,2,0,0.0,2,1,-1,1,0,1,EN,,,,,,,,,,,-1,-1,1,2111,0.5,0.5,0.5,0.5,0.5,0.5,0.5,0.5,0.5,0.5,0.5
202506300953,408,Adversary,Verbal,0.5,1,2,0,0.0,2,0,0,1,1,-1,EN,,,,,,,,,,,-1,1,1,2112,0.5,0.5,0.5,0.5,0.5,0.5,0.5,0.5,0.5,0.5,0.5
202506300953,409,Partner,Verbal,0.5,0,2,0,0.0,0,-1,-1,1,1,0,EN,,,,,,,,,,,-1,-1,1,2113,0.5,0.5,0.5,0.5,0.5,0.5,0.5,0.5,0.5,0.5,0.5
202506300953,411,Partner,Verbal,0.5,0,2,0,0.0,2,-1,-1,1,0,1,EN,,,,,,,,,,,-1,1,1,2114,0.5,0.5,0.5,0.5,0.5,0.5,0.5,0.5,0.5,0.5,0.5
202506300953,412,Partner,Verbal,0.5,1,2,0,0.0,2,-1,-1,1,1,0,EN,,,,,,,,,,,-1,0,1,2115,0.5,0.5,0.5,0.5,0.5,0.5,0.5,0.5,0.5,0.5,0.5
202506300953,414,Adversary,Verbal,0.5,0,2,0,0.0,1,0,0,1,1,-1,EN,,,,,,,,,,,-1,1,1,2116,0.5,0.5,0.5,0.5,0.5,0.5,0.5,0.5,0.5,0.5,0.5
202506300953,415,Adversary,Verbal,0.5,0,2,0,0.0,2,-1,1,1,0,0,EN,,,,,,,,,,,1,1,1,2117,0.5,0.5,0.5,0.5,0.5,0.5,0.5,0.5,0.5,0.5,0.5
202506300953,416,Adversary,Verbal,0.5,1,2,0,0.0,2,-1,1,1,0,0,EN,,,,,,,,,,,1,-1,1,2118,0.5,0.5,0.5,0.5,0.5,0.5,0.5,0.5,0.5,0.5,0.5
202506300953,417,Partner,Verbal,0.5,0,2,0,0.0,0,0,0,1,1,-1,EN,,,,,,,,,,,-1,-1,1,2119,0.5,0.5,0.5,0.5,0.5,0.5,0.5,0.5,0.5,0.5,0.5
202506300953,418,Partner,Verbal,0.5,0,2,0,0.0,1,1,1,1,0,0,EN,,,,,,,,,,,-1,1,1,2120,0.5,0.5,0.5,0.5,0.5,0.5,0.5,0.5,0.5,0.5,0.5
202506300953,419,Partner,Verbal,0.5,0,2,0,0.0,2,1,1,1,0,0,EN,,,,,,,,,,,1,1,1,2121,0.5,0.5,0.5,0.5,0.5,0.5,0.5,0.5,0.5,0.5,0.5
202506300953,420,Partner,Verbal,0.5,1,2,0,0.0,2,1,1,1,0,0,EN,,,,,,,,,,,1,-1,1,2122,0.5,0.5,0.5,0.5,0.5,0.5,0.5,0.5,0.5,0.5,0.5
202506300953,421,Adversary,Verbal,0.5,0,2,0,0.0,0,1,-1,1,1,0,EN,,,,,,,,,,,-1,1,1,2123,0.5,0.5,0.5,0.5,0.5,0.5,0.5,0.5,0.5,0.5,0.5
202506300953,422,Adversary,Verbal,0.5,0,2,0,0.0,1,0,0,1,1,-1,EN,,,,,,,,,,,1,-1,1,2124,0.5,0.5,0.5,0.5,0.5,0.5,0.5,0.5,0.5,0.5,0.5
202506300953,424,Adversary,Verbal,0.5,1,2,0,0.0,2,0,0,1,1,-1,EN,,,,,,,,,,,1,1,1,2125,0.5,0.5,0.5,0.5,0.5,0.5,0.5,0.5,0.75,0.75,0.75
202506300953,425,Partner,Verbal,0.5,0,2,0,0.0,0,1,1,1,0,0,EN,,,,,,,,,,,1,-1,1,2126,0.5,0.5,0.5,0.5,0.5,0.5,0.5,0.5,0.5,0.5,0.5
202506300953,426,Partner,Verbal,0.5,0,2,0,0.0,1,-1,-1,1,1,0,EN,,,,,,,,,,,1,1,1,2127,0.5,0.5,0.5,0.5,0.5,0.5,0.5,0.5,0.5,0.5,0.5
202506300953,428,Partner,Verbal,0.5,1,2,0,0.0,2,-1,-1,1,1,0,EN,,,,,,,,,,,1,0,1,2128,0.5,0.5,0.5,0.5,0.5,0.5,0.5,0.5,0.5,0.5,0.5
202506300953,429,Adversary,Verbal,0.5,0,2,0,0.0,0,0,0,1,0,-1,EN,,,,,,,,,,,-1,1,1,2129,0.5,0.5,0.5,0.5,0.5,0.5,0.5,0.5,0.5,0.5,0.5
202506300953,430,Adversary,Verbal,0.5,0,2,0,0.0,1,-1,1,1,0,0,EN,,,,,,,,,,,1,-1,1,2130,0.5,0.5,0.5,0.5,0.5,0.5,0.5,0.5,0.5,0.5,0.5
202506300953,431,Adversary,Verbal,0.5,0,2,0,0.0,2,-1,1,1,0,0,EN,,,,,,,,,,,1,1,1,2131,0.5,0.5,0.5,0.5,0.5,0.5,0.5,0.5,0.5,0.5,0.5
202506300953,433,Partner,Verbal,0.5,0,2,0,0.0,0,0,0,1,0,-1,EN,,,,,,,,,,,-1,1,1,2132,0.5,0.5,0.5,0.5,0.5,0.5,0.5,0.5,0.5,0.5,0.5
202506300953,434,Partner,Verbal,0.5,0,2,0,0.0,1,-1,-1,1,0,1,EN,,,,,,,,,,,-1,1,1,2133,0.5,0.5,0.5,0.5,0.5,0.5,0.5,0.5,0.5,0.5,0.5
202506300953,435,Partner,Verbal,0.5,0,2,0,0.0,2,1,1,1,0,0,EN,,,,,,,,,,,1,-1,1,2134,0.5,0.5,0.5,0.5,0.5,0.5,0.5,0.5,0.5,0.5,0.5
202506300953,436,Partner,Verbal,0.5,1,2,0,0.0,2,-1,-1,1,1,0,EN,,,,,,,,,,,1,1,1,2135,0.5,0.5,0.5,0.5,0.5,0.5,0.5,0.5,0.5,0.5,0.5
202506300953,437,Adversary,Verbal,0.5,0,2,0,0.0,0,1,-1,1,1,0,EN,,,,,,,,,,,1,-1,1,2136,0.5,0.5,0.5,0.5,0.5,0.5,0.5,0.5,0.5,0.5,0.5
202506300953,438,Adversary,Verbal,0.5,0,2,0,0.0,1,-1,1,1,0,0,EN,,,,,,,,,,,1,1,1,2137,0.5,0.5,0.5,0.5,0.5,0.5,0.5,0.5,0.5,0.5,0.5
202506300953,439,Adversary,Verbal,0.5,0,2,0,0.0,2,1,-1,1,1,0,EN,,,,,,,,,,,1,1,1,2138,0.5,0.5,0.5,0.5,0.5,0.5,0.5,0.5,0.5,0.5,0.5
202506300953,440,Adversary,Verbal,0.5,1,2,0,0.0,2,-1,1,1,0,0,EN,,,,,,,,,,,-1,1,1,2139,0.5,0.5,0.5,0.5,0.5,0.5,0.5,0.5,0.5,0.5,0.5
202506300953,441,Partner,Verbal,0.5,0,2,0,0.0,0,1,1,1,0,0,EN,,,,,,,,,,,-1,-1,1,2140,0.5,0.5,0.5,0.5,0.5,0.5,0.5,0.5,0.5,0.5,0.5
202506300953,442,Partner,Verbal,0.5,0,2,0,0.0,1,-1,-1,1,1,0,EN,,,,,,,,,,,-1,-1,1,2141,0.5,0.5,0.5,0.5,0.5,0.5,0.5,0.5,0.5,0.5,0.5
202506300953,443,Partner,Verbal,0.5,0,2,0,0.0,2,1,1,1,0,0,EN,,,,,,,,,,,1,1,1,2142,0.5,0.5,0.5,0.5,0.5,0.5,0.5,0.5,0.25,0.25,0.25
202506300953,444,Partner,Verbal,0.5,1,2,0,0.0,2,1,1,1,1,1,EN,,,,,,,,,,,1,0,1,2143,0.5,0.5,0.5,0.5,0.5,0.5,0.5,0.5,0.5,0.5,0.5
202506300953,445,Adversary,Verbal,0.5,0,2,0,0.0,0,-1,1,1,0,0,EN,,,,,,,,,,,-1,1,1,2144,0.5,0.5,0.5,0.5,0.5,0.5,0.5,0.5,0.5,0.5,0.5
202506300953,447,Adversary,Verbal,0.5,0,2,0,0.0,2,1,-1,1,1,0,EN,,,,,,,,,,,-1,1,1,2145,0.5,0.5,0.5,0.5,0.5,0.5,0.5,0.5,0.5,0.5,0.5
202506300953,448,Adversary,Verbal,0.5,1,2,0,0.0,2,-1,1,1,0,0,EN,,,,,,,,,,,-1,-1,1,2146,0.5,0.5,0.5,0.5,0.5,0.5,0.5,0.5,0.75,0.75,0.75
202506300953,449,Partner,Verbal,0.5,0,2,0,0.0,0,-1,-1,1,1,0,EN,,,,,,,,,,,1,1,1,2147,0.5,0.5,0.5,0.5,0.5,0.5,0.5,0.5,0.5,0.5,0.5
202506300953,450,Partner,Verbal,0.5,0,2,0,0.0,1,-1,-1,1,0,1,EN,,,,,,,,,,,1,1,1,2148,0.5,0.5,0.5,0.5,0.5,0.5,0.5,0.5,0.5,0.5,0.5
202506300953,451,Partner,Verbal,0.5,0,2,0,0.0,2,0,0,1,0,-1,EN,,,,,,,,,,,1,-1,1,2149,0.5,0.5,0.5,0.5,0.5,0.5,0.5,0.5,0.5,0.5,0.5
202506300953,452,Partner,Verbal,0.5,1,2,0,0.0,2,-1,-1,1,1,0,EN,,,,,,,,,,,-1,-1,1,2150,0.5,0.5,0.5,0.5,0.5,0.5,0.5,0.5,0.5,0.5,0.5
202507021041,1,Partner,Verbal,0.5,0,2,0,0.0,0,0,0,0,1,-1,EN,,,,,,,,,,,-1,-1,1,2151,0.5,0.5,0.5,0.5,0.5,0.5,0.5,0.5,0.5,0.5,0.5
202507021041,2,Partner,Verbal,0.5,0,2,0,0.0,1,-1,-1,0,0,0,EN,,,,,,,,,,,-1,1,1,2152,0.5,0.5,0.5,0.5,0.5,0.5,0.5,0.5,0.5,0.5,0.5
202507021041,3,Partner,Verbal,0.5,0,2,0,0.0,2,0,0,0,1,-1,EN,,,,,,,,,,,-1,0,1,2153,0.5,0.5,0.5,0.5,0.5,0.5,0.5,0.5,0.5,0.5,0.5
202507021041,4,Partner,Verbal,0.5,1,2,0,0.0,2,1,1,0,0,1,EN,,,,,,,,,,,1,1,1,2154,0.5,0.5,0.5,0.5,0.5,0.5,0.5,0.5,0.5,0.5,0.5
202507021041,5,Adversary,Verbal,0.5,0,2,0,0.0,0,-1,1,0,1,0,EN,,,,,,,,,,,-1,-1,1,2155,0.5,0.5,0.5,0.5,0.5,0.5,0.5,0.5,0.5,0.5,0.5
202507021041,6,Adversary,Verbal,0.5,0,2,0,0.0,1,-1,1,0,1,0,EN,,,,,,,,,,,-1,-1,1,2156,0.5,0.5,0.5,0.5,0.5,0.5,0.5,0.5,0.5,0.5,0.5
202507021041,7,Adversary,Verbal,0.5,0,2,0,0.0,2,0,0,0,0,-1,EN,,,,,,,,,,,1,1,1,2157,0.5,0.5,0.5,0.5,0.5,0.5,0.5,0.5,0.5,0.5,0.5
202507021041,8,Adversary,Verbal,0.5,1,2,0,0.0,2,-1,1,0,1,0,EN,,,,,,,,,,,1,1,1,2158,0.5,0.5,0.5,0.5,0.5,0.5,0.5,0.5,0.5,0.5,0.5
202507021041,9,Partner,Verbal,0.5,0,2,0,0.0,0,1,1,1,1,1,EN,,,,,,,,,,,-1,1,1,2159,0.5,0.5,0.5,0.5,0.5,0.5,0.5,0.5,0.5,0.5,0.5
202507021041,10,Partner,Verbal,0.5,0,2,0,0.0,1,0,0,1,0,-1,EN,,,,,,,,,,,1,-1,1,2160,0.5,0.5,0.5,0.5,0.5,0.5,0.5,0.5,0.5,0.5,0.5
202507021041,11,Partner,Verbal,0.5,0,2,0,0.0,2,1,1,1,0,0,EN,,,,,,,,,,,1,-1,1,2161,0.5,0.5,0.5,0.5,0.5,0.5,0.5,0.5,0.5,0.5,0.5
202507021041,12,Partner,Verbal,0.5,1,2,0,0.0,2,1,1,1,0,0,EN,,,,,,,,,,,-1,-1,1,2162,0.5,0.5,0.5,0.5,0.5,0.5,0.5,0.5,0.5,0.5,0.5
202507021041,13,Adversary,Verbal,0.5,0,2,0,0.0,0,1,-1,1,1,0,EN,,,,,,,,,,,1,-1,1,2163,0.5,0.5,0.5,0.5,0.5,0.5,0.5,0.5,0.5,0.5,0.5
202507021041,14,Adversary,Verbal,0.5,0,2,0,0.0,1,-1,1,1,0,0,EN,,,,,,,,,,,-1,0,1,2164,0.5,0.5,0.5,0.5,0.5,0.5,0.5,0.5,0.75,0.75,0.75
202507021041,15,Adversary,Verbal,0.5,0,2,0,0.0,2,1,-1,1,1,0,EN,,,,,,,,,,,0,-1,1,2165,0.5,0.5,0.5,0.5,0.5,0.5,0.5,0.5,0.5,0.5,0.5
202507021041,16,Adversary,Verbal,0.5,1,2,0,0.0,2,1,-1,1,1,0,EN,,,,,,,,,,,0,1,1,2166,0.5,0.5,0.5,0.5,0.5,0.5,0.5,0.5,0.75,0.75,0.75
202507021041,17,Partner,Verbal,0.5,0,2,0,0.0,0,1,1,1,0,0,EN,,,,,,,,,,,-1,-1,1,2167,0.5,0.5,0.5,0.5,0.5,0.5,0.5,0.5,0.5,0.5,0.5
202507021041,20,Partner,Verbal,0.5,1,2,0,0.0,2,-1,-1,1,1,0,EN,,,,,,,,,,,0,-1,1,2168,0.5,0.5,0.5,0.5,0.5,0.5,0.5,0.5,0.5,0.5,0.5
202507021041,21,Adversary,Verbal,0.5,0,2,0,0.0,0,-1,1,1,0,0,EN,,,,,,,,,,,0,1,1,2169,0.5,0.5,0.5,0.5,0.5,0.5,0.5,0.5,0.5,0.5,0.5
202507021041,23,Adversary,Verbal,0.5,0,2,0,0.0,2,0,0,1,0,-1,EN,,,,,,,,,,,1,1,1,2170,0.5,0.5,0.5,0.5,0.5,0.5,0.5,0.5,0.5,0.5,0.5
202506192324,1,Partner,NonVerbal,0.5,0,2,0,0.0,0,-1,-1,0,0,0,EN,,,,,,,,,0.0,1.0,1,1,1,2171,0.5,0.5,0.45748480521713386,0.41971469409062706,0.369311016192933,0.33757539166321837,0.3691500545434006,0.43489382980538865,0.462614929280901,0.4687823021912785,0.46971969576289474
202506192324,2,Partner,NonVerbal,0.5,1,2,0,0.0,0,-1,-1,0,1,1,EN,,,,,,,,,0.0,1.0,1,0,1,2172,0.5,0.5,0.5593909242788658,0.6406586818303589,0.7090284476355617,0.6949832149845648,0.6525411259056005,0.6022109325636467,0.5481296926617062,0.5317420085056885,0.508895061843913
202506192324,3,Partner,NonVerbal,0.5,0,2,0,0.0,0,1,1,1,1,1,EN,,,,,,,,,1.0,0.0,0,0,1,2173,0.5,0.5,0.5443701786999005,0.6333665138330671,0.7075894984433575,0.7314719358182775,0.7318645816992151,0.7124269021383406,0.6875830485701004,0.6905776717077333,0.7047520153211649
202506192324,4,Partner,NonVerbal,0.5,1,2,0,0.0,0,1,1,1,0,0,EN,,,,,,,,,1.0,0.0,1,1,1,2174,0.5,0.5,0.45680340889384213,0.3746165860127293,0.2955067469523277,0.26048787504809423,0.2531145668288021,0.24369493414804333,0.23408066128808386,0.2270661761394714,0.22987154666520376
202506192336,1,Partner,NonVerbal,0.5,0,2,0,0.0,0,-1,-1,0,0,0,EN,,,,,,,,,0.0,1.0,-1,1,1,2175,0.5,0.5,0.4580293203974854,0.4206285137325202,0.3628532929432594,0.3238591021903915,0.316554387644232,0.30679014719557834,0.2995180505401908,0.29118590806346584,0.28101049952935175
202506192336,2,Partner,NonVerbal,0.5,1,2,0,0.0,0,-1,-1,0,1,1,EN,,,,,,,,,0.0,1.0,-1,1,1,2176,0.5,0.5,0.5458894946370515,0.5858727470632921,0.6432665758127828,0.6800751799750226,0.6795281923266278,0.6535010474555628,0.6814560876829752,0.695243918158902,0.6921634647357536
202506192336,3,Adversary,NonVerbal,0.5,0,2,0,0.0,0,1,-1,0,0,0,EN,,,,,,,,,1.0,0.0,-1,-1,1,2177,0.5,0.5,0.46069531908355504,0.42560236620270697,0.3519844233817187,0.330176212038223,0.27856532574713794,0.26154744997888574,0.25852411328348046,0.2579684268118548,0.25769069205232176
202506192336,4,Adversary,NonVerbal,0.5,1,2,0,0.0,0,-1,1,0,0,1,EN,,,,,,,,,0.0,1.0,-1,-1,1,2178,0.5,0.5,0.4667858432643777,0.4547068620642024,0.5221710902338942,0.6216717574705294,0.5247525208470464,0.5173284848107468,0.581155628906995,0.6461345644333054,0.6611199525514957
202506192336,6,Partner,NonVerbal,0.5,1,2,0,0.0,0,-1,-1,1,1,0,EN,,,,,,,,,0.0,1.0,-1,0,1,2179,0.5,0.5,0.5458006481971268,0.6228848521224503,0.6980775264623125,0.6718467990742225,0.5765115193426773,0.5308262251090868,0.49326911862109146,0.47951910866485936,0.46777186656607916
202506192336,7,Adversary,NonVerbal,0.5,0,2,0,0.0,0,1,-1,1,1,0,EN,,,,,,,,,1.0,0.0,-1,0,1,2180,0.5,0.5,0.5426873095978624,0.5814447094104507,0.6073813152690569,0.6417696508597024,0.6549113147090454,0.6277046346566185,0.4841165187468799,0.4743828276397772,0.45780252825428003
202506192336,8,Adversary,NonVerbal,0.5,1,2,0,0.0,0,-1,1,1,1,1,EN,,,,,,,,,0.0,1.0,-1,0,1,2181,0.5,0.5,0.5377353543447528,0.6142884558213152,0.6268408286943763,0.6819140673233662,0.7131309237633913,0.7087829518327352,0.7152173338081286,0.7166328918024316,0.6250874620420336
202506192336,9,Partner,NonVerbal,0.5,0,2,0,0.0,0,1,1,1,1,1,EN,,,,,,,,,1.0,0.0,1,0,1,2182,0.5,0.5,0.5444205673536541,0.5844969696076084,0.6105288691032605,0.6233920656395707,0.6281499196117168,0.6402130236045165,0.6522206791181598,0.6977793640292544,0.7238978130166108
202506192336,10,Partner,NonVerbal,0.5,1,2,0,0.0,0,1,1,1,1,1,EN,,,,,,,,,1.0,0.0,-1,0,1,2183,0.5,0.5,0.5505227484163092,0.6370848141498815,0.7080940748068243,0.7248992354448606,0.5847413718907627,0.5100274144022243,0.5175314811511242,0.4979214215296421,0.5105503334305558
202506192336,11,Adversary,NonVerbal,0.5,0,2,0,0.0,0,-1,1,1,1,1,EN,,,,,,,,,0.0,1.0,1,0,1,2184,0.5,0.5,0.5424284029907599,0.5811733413392693,0.6417621457778654,0.6918741534741528,0.692697095054912,0.6564518360885341,0.59302924590412,0.5146811928705731,0.43620357375729096
202506192336,12,Adversary,NonVerbal,0.5,1,2,0,0.0,0,-1,1,1,1,1,EN,,,,,,,,,0.0,1.0,-1,0,1,2185,0.5,0.5,0.5331162648914435,0.5442935227905477,0.46493141901124374,0.5321117027522626,0.5463625733873202,0.6349275071385763,0.6960086988178088,0.7280467167343365,0.7187874064279263
202506192336,13,Partner,NonVerbal,0.5,0,2,0,0.0,0,1,1,1,1,1,EN,,,,,,,,,1.0,0.0,-1,1,1,2186,0.5,0.5,0.5440848845319045,0.6330417847425355,0.7038211397162172,0.7265291773755185,0.7308043728555481,0.7355929754619299,0.7389787138300964,0.7430837030427804,0.747658779331164
202506192336,14,Partner,NonVerbal,0.5,1,2,0,0.0,0,1,1,1,0,0,EN,,,,,,,,,1.0,0.0,1,1,1,2187,0.5,0.5,0.4551969993214906,0.41637572479048535,0.35986129560420466,0.3166097638301378,0.2836999519887551,0.2557811728773621,0.24753894135043966,0.23870456962555595,0.4171704925655743
202506192336,16,Adversary,NonVerbal,0.5,1,2,0,0.0,0,-1,1,1,1,1,EN,,,,,,,,,0.0,1.0,-1,0,1,2188,0.5,0.5,0.5341814425540231,0.5464414309144054,0.48750727990958187,0.5275132508817814,0.5182822646416002,0.5314574285769537,0.5649471642280798,0.5738545430676861,0.6936538648135245
202506192336,17,Partner,NonVerbal,0.5,0,2,0,0.0,0,1,1,1,1,1,EN,,,,,,,,,1.0,0.0,-1,1,1,2189,0.5,0.5,0.5442848793887597,0.5843087226427741,0.6103105265039065,0.6231894193723352,0.6322555157549422,0.6446224096174737,0.6469895885992619,0.6873454759314351,0.6743392259708784
202506192336,18,Partner,NonVerbal,0.5,1,2,0,0.0,0,1,1,1,0,0,EN,,,,,,,,,1.0,0.0,1,1,1,2190,0.5,0.5,0.4528003260947335,0.36562329377369107,0.2919818254899667,0.2649900426321498,0.24274309188169535,0.2244364264458697,0.2043279182523703,0.18530049815930338,0.2724074264422966
202506192336,19,Adversary,NonVerbal,0.5,0,2,0,0.0,0,-1,1,1,1,1,EN,,,,,,,,,0.0,1.0,-1,0,1,2191,0.5,0.5,0.5426853723128905,0.5814466210128382,0.6391542781054941,0.6676318740141702,0.63647705602639,0.5775196173826826,0.5032910591203295,0.42847912669761823,0.43301667980833963
202506192336,20,Adversary,NonVerbal,0.5,1,2,0,0.0,0,-1,1,1,1,1,EN,,,,,,,,,0.0,1.0,1,1,1,2192,0.5,0.5,0.538402615976692,0.6181713515911796,0.5826217458015036,0.6501925351930726,0.6615564255645504,0.6599619842391273,0.6648047239769149,0.6824233228386745,0.6246567627298799
202506192336,22,Partner,NonVerbal,0.5,1,2,0,0.0,0,1,1,1,0,0,EN,,,,,,,,,1.0,0.0,-1,1,1,2193,0.5,0.5,0.45074521418546964,0.4104376202935301,0.3514980117104912,0.3113937402320343,0.2739195965944174,0.23771902471000825,0.21303813344089587,0.18394746386524644,0.17303529098286352
202506192336,23,Adversary,NonVerbal,0.5,0,2,0,0.0,0,-1,1,1,1,1,EN,,,,,,,,,0.0,1.0,-1,1,1,2194,0.5,0.5,0.5426575088281245,0.6309691486635716,0.7034494099047734,0.7091339292663643,0.7189749168029614,0.7100708862918265,0.7142108345231353,0.7262613985756889,0.6952694230545403
202506192336,24,Adversary,NonVerbal,0.5,1,2,0,0.0,0,-1,1,1,0,0,EN,,,,,,,,,0.0,1.0,1,1,1,2195,0.5,0.5,0.4633837751392515,0.39261838959675677,0.40917651086610385,0.43058996363202723,0.4600578663585055,0.464981425619072,0.47241264542483524,0.5022693645098028,0.5424580676878566
202506192336,26,Partner,NonVerbal,0.5,1,2,0,0.0,0,1,1,1,0,0,EN,,,,,,,,,1.0,0.0,-1,1,1,2196,0.5,0.5,0.4533410504829334,0.41396589174370685,0.35181994654360804,0.31557853021265214,0.2926775208992669,0.25444425486250144,0.2840655024465754,0.4419135259926463,0.5065512970110488
202506192336,27,Adversary,NonVerbal,0.5,0,2,0,0.0,0,-1,1,1,0,0,EN,,,,,,,,,0.0,1.0,-1,-1,1,2197,0.5,0.5,0.46097052971757,0.4259163263722248,0.35279075741678223,0.2777147827496255,0.234045717131126,0.21554246643598649,0.22919786548297627,0.2794093051911483,0.3110378026876964
202506192336,28,Adversary,NonVerbal,0.5,1,2,0,0.0,0,1,-1,1,1,0,EN,,,,,,,,,1.0,0.0,1,1,1,2198,0.5,0.5,0.5345153297627188,0.5472806280995122,0.4690590702846258,0.2685502266374162,0.17698118157991274,0.17299390746922663,0.21553214140861418,0.4031069376628644,0.44029546229786454
202506192336,29,Partner,NonVerbal,0.5,0,2,0,0.0,0,1,1,1,0,0,EN,,,,,,,,,1.0,0.0,-1,1,1,2199,0.5,0.5,0.45800718699005066,0.3665121780234174,0.30485529212098195,0.2979730912006258,0.32362360641947285,0.34270998680064135,0.3105433218246977,0.27661904620384326,0.26823408104387886
202506192336,30,Partner,NonVerbal,0.5,1,2,0,0.0,0,1,1,1,0,0,EN,,,,,,,,,1.0,0.0,1,1,1,2200,0.5,0.5,0.45298977607312724,0.3784346737412861,0.3233357752814386,0.3011414316163922,0.2797172831377729,0.25790113192536435,0.2782279745995758,0.25760887845735203,0.263709483228366
202506192336,33,Partner,NonVerbal,0.5,0,2,0,0.0,0,1,1,1,1,1,EN,,,,,,,,,1.0,0.0,-1,1,1,2201,0.5,0.5,0.5442686948149802,0.5843266470439982,0.6481091308007038,0.684534742781918,0.6892489308503031,0.722231773048043,0.6536097497980586,0.7050211984286198,0.731020032561028
202506192336,34,Partner,NonVerbal,0.5,1,2,0,0.0,0,1,1,1,1,1,EN,,,,,,,,,1.0,0.0,-1,0,1,2202,0.5,0.5,0.5446237544542653,0.6268139425927739,0.6935990265480217,0.7073770587134608,0.5847165494570414,0.5091335088411277,0.5080314862618798,0.5087723940199952,0.5033531948894105
202506192336,35,Adversary,NonVerbal,0.5,0,2,0,0.0,0,-1,1,1,1,1,EN,,,,,,,,,0.0,1.0,-1,0,1,2203,0.5,0.5,0.5427165395498504,0.631058865026895,0.7064350342846294,0.7509930382665412,0.7521736321712759,0.7396110569080093,0.7492765401761892,0.7214536392971583,0.6622946996772002
202506192336,36,Adversary,NonVerbal,0.5,1,2,0,0.0,0,1,-1,1,0,1,EN,,,,,,,,,1.0,0.0,1,-1,1,2204,0.5,0.5,0.4653896285459373,0.37882455049851244,0.3688868782939154,0.3789314724165311,0.4358913070166352,0.5265381662117793,0.6509858464571128,0.7245377154589098,0.5749037603201941
202506192336,37,Partner,NonVerbal,0.5,0,2,0,0.0,0,1,1,1,1,1,EN,,,,,,,,,1.0,0.0,-1,0,1,2205,0.5,0.5,0.5443283096334277,0.633417051288966,0.7109767149322442,0.7338055369731182,0.7360418176897038,0.7568108396935184,0.7847179309172478,0.7961262227618693,0.759568859657263
202506192336,38,Partner,NonVerbal,0.5,1,2,0,0.0,0,1,1,1,1,1,EN,,,,,,,,,1.0,0.0,1,1,1,2206,0.5,0.5,0.5457539447162763,0.6228766881718532,0.6757802781897914,0.6467776713155107,0.5895464437865846,0.5640317417127567,0.553525275676044,0.5183036272245799,0.5130697644854105
202506192336,39,Adversary,NonVerbal,0.5,0,2,0,0.0,0,-1,1,1,0,0,EN,,,,,,,,,0.0,1.0,-1,1,1,2207,0.5,0.5,0.4606797254266255,0.37024805071137695,0.2899206694867255,0.2863586962626391,0.25211277150562644,0.25292599826602447,0.2900135654358905,0.3367140352480003,0.3742883715031832
202506192336,40,Adversary,NonVerbal,0.5,1,2,0,0.0,0,0,0,1,0,-1,EN,,,,,,,,,0.0,0.0,1,1,1,2208,0.5,0.5,0.4659533474623903,0.3940843951305666,0.38584113483745935,0.3920142520894818,0.4061692134578526,0.3636336405736688,0.43785847983940396,0.43730267162865916,0.5175496535024154
202506192336,41,Partner,NonVerbal,0.5,0,2,0,0.0,0,1,1,1,1,1,EN,,,,,,,,,1.0,0.0,-1,1,1,2209,0.5,0.5,0.5444260729525487,0.584516048221875,0.6522897806322719,0.6913851525975353,0.6899499169375504,0.5787155803213823,0.6634515368064358,0.6749724257063319,0.682814184828083
202506192336,42,Partner,NonVerbal,0.5,1,2,0,0.0,0,1,1,1,1,1,EN,,,,,,,,,1.0,0.0,-1,0,1,2210,0.5,0.5,0.5465887032657086,0.5867291077413106,0.6348935479808364,0.6665253122545054,0.6677035940672599,0.6531663260864932,0.6720092709467136,0.6998651402927749,0.6740500850734729
202506192336,43,Adversary,NonVerbal,0.5,0,2,0,0.0,0,-1,1,1,0,0,EN,,,,,,,,,0.0,1.0,-1,1,1,2211,0.5,0.5,0.461466792511969,0.4265148565213661,0.36969953664954186,0.31576121312913447,0.31163181766538717,0.3553530677024166,0.3561927789718455,0.40030406389465717,0.5538545360597096
202506192336,44,Adversary,NonVerbal,0.5,1,2,0,0.0,0,1,-1,1,1,0,EN,,,,,,,,,1.0,0.0,-1,1,1,2212,0.5,0.5,0.5350041374541953,0.5478946775138391,0.5678905332977328,0.6460198129864423,0.6402407705061497,0.6065358981458019,0.5421998664669124,0.44304743765504195,0.3837202523569275
202506192336,45,Partner,NonVerbal,0.5,0,2,0,0.0,0,-1,-1,1,0,1,EN,,,,,,,,,0.0,1.0,-1,1,1,2213,0.5,0.5,0.45821242545509994,0.3667379596406436,0.3101768718861937,0.3020662415498036,0.3035881613587275,0.3070006975784238,0.46201798974494773,0.6274657572989734,0.6900405530665058
202506192336,46,Partner,NonVerbal,0.5,1,2,0,0.0,0,1,1,1,0,0,EN,,,,,,,,,1.0,0.0,-1,1,1,2214,0.5,0.5,0.4531831227159924,0.3767634189671577,0.29789655604483567,0.2587000867708414,0.2426360899437761,0.271324294423564,0.24415972139291903,0.2255482192727378,0.2141034213982438
202506192336,47,Adversary,NonVerbal,0.5,0,2,0,0.0,0,-1,1,1,1,1,EN,,,,,,,,,0.0,1.0,-1,0,1,2215,0.5,0.5,0.5427645144814549,0.5815636107562,0.6430689202278654,0.6878806639067201,0.5328831950551989,0.3654342352796334,0.5448440509253736,0.5824429144774903,0.6120855548955795
202506200901,2,Partner,NonVerbal,0.5,1,2,0,0.0,0,-1,-1,0,0,0,EN,,,,,,,,,0.0,1.0,1,1,1,2216,0.5,0.5,0.4540268861696439,0.3715322484811378,0.29072135380536684,0.25333365130130786,0.22482813146013295,0.20360847760668563,0.19349833508715977,0.1851794767946238,0.18508171122821623
202506200901,3,Adversary,NonVerbal,0.5,0,2,0,0.0,0,1,-1,0,0,0,EN,,,,,,,,,1.0,0.0,-1,1,1,2217,0.5,0.5,0.4607524015849055,0.4256169280052261,0.379820314510541,0.3713168171205328,0.31662247388928777,0.30451708695851654,0.30022737660437493,0.319675764418799,0.3391101031480393
202506200901,4,Adversary,NonVerbal,0.5,1,2,0,0.0,0,1,-1,0,1,1,EN,,,,,,,,,1.0,0.0,0,1,1,2218,0.5,0.5,0.5374841628311325,0.6102468521061261,0.5522921822533512,0.6599927720376353,0.6956126997173845,0.7226202982870314,0.7583157406587926,0.5742569533504648,0.3816713070972158
202506200901,5,Partner,NonVerbal,0.5,0,2,0,0.0,0,1,1,1,0,0,EN,,,,,,,,,1.0,0.0,0,1,1,2219,0.5,0.5,0.4582265405006259,0.4209339754818886,0.3908754776722274,0.3788757408100217,0.38423512828113576,0.3855998177261464,0.38702689017368486,0.34519554559881466,0.3019496053459781
202506200901,6,Partner,NonVerbal,0.5,1,2,0,0.0,0,1,1,1,0,0,EN,,,,,,,,,1.0,0.0,-1,1,1,2220,0.5,0.5,0.45433900404413113,0.41531304285569776,0.3822963094115326,0.3609495892694346,0.35836763912491215,0.35062407999722894,0.3278897377483924,0.3002858396754558,0.2618152142594791
202506200901,7,Adversary,NonVerbal,0.5,0,2,0,0.0,0,-1,1,1,1,1,EN,,,,,,,,,0.0,1.0,1,1,1,2221,0.5,0.5,0.5426581972618967,0.5814692592189435,0.6340038188153424,0.6763872495997757,0.6728411167339166,0.6333021118172966,0.5681282926321247,0.4917171235558744,0.49435590348230035
202506200901,8,Adversary,NonVerbal,0.5,1,2,0,0.0,0,0,0,1,0,-1,EN,,,,,,,,,0.0,0.0,1,1,1,2222,0.5,0.5,0.4647234356230648,0.4516244250735843,0.4877290305654919,0.5771367332574892,0.6187899897859089,0.6532742705130821,0.6163063239250715,0.5605527347022475,0.4457089308177843
202506200901,9,Partner,NonVerbal,0.5,0,2,0,0.0,0,1,1,1,1,1,EN,,,,,,,,,1.0,0.0,1,0,1,2223,0.5,0.5,0.5441569148341197,0.6331508766851554,0.6992529636375938,0.7120202560876352,0.7133913235840057,0.7355504403702148,0.754427210333878,0.765857466923458,0.738077762572577
202506200901,10,Partner,NonVerbal,0.5,1,2,0,0.0,0,1,1,1,0,0,EN,,,,,,,,,1.0,0.0,1,1,1,2224,0.5,0.5,0.4438599862698455,0.36361490865683543,0.30092703967412104,0.2715780153941143,0.26693204895199385,0.26823914788064834,0.2661357225340907,0.2379550557864406,0.25369999021013906
202506200901,11,Adversary,NonVerbal,0.5,0,2,0,0.0,0,-1,1,1,0,0,EN,,,,,,,,,0.0,1.0,1,1,1,2225,0.5,0.5,0.46054824516887094,0.42530772289515095,0.3863480623444942,0.31672684491052266,0.27606541997122286,0.26860281652234075,0.2663553776993308,0.44620515260716026,0.6270903195878504
202506200901,13,Partner,NonVerbal,0.5,0,2,0,0.0,0,1,1,1,1,1,EN,,,,,,,,,1.0,0.0,1,1,1,2226,0.5,0.5,0.544206351027293,0.6331687060148542,0.7120154874424776,0.7384439911078975,0.7384514224978258,0.5580612561332045,0.6871864156451511,0.6987817690617872,0.7078867296574448
202506200901,15,Adversary,NonVerbal,0.5,0,2,0,0.0,0,-1,1,1,1,1,EN,,,,,,,,,0.0,1.0,1,0,1,2227,0.5,0.5,0.542713706404193,0.6310102967799713,0.709017114777174,0.7357412468887876,0.7570939347585598,0.7519437554955469,0.5722139142124925,0.3821755066736763,0.5291675050184022
202506200901,16,Adversary,NonVerbal,0.5,1,2,0,0.0,0,-1,1,1,0,0,EN,,,,,,,,,0.0,1.0,1,1,1,2228,0.5,0.5,0.46384626906432386,0.45084725148317817,0.5109817898295255,0.5681220314630557,0.5512433730105822,0.6137711663871193,0.5682255519808349,0.4588854597227576,0.4557347260879676
202506200901,19,Adversary,NonVerbal,0.5,0,2,0,0.0,0,-1,1,1,0,0,EN,,,,,,,,,0.0,1.0,1,1,1,2229,0.5,0.5,0.4609482962076479,0.370471309593475,0.3122074925049009,0.401425809030779,0.3441212207675025,0.3314607365659154,0.32458840178636544,0.32006240332154917,0.31524927992467755
202506200901,20,Adversary,NonVerbal,0.5,1,2,0,0.0,0,1,-1,1,1,0,EN,,,,,,,,,1.0,0.0,0,0,1,2230,0.5,0.5,0.5351889502514573,0.548254770826325,0.4546766970111509,0.43050903122642536,0.36311190571799346,0.33209177554432595,0.47280293204895885,0.37017821114714167,0.33253183166233113
202506200901,21,Partner,NonVerbal,0.5,0,2,0,0.0,0,1,1,1,1,1,EN,,,,,,,,,1.0,0.0,-1,0,1,2231,0.5,0.5,0.5443335050923912,0.5843502898620244,0.6407493450732991,0.6778631272939605,0.6795582110032086,0.679285425292756,0.6791984967015144,0.6791116073015858,0.6790247570743098
202506200901,24,Adversary,NonVerbal,0.5,1,2,0,0.0,0,-1,1,1,0,0,EN,,,,,,,,,0.0,1.0,-1,1,1,2232,0.5,0.5,0.466528200672097,0.3897955501756263,0.3732256418627432,0.38174225839914533,0.3429884688020361,0.432588655836575,0.48945519662510895,0.5843014889579707,0.45489004208855
202506200901,26,Partner,NonVerbal,0.5,1,2,0,0.0,0,1,1,1,0,0,EN,,,,,,,,,1.0,0.0,1,1,1,2233,0.5,0.5,0.45264405049665246,0.41302132360683136,0.38727366663000284,0.37252256279339463,0.3230335949956889,0.27769678570349865,0.2613940738941459,0.23315573842016823,0.20072887449271246
202506200901,27,Adversary,NonVerbal,0.5,0,2,0,0.0,0,-1,1,1,1,1,EN,,,,,,,,,0.0,1.0,0,0,1,2234,0.5,0.5,0.5421439973095333,0.5806894531690201,0.6464992772778897,0.6625324207012002,0.6784351722231821,0.6800509257490303,0.6865568284925893,0.6986704473161318,0.6960045130301826
202506200901,28,Adversary,NonVerbal,0.5,1,2,0,0.0,0,-1,1,1,0,0,EN,,,,,,,,,0.0,1.0,-1,0,1,2235,0.5,0.5,0.46332412786887217,0.39622986677856353,0.43740128109018356,0.47871637129605205,0.468337246433295,0.537933290303717,0.5553597437302127,0.46476448341603127,0.39659995004151294
202506200901,29,Partner,NonVerbal,0.5,0,2,0,0.0,0,1,1,1,1,1,EN,,,,,,,,,1.0,0.0,0,0,1,2236,0.5,0.5,0.5443233777371425,0.5843722648650984,0.6439184445082662,0.680846626164608,0.6556825505877364,0.6392690097528613,0.6533095486521824,0.6997381118564217,0.6669415204215087
202506200901,30,Partner,NonVerbal,0.5,1,2,0,0.0,0,1,1,1,0,0,EN,,,,,,,,,1.0,0.0,1,0,1,2237,0.5,0.5,0.45419889355819015,0.3703852895880892,0.29374752642426055,0.2606459496886912,0.25470153927075606,0.2528122852730403,0.24689915944086457,0.2242239480403309,0.21014776619217096
202506200901,31,Adversary,NonVerbal,0.5,0,2,0,0.0,0,-1,1,1,1,1,EN,,,,,,,,,0.0,1.0,1,0,1,2238,0.5,0.5,0.5425237155983051,0.6307727140335654,0.6869610217407834,0.7072185774677185,0.705495031163873,0.6679913331720128,0.6033695059309556,0.4853665425409466,0.36031365295826584
202506200901,32,Adversary,NonVerbal,0.5,1,2,0,0.0,0,1,-1,1,1,0,EN,,,,,,,,,1.0,0.0,0,0,1,2239,0.5,0.5,0.5345515016235665,0.5471614223414651,0.4705993473861772,0.26829761930006496,0.17767938127437743,0.1716288236899102,0.3230560491676744,0.32493699955464744,0.3319955652253697
202506200901,33,Partner,NonVerbal,0.5,0,2,0,0.0,0,1,1,1,0,0,EN,,,,,,,,,1.0,0.0,1,1,1,2240,0.5,0.5,0.4581885595665016,0.3667673078227801,0.29247667322636783,0.27188396030584044,0.25053097084777315,0.23152548571369413,0.2754335931652316,0.3249372161702043,0.3317766085903479
202506200901,34,Partner,NonVerbal,0.5,1,2,0,0.0,0,1,1,1,1,1,EN,,,,,,,,,1.0,0.0,1,0,1,2241,0.5,0.5,0.547308679303986,0.587698208769035,0.6346529017977033,0.664283175081541,0.6642905496771945,0.6313723786493999,0.6318273747410655,0.6602224062517622,0.6567002598516097
202506200901,35,Adversary,NonVerbal,0.5,0,2,0,0.0,0,-1,1,1,0,0,EN,,,,,,,,,0.0,1.0,-1,1,1,2242,0.5,0.5,0.460794088829056,0.3708893841493025,0.28455936010825855,0.25371398351597746,0.27040528853669143,0.28661741230630444,0.31269155985002434,0.28382710093381885,0.25502225609293167
202506200901,37,Partner,NonVerbal,0.5,0,2,0,0.0,0,1,1,1,1,1,EN,,,,,,,,,1.0,0.0,0,0,1,2243,0.5,0.5,0.5443117191804802,0.6333814284940438,0.7076682985940507,0.7311202471370343,0.7317685160188289,0.56957415159283,0.6900318776368595,0.700375628390133,0.712754887586561
202506200901,38,Partner,NonVerbal,0.5,1,2,0,0.0,0,1,1,1,1,1,EN,,,,,,,,,1.0,0.0,1,0,1,2244,0.5,0.5,0.5478286544884712,0.6284037658016891,0.7030836197268949,0.7317615638363016,0.7312629429330115,0.7166904479228229,0.7273331021151882,0.7500962234784089,0.7580639872967861
202506200901,40,Adversary,NonVerbal,0.5,1,2,0,0.0,0,-1,1,1,1,1,EN,,,,,,,,,0.0,1.0,1,1,1,2245,0.5,0.5,0.5370052594410447,0.5499979828490605,0.5542231000079402,0.6249667598685573,0.6514646233473047,0.6542691865259319,0.5606312978007707,0.48089912729088496,0.4000646655005646
202506200901,41,Partner,NonVerbal,0.5,0,2,0,0.0,0,-1,-1,1,0,1,EN,,,,,,,,,0.0,1.0,1,1,1,2246,0.5,0.5,0.458273660673077,0.3667111202473858,0.2959084745233645,0.2781786981386341,0.3134919772665628,0.34217673338103816,0.40070668707357865,0.5439437348072931,0.6351008179873737
202506200901,42,Partner,NonVerbal,0.5,1,2,0,0.0,0,1,1,1,0,0,EN,,,,,,,,,1.0,0.0,1,1,1,2247,0.5,0.5,0.4560415630728762,0.417457144169784,0.39180554388164773,0.3826498860565329,0.3345490358659164,0.29585651303984617,0.2958859446063178,0.38261013915134034,0.4381426743921297
202506200901,44,Adversary,NonVerbal,0.5,1,2,0,0.0,0,-1,1,1,0,0,EN,,,,,,,,,0.0,1.0,0,1,1,2248,0.5,0.5,0.4663405327494944,0.3922220515772315,0.39205862875358083,0.4116088609833177,0.36441351831038993,0.3558251968614066,0.37653224625682585,0.39763097866766123,0.42573132223973115
202506200901,45,Partner,NonVerbal,0.5,0,2,0,0.0,0,1,1,1,0,0,EN,,,,,,,,,1.0,0.0,0,1,1,2249,0.5,0.5,0.45859060487017783,0.3670986804577996,0.29390556036277526,0.27307699326700363,0.3104581932449727,0.4141332102845187,0.3956819504735358,0.3441536072638286,0.3705792606923112
202506200901,46,Partner,NonVerbal,0.5,1,2,0,0.0,0,1,1,1,0,0,EN,,,,,,,,,1.0,0.0,1,1,1,2250,0.5,0.5,0.4573001084449819,0.41925212289666597,0.35217824966472755,0.3128678686799819,0.2847903976694749,0.2606631147200288,0.3233740783740385,0.4053732604478775,0.4250296094261192
202506200901,47,Adversary,NonVerbal,0.5,0,2,0,0.0,0,-1,1,1,0,0,EN,,,,,,,,,0.0,1.0,0,1,1,2251,0.5,0.5,0.46063166520775173,0.425445893252164,0.3922343657244704,0.3815361711861965,0.35265272808129516,0.31262753681157124,0.46801532984995836,0.6643477444299475,0.44623295777870486
202506200901,48,Adversary,NonVerbal,0.5,1,2,0,0.0,0,-1,1,1,1,1,EN,,,,,,,,,0.0,1.0,1,0,1,2252,0.5,0.5,0.5385774641371992,0.5526430935684324,0.4773201124200008,0.38550489075271716,0.4806773493204135,0.5551227345802832,0.5952167939268188,0.5544272576888326,0.6123425328231958
202506200901,49,Partner,NonVerbal,0.5,0,2,0,0.0,0,1,1,1,0,0,EN,,,,,,,,,1.0,0.0,1,1,1,2253,0.5,0.5,0.4586111919960778,0.36708737272969333,0.2979977648874293,0.27919846455215824,0.31671165480940944,0.44963622517134527,0.4965714063071007,0.49221588832079477,0.5036982328784817
202506200901,50,Partner,NonVerbal,0.5,1,2,0,0.0,0,1,1,1,0,0,EN,,,,,,,,,1.0,0.0,1,0,1,2254,0.5,0.5,0.4502274354835622,0.40965950654505917,0.36011167230269325,0.3285114271953641,0.3287698274200371,0.3308206239468985,0.4816114365907902,0.47333843513710677,0.4027014649911966
202506200901,51,Adversary,NonVerbal,0.5,0,2,0,0.0,0,-1,1,1,1,1,EN,,,,,,,,,0.0,1.0,-1,0,1,2255,0.5,0.5,0.5427433891019976,0.6309920642765832,0.7128461228424517,0.7445851250217539,0.7317401063457029,0.7286716971235278,0.7536578617484785,0.7634616448900581,0.7541250306926491
202506200901,52,Adversary,NonVerbal,0.5,1,2,0,0.0,0,-1,1,1,0,0,EN,,,,,,,,,0.0,1.0,0,1,1,2256,0.5,0.5,0.46700165966439544,0.3827847142328451,0.390435000973766,0.33708427053172685,0.31576907930752,0.3187664617542568,0.3383999120912434,0.3850586057861749,0.37094637292935895
202506200901,53,Partner,NonVerbal,0.5,0,2,0,0.0,0,1,1,1,0,0,EN,,,,,,,,,1.0,0.0,-1,1,1,2257,0.5,0.5,0.4580967949984957,0.4207733555736812,0.40455407602396615,0.39896843957132483,0.3987441243682667,0.3993002214998076,0.40060386939961473,0.3922911790515158,0.37883455582933917
202506200901,54,Partner,NonVerbal,0.5,1,2,0,0.0,0,1,1,1,1,1,EN,,,,,,,,,1.0,0.0,1,1,1,2258,0.5,0.5,0.5448157795009589,0.6288468787103735,0.6953577440221894,0.6701557903321111,0.616674005253018,0.5480773427847455,0.5198977121766248,0.5205514478677056,0.5198422932408503
202506200901,55,Adversary,NonVerbal,0.5,0,2,0,0.0,0,-1,1,1,1,1,EN,,,,,,,,,0.0,1.0,1,0,1,2259,0.5,0.5,0.5426885524977971,0.5814427355725718,0.6458280547785572,0.6980075955036191,0.7012830282993008,0.6712293043457163,0.5792029261397774,0.42455780075583593,0.45821772953156875
202506200901,56,Adversary,NonVerbal,0.5,1,2,0,0.0,0,-1,1,1,0,0,EN,,,,,,,,,0.0,1.0,1,0,1,2260,0.5,0.5,0.46396888593080204,0.4506704963825166,0.5412643970564989,0.520747834473055,0.4788191727519751,0.42382340709226174,0.33375745149747893,0.3659695366486697,0.404880533417257
202506200901,57,Partner,NonVerbal,0.5,0,2,0,0.0,0,1,1,1,1,1,EN,,,,,,,,,1.0,0.0,0,1,1,2261,0.5,0.5,0.5446918701029214,0.6335100962231021,0.7094409359016817,0.7328784112193705,0.7318043295094124,0.7295810035235368,0.7498279119418869,0.7688568128470904,0.7715548383050057
202506200901,59,Adversary,NonVerbal,0.5,0,2,0,0.0,0,-1,1,1,1,1,EN,,,,,,,,,0.0,1.0,0,0,1,2262,0.5,0.5,0.5426414569845674,0.5813674568328004,0.6382522320803115,0.689074759729086,0.5372333759298736,0.36615371601613633,0.41654919737616103,0.4528568313371137,0.4741271776725357
202506200901,60,Adversary,NonVerbal,0.5,1,2,0,0.0,0,-1,1,1,1,1,EN,,,,,,,,,0.0,1.0,1,1,1,2263,0.5,0.5,0.5336717266682115,0.6106441245583394,0.6053657345848252,0.677667404311298,0.6936470807197431,0.6876894938609057,0.6496642393109227,0.6717563477479044,0.6551269512192206
202506200901,63,Adversary,NonVerbal,0.5,0,2,0,0.0,0,-1,1,1,0,0,EN,,,,,,,,,0.0,1.0,1,0,1,2264,0.5,0.5,0.4606319063259068,0.3699122046398929,0.2950793494550814,0.25715871524693124,0.2393350807701827,0.23425080367237489,0.232303053134349,0.2506341695870846,0.2750215983443013
202506200901,64,Adversary,NonVerbal,0.5,1,2,0,0.0,0,-1,1,1,1,1,EN,,,,,,,,,0.0,1.0,1,0,1,2265,0.5,0.5,0.5359841985696862,0.6110206454685405,0.6224264355957593,0.6661359244503329,0.6956956742008755,0.6598067870334536,0.6578227371210432,0.6624911217168675,0.6548553869057038
202506200901,66,Partner,NonVerbal,0.5,1,2,0,0.0,0,1,1,1,0,0,EN,,,,,,,,,1.0,0.0,0,1,1,2266,0.5,0.5,0.4548506609896102,0.41597403022285206,0.35009493664737706,0.3029105523219672,0.2957238026815581,0.29205828383133386,0.286545301127686,0.28556501077300317,0.45395672848820706
202506200901,67,Adversary,NonVerbal,0.5,0,2,0,0.0,0,-1,1,1,0,0,EN,,,,,,,,,0.0,1.0,-1,1,1,2267,0.5,0.5,0.4608127242860964,0.3703778643139906,0.28785382384595487,0.24231702852729295,0.22170599219496032,0.217822192416254,0.21622183114893248,0.21534983209732808,0.22642755687796087
202506200901,68,Adversary,NonVerbal,0.5,1,2,0,0.0,0,1,-1,1,0,1,EN,,,,,,,,,1.0,0.0,1,1,1,2268,0.5,0.5,0.46594792196241386,0.4534175743952421,0.46809870036223694,0.5178309280321738,0.56166820621673,0.6048261064909919,0.5969193798121206,0.5099294924143195,0.4643583703886376
202506200901,70,Partner,NonVerbal,0.5,1,2,0,0.0,0,1,1,1,1,1,EN,,,,,,,,,1.0,0.0,-1,0,1,2269,0.5,0.5,0.5471220672349666,0.5872280857445911,0.6543678568963723,0.7011596572073389,0.7068361038022912,0.6973694738766976,0.6799646635216956,0.6740781291692786,0.707427112241498
202506200901,71,Adversary,NonVerbal,0.5,0,2,0,0.0,0,-1,1,1,0,0,EN,,,,,,,,,0.0,1.0,1,1,1,2270,0.5,0.5,0.46076502012338005,0.4256513745002714,0.3682728518069567,0.31747040734960896,0.2794211039989866,0.23691829457148988,0.22084029831553362,0.20092575260810958,0.3128133945789916
202506200901,73,Partner,NonVerbal,0.5,0,2,0,0.0,0,1,1,1,1,1,EN,,,,,,,,,1.0,0.0,1,0,1,2271,0.5,0.5,0.5447058920120879,0.5848655973218474,0.6524587788372681,0.6956665735678675,0.6978548120005956,0.6946361535368497,0.7172119153791342,0.7396572151308841,0.7404842444880263
202506201208,1,Partner,NonVerbal,0.5,0,2,0,0.0,0,-1,-1,0,0,0,EN,,,,,,,,,0.0,1.0,-1,1,1,2272,0.5,0.5,0.4581450997145892,0.4208187180790573,0.3514944577833096,0.31522748622173136,0.3368921560700956,0.36608848504162406,0.4464432159661598,0.4906129736632496,0.5024591889793848
202506201208,4,Adversary,NonVerbal,0.5,1,2,0,0.0,0,1,-1,0,1,1,EN,,,,,,,,,1.0,0.0,0,0,1,2273,0.5,0.5,0.5431517812122705,0.5577810514691005,0.579413951456696,0.6423471391695511,0.6944706611391367,0.6742931074030486,0.7055778682387528,0.6653642876012543,0.6592070508606529
202506201208,5,Partner,NonVerbal,0.5,0,2,0,0.0,0,1,1,1,0,0,EN,,,,,,,,,1.0,0.0,-1,1,1,2274,0.5,0.5,0.45826453350422525,0.36681199102669804,0.2921773193092982,0.26345752598587113,0.2589252328177925,0.24972612422375026,0.2616379070759329,0.3107295355565873,0.35874579976147813
202506201208,6,Partner,NonVerbal,0.5,1,2,0,0.0,0,1,1,1,1,1,EN,,,,,,,,,1.0,0.0,1,0,1,2275,0.5,0.5,0.5456228631035952,0.5855342760190683,0.6298438205297265,0.6587943535141859,0.6599091580137271,0.6414516510206842,0.6775479426745988,0.7023279627088641,0.699080470970184
202506201208,9,Partner,NonVerbal,0.5,0,2,0,0.0,0,1,1,1,1,1,EN,,,,,,,,,1.0,0.0,0,0,1,2276,0.5,0.5,0.5444158867061327,0.5844784972112682,0.6297134590749285,0.6567244802321399,0.6576803173420501,0.6037859723910683,0.645744924206048,0.6566023621747703,0.6625392906631097
202506201208,10,Partner,NonVerbal,0.5,1,2,0,0.0,0,1,1,1,1,1,EN,,,,,,,,,1.0,0.0,-1,0,1,2277,0.5,0.5,0.5462472498178905,0.5863101379857889,0.6388511943611107,0.6716659341992002,0.6715445007792923,0.6760213582552175,0.6854842988979198,0.6912664201142218,0.6883066868163786
202506201208,11,Adversary,NonVerbal,0.5,0,2,0,0.0,0,-1,1,1,1,1,EN,,,,,,,,,0.0,1.0,1,1,1,2278,0.5,0.5,0.5425905377088942,0.6310353081775658,0.7040350204504998,0.7260954161440688,0.7055219885539271,0.6110473382994784,0.44859899384329077,0.5218079684705338,0.47517186948070667
202506201208,12,Adversary,NonVerbal,0.5,1,2,0,0.0,0,-1,1,1,0,0,EN,,,,,,,,,0.0,1.0,1,1,1,2279,0.5,0.5,0.4646222765284435,0.37811675213435786,0.39263624761072546,0.4246665365809683,0.5367401807317158,0.581766202169887,0.48230037694070477,0.34903154530384745,0.31771059146687897
202506201208,13,Partner,NonVerbal,0.5,0,2,0,0.0,0,1,1,1,0,0,EN,,,,,,,,,1.0,0.0,-1,1,1,2280,0.5,0.5,0.45930465385401775,0.3680171119970919,0.2931431062537843,0.27116044172840514,0.27224626981333083,0.30043442954997246,0.33867950070343783,0.3143872874408351,0.28520987478910226
202506201208,14,Partner,NonVerbal,0.5,1,2,0,0.0,0,1,1,1,0,0,EN,,,,,,,,,1.0,0.0,-1,1,1,2281,0.5,0.5,0.45596003350288555,0.3747007786746181,0.3076317722436863,0.28018829018694164,0.27246426260376355,0.2658287171437716,0.26336602504975265,0.4374984652882973,0.44643133826685427
202506201208,15,Adversary,NonVerbal,0.5,0,2,0,0.0,0,-1,1,1,1,1,EN,,,,,,,,,0.0,1.0,-1,0,1,2282,0.5,0.5,0.5426890465236062,0.5814798113118853,0.6470265759778122,0.6829832736205561,0.6563815344650842,0.5997481628523649,0.524999059539655,0.44663123448720055,0.4471898652711919
202506201208,16,Adversary,NonVerbal,0.5,1,2,0,0.0,0,-1,1,1,0,0,EN,,,,,,,,,0.0,1.0,-1,1,1,2283,0.5,0.5,0.4654025752321472,0.3878146691848093,0.3766776517106007,0.3675564070486823,0.35883257833799076,0.3546950767704099,0.28706519595773045,0.4536398125187703,0.49627934773817306
202506201208,17,Partner,NonVerbal,0.5,0,2,0,0.0,0,-1,-1,1,0,1,EN,,,,,,,,,0.0,1.0,1,1,1,2284,0.5,0.5,0.45823462572500046,0.420990953292365,0.3589723733351184,0.30985306951598557,0.3022686894092183,0.44056803552843954,0.5607142156971194,0.5869045223897005,0.6392411916071347
202506201208,18,Partner,NonVerbal,0.5,1,2,0,0.0,0,1,1,1,1,1,EN,,,,,,,,,1.0,0.0,-1,0,1,2285,0.5,0.5,0.5440551021370126,0.6337914478311655,0.7024750672439866,0.6614358850851075,0.595542928442624,0.5624561109114158,0.5482891645573688,0.5592314063478444,0.5770886653725986
202506201208,19,Adversary,NonVerbal,0.5,0,2,0,0.0,0,-1,1,1,0,0,EN,,,,,,,,,0.0,1.0,-1,1,1,2286,0.5,0.5,0.46072192944716966,0.4255690600604066,0.3675448365609657,0.31990148762209736,0.3154640630290948,0.33374382512635453,0.37604476111305435,0.3554361184145459,0.42038530050631384
202506201208,20,Adversary,NonVerbal,0.5,1,2,0,0.0,0,1,-1,1,0,1,EN,,,,,,,,,1.0,0.0,-1,1,1,2287,0.5,0.5,0.46408436611801035,0.4509248441504137,0.5463990261134043,0.6696317884881466,0.6378836628749763,0.6013176438838792,0.5916314747582856,0.5448419799316582,0.5036277856979908
202506201208,21,Partner,NonVerbal,0.5,0,2,0,0.0,0,1,1,1,0,0,EN,,,,,,,,,1.0,0.0,1,1,1,2288,0.5,0.5,0.45839485232442856,0.42117905265723227,0.3622683271396233,0.3280318319931703,0.34855674624038613,0.37282131896420717,0.3824207590233686,0.38123728754821373,0.47784697381875574
202506201208,22,Partner,NonVerbal,0.5,1,2,0,0.0,0,1,1,1,0,0,EN,,,,,,,,,1.0,0.0,-1,1,1,2289,0.5,0.5,0.4556923547946655,0.4170820416609567,0.34661197793233,0.30172130763112065,0.30199427137383295,0.30345752803957127,0.29623726690670527,0.2910087456994212,0.29821984012169594
202506201208,23,Adversary,NonVerbal,0.5,0,2,0,0.0,0,-1,1,1,0,0,EN,,,,,,,,,0.0,1.0,0,1,1,2290,0.5,0.5,0.46131543133066283,0.37120797766934327,0.2885614515303864,0.24932477057128277,0.22843524929106984,0.2185871788167811,0.21736858711995358,0.21694650452614,0.22813904871627924
202506201208,24,Adversary,NonVerbal,0.5,1,2,0,0.0,0,-1,1,1,1,1,EN,,,,,,,,,0.0,1.0,-1,0,1,2291,0.5,0.5,0.5353074014416266,0.5478264258996746,0.4800557530713769,0.5885441070380086,0.6829938426368726,0.7052851358854008,0.6537664960928715,0.6440825124970726,0.6915130576316493
202506201208,25,Partner,NonVerbal,0.5,0,2,0,0.0,0,1,1,1,0,0,EN,,,,,,,,,1.0,0.0,1,1,1,2292,0.5,0.5,0.45806869986156157,0.3665910661194489,0.29537166743146287,0.2751856223887046,0.31533462323519673,0.4421669067241856,0.4931434622422317,0.49817168426131764,0.49176736749395805
202506201208,26,Partner,NonVerbal,0.5,1,2,0,0.0,0,1,1,1,0,0,EN,,,,,,,,,1.0,0.0,0,1,1,2293,0.5,0.5,0.45590602575185385,0.36887228098339353,0.296533328326078,0.281680191079686,0.2937058646469822,0.385217887496032,0.4417069426977869,0.462828329404401,0.47119494394146844
202506201208,27,Adversary,NonVerbal,0.5,0,2,0,0.0,0,-1,1,1,0,0,EN,,,,,,,,,0.0,1.0,1,1,1,2294,0.5,0.5,0.46130635426547417,0.4263750540127104,0.36102486951460666,0.2952638830246481,0.26860228255042506,0.26036062442817554,0.2570818063298826,0.27600046442457504,0.2951619662210487
202506201208,28,Adversary,NonVerbal,0.5,1,2,0,0.0,0,1,-1,1,0,1,EN,,,,,,,,,1.0,0.0,1,1,1,2295,0.5,0.5,0.46323727665590875,0.3853767856837207,0.3927501895167579,0.33449788081057524,0.31229506700298515,0.2072099856504327,0.4692975200530587,0.5359551904572727,0.6145104219435812
202506201208,29,Partner,NonVerbal,0.5,0,2,0,0.0,0,1,1,1,0,0,EN,,,,,,,,,1.0,0.0,1,1,1,2296,0.5,0.5,0.45856539924971784,0.42139956039750637,0.3981955763794985,0.3867063709975612,0.38046660463744025,0.37171010019031847,0.3311399412398095,0.3218762032507555,0.3527613704518878
202506201208,30,Partner,NonVerbal,0.5,1,2,0,0.0,0,1,1,1,0,0,EN,,,,,,,,,1.0,0.0,-1,1,1,2297,0.5,0.5,0.45253681828856623,0.4128890489815332,0.3429103062358778,0.29695588371946646,0.27237999980983457,0.24312285344794166,0.2164523201693913,0.19821199112792848,0.33040085837621175
202506201208,31,Adversary,NonVerbal,0.5,0,2,0,0.0,0,-1,1,1,1,1,EN,,,,,,,,,0.0,1.0,-1,0,1,2298,0.5,0.5,0.5425386887144652,0.5813977515792343,0.6382884754787433,0.6881541935898159,0.5378262509449178,0.36714999890026256,0.4173452333106793,0.45282408922125145,0.4719857407856998
202506201208,34,Partner,NonVerbal,0.5,1,2,0,0.0,0,1,1,1,1,1,EN,,,,,,,,,1.0,0.0,1,0,1,2299,0.5,0.5,0.5467147224319658,0.5869803403003476,0.6471612435744742,0.6859793035815362,0.6860476197574008,0.5301634054077536,0.6024313947545877,0.6435851682197836,0.6511860001534908
202506201208,35,Adversary,NonVerbal,0.5,0,2,0,0.0,0,-1,1,1,0,0,EN,,,,,,,,,0.0,1.0,-1,1,1,2300,0.5,0.5,0.46060439858078295,0.3700285954919505,0.285290647909569,0.2513373499362063,0.2608264535088355,0.3062728926900165,0.308973282113626,0.35686952158257707,0.37641856767279713
202506201208,37,Partner,NonVerbal,0.5,0,2,0,0.0,0,1,1,1,0,0,EN,,,,,,,,,1.0,0.0,-1,1,1,2301,0.5,0.5,0.4580942825210253,0.42077564773454196,0.3980838590404078,0.38697559924075603,0.38308080272530326,0.3263352924645007,0.2900755741469837,0.3305442045969237,0.36260388598071136
202506201208,38,Partner,NonVerbal,0.5,1,2,0,0.0,0,1,1,1,1,1,EN,,,,,,,,,1.0,0.0,-1,0,1,2302,0.5,0.5,0.5459320986365719,0.6299887636372168,0.7010428135488123,0.70532211245197,0.6821749736724565,0.6660034122578328,0.6542268694276913,0.5326753240901809,0.5269037422361278
202506201208,39,Adversary,NonVerbal,0.5,0,2,0,0.0,0,-1,1,1,0,0,EN,,,,,,,,,0.0,1.0,-1,1,1,2303,0.5,0.5,0.46077720660722105,0.370296465906031,0.3115563716183473,0.2887040263136975,0.2709168644227195,0.25587875957800144,0.2398530712083631,0.26342771571532475,0.2890555898431184
202506201208,40,Adversary,NonVerbal,0.5,1,2,0,0.0,0,-1,1,1,1,1,EN,,,,,,,,,0.0,1.0,1,1,1,2304,0.5,0.5,0.5356108364149864,0.5485259565202187,0.5695940294231464,0.6434010133928776,0.6492205042013927,0.619010847377724,0.5950427297471496,0.5452445024074597,0.5487075253650702
202506201208,41,Partner,NonVerbal,0.5,0,2,0,0.0,0,1,1,1,1,1,EN,,,,,,,,,1.0,0.0,-1,1,1,2305,0.5,0.5,0.5437943655594136,0.6330416565047752,0.7054693903480387,0.728033700420502,0.6993677402547601,0.6087658142790837,0.6531461466028003,0.6633587329718513,0.6722524447054103
202506201208,42,Partner,NonVerbal,0.5,1,2,0,0.0,0,1,1,1,1,1,EN,,,,,,,,,1.0,0.0,1,0,1,2306,0.5,0.5,0.5451877434960772,0.623706667556231,0.683297802240485,0.7020094474750065,0.7023263996882796,0.6596727280555391,0.7087752349913963,0.7318405500281987,0.7249364343689512
202506201208,43,Adversary,NonVerbal,0.5,0,2,0,0.0,0,-1,1,1,0,0,EN,,,,,,,,,0.0,1.0,-1,1,1,2307,0.5,0.5,0.46057352028081133,0.3702729324794814,0.3034890943791497,0.2896068883074347,0.2588230716704642,0.3319897653576893,0.3552765648536666,0.344238123540126,0.32794296560192965
202506201208,44,Adversary,NonVerbal,0.5,1,2,0,0.0,0,1,-1,1,0,1,EN,,,,,,,,,1.0,0.0,0,1,1,2308,0.5,0.5,0.4656672438725965,0.38741977824342316,0.40852022333886673,0.43049029930961535,0.43717419879690605,0.5036443271091461,0.5230797148920069,0.5964604705022313,0.6022260506391858
202506201208,46,Partner,NonVerbal,0.5,1,2,0,0.0,0,1,1,1,0,0,EN,,,,,,,,,1.0,0.0,1,1,1,2309,0.5,0.5,0.45580323366532516,0.3797301328317561,0.31463996866602373,0.2833748467276988,0.275513956022451,0.27668854460514974,0.2515661658496615,0.2202993789034303,0.2373585184669728
202506201208,47,Adversary,NonVerbal,0.5,0,2,0,0.0,0,-1,1,1,1,1,EN,,,,,,,,,0.0,1.0,-1,0,1,2310,0.5,0.5,0.5426013351181753,0.581405905764725,0.6393443236182212,0.6751678777109831,0.6560562805775374,0.6056045239390148,0.5354234887879871,0.46014371292423173,0.4566677254556971
202506201208,48,Adversary,NonVerbal,0.5,1,2,0,0.0,0,-1,1,1,1,1,EN,,,,,,,,,0.0,1.0,1,0,1,2311,0.5,0.5,0.5345147632639801,0.5470954496109217,0.5649603420825173,0.5674607980158785,0.5407743291937833,0.42528210695882646,0.38812031608290914,0.4021953294727795,0.425238551040943
202506201208,49,Partner,NonVerbal,0.5,0,2,0,0.0,0,1,1,1,0,0,EN,,,,,,,,,1.0,0.0,1,1,1,2312,0.5,0.5,0.4581307257512092,0.36660512483509644,0.30132309066748236,0.28667975300083764,0.28794802462752195,0.2880583341521305,0.4052597024045444,0.44831919738371245,0.4363391497728282
202506201208,51,Adversary,NonVerbal,0.5,0,2,0,0.0,0,-1,1,1,1,1,EN,,,,,,,,,0.0,1.0,-1,1,1,2313,0.5,0.5,0.5427805168835749,0.5815072098408636,0.610888378791887,0.6477770267495969,0.5175760572708991,0.40502509922002583,0.5159627915660646,0.6058606884893079,0.49557056283840434
202506201208,52,Adversary,NonVerbal,0.5,1,2,0,0.0,0,-1,1,1,0,0,EN,,,,,,,,,0.0,1.0,0,1,1,2314,0.5,0.5,0.4655314008363071,0.3902158220103869,0.4427217237211712,0.44912792327610057,0.4073539141925107,0.4060025390811371,0.398375580938302,0.3983917869936425,0.4459653031272798
202506201208,53,Partner,NonVerbal,0.5,0,2,0,0.0,0,1,1,1,1,1,EN,,,,,,,,,1.0,0.0,-1,0,1,2315,0.5,0.5,0.544540515827783,0.5846985782048819,0.6264332127576161,0.6430953228306642,0.6450688680967264,0.6760188641229575,0.7016131195958424,0.7128898732475348,0.6892704948313085
202506201208,54,Partner,NonVerbal,0.5,1,2,0,0.0,0,1,1,1,0,0,EN,,,,,,,,,1.0,0.0,1,1,1,2316,0.5,0.5,0.45507460242674663,0.3743772014502197,0.3199046477227488,0.29920940386873573,0.29019015408903953,0.2991444854844656,0.30542275524737966,0.2973131856528253,0.2720145730128211
202506201208,56,Adversary,NonVerbal,0.5,1,2,0,0.0,0,-1,1,1,1,1,EN,,,,,,,,,0.0,1.0,0,0,1,2317,0.5,0.5,0.5370818271248553,0.607961361175421,0.5980104803229216,0.5413346585466552,0.5662649306389849,0.6231358527768841,0.6796109008855586,0.7073817745195548,0.5440699122963487
202506201208,57,Partner,NonVerbal,0.5,0,2,0,0.0,0,1,1,1,0,0,EN,,,,,,,,,1.0,0.0,-1,1,1,2318,0.5,0.5,0.45803452842186,0.4207168378294356,0.3711869758975573,0.3417999164893791,0.3446594364339474,0.3459558678914802,0.3421618832489348,0.33438120796110954,0.32839073806347396
202506201208,58,Partner,NonVerbal,0.5,1,2,0,0.0,0,1,1,1,0,0,EN,,,,,,,,,1.0,0.0,0,1,1,2319,0.5,0.5,0.45372592120987504,0.414458585275016,0.3590360738378028,0.32263108957533154,0.28544228590216014,0.2480905233079993,0.23837872399511367,0.21408528634733828,0.18536631653004523
202506201208,59,Adversary,NonVerbal,0.5,0,2,0,0.0,0,-1,1,1,0,0,EN,,,,,,,,,0.0,1.0,-1,1,1,2320,0.5,0.5,0.46110756471077646,0.38030413419794534,0.29784924086624326,0.24427234107706772,0.24269548642089153,0.2998004003492872,0.3967431845088507,0.3938079619830421,0.33343847097839946
202506201208,60,Adversary,NonVerbal,0.5,1,2,0,0.0,0,0,0,1,1,-1,EN,,,,,,,,,0.0,0.0,1,0,1,2321,0.5,0.5,0.5387673578177239,0.5509724500749915,0.4400148010506832,0.3032707235260367,0.2939048718151622,0.41701949339628225,0.3924982210383189,0.4993795253423359,0.5669719232915268
202506201208,61,Partner,NonVerbal,0.5,0,2,0,0.0,0,1,1,1,0,0,EN,,,,,,,,,1.0,0.0,-1,1,1,2322,0.5,0.5,0.4788708886948654,0.45412261870486814,0.3870095589936556,0.349820170084272,0.36466929325232006,0.38692685476812444,0.39862005477992546,0.40028670346169504,0.4022122399122644
202506201208,62,Partner,NonVerbal,0.5,1,2,0,0.0,0,1,1,1,1,1,EN,,,,,,,,,1.0,0.0,-1,0,1,2323,0.5,0.5,0.5452153693243966,0.6219257703997959,0.7014747354749381,0.733212227306078,0.7369074941592942,0.7343457055459104,0.7305765266242987,0.7363244832412248,0.6505636107997681
202506201208,64,Adversary,NonVerbal,0.5,1,2,0,0.0,0,1,-1,1,0,1,EN,,,,,,,,,1.0,0.0,-1,1,1,2324,0.5,0.5,0.4539552900591247,0.4493759102500853,0.5782508200584566,0.8047827451017909,0.8256219014205952,0.6792165535891591,0.5912914026812393,0.5947483686967707,0.44517135096470195
202506201208,65,Partner,NonVerbal,0.5,0,2,0,0.0,0,1,1,1,0,0,EN,,,,,,,,,1.0,0.0,-1,1,1,2325,0.5,0.5,0.4577494994625875,0.4201549746174865,0.36107020507686594,0.326332286230691,0.3563497455795396,0.3373722040148228,0.2728062464400965,0.38770765346623975,0.48357012874489996
202506201208,66,Partner,NonVerbal,0.5,1,2,0,0.0,0,1,1,1,0,0,EN,,,,,,,,,1.0,0.0,1,1,1,2326,0.5,0.5,0.4578843114755757,0.3721118999663292,0.32207045363071096,0.3059741132675713,0.2650593293516583,0.23638070201444772,0.2131913587614681,0.19185223239613916,0.3751769314788513
202506201208,67,Adversary,NonVerbal,0.5,0,2,0,0.0,0,-1,1,1,0,0,EN,,,,,,,,,0.0,1.0,1,1,1,2327,0.5,0.5,0.46052052935152243,0.36973097716701364,0.28463701240136474,0.24149172112713682,0.22492773955575782,0.41559536677783154,0.6110229695271933,0.5670085881560363,0.4147430413498535
202506201208,68,Adversary,NonVerbal,0.5,1,2,0,0.0,0,-1,1,1,0,0,EN,,,,,,,,,0.0,1.0,1,1,1,2328,0.5,0.5,0.46458384085307725,0.4516198378770704,0.42826257939500906,0.42022701377275845,0.42151413824211725,0.4429474708086461,0.4425166150565069,0.4483715113862417,0.47326133358531575
202506201208,69,Partner,NonVerbal,0.5,0,2,0,0.0,0,1,1,1,1,1,EN,,,,,,,,,1.0,0.0,0,1,1,2329,0.5,0.5,0.5442239460465923,0.5841870269576521,0.6333686938301594,0.663586906793973,0.6638121934646681,0.663763169358952,0.669838910597158,0.679841896100601,0.6851631117259381
202506201208,70,Partner,NonVerbal,0.5,1,2,0,0.0,0,1,1,1,1,1,EN,,,,,,,,,1.0,0.0,0,0,1,2330,0.5,0.5,0.544090686042019,0.5834031351816148,0.6411777529987734,0.677359561292555,0.6778538055449133,0.6262345125230165,0.6793292795199497,0.7007564157192038,0.6981064418491287
202506201208,71,Adversary,NonVerbal,0.5,0,2,0,0.0,0,-1,1,1,1,1,EN,,,,,,,,,0.0,1.0,-1,1,1,2331,0.5,0.5,0.5428343458504769,0.5816044060024562,0.630735801850457,0.6762816082665327,0.7088052308077788,0.6888114653320551,0.6164322635002125,0.5084775244677432,0.3949058599544152
202506201208,72,Adversary,NonVerbal,0.5,1,2,0,0.0,0,0,0,1,1,-1,EN,,,,,,,,,0.0,0.0,1,0,1,2332,0.5,0.5,0.5391354686494422,0.5546555893094027,0.45169975246590494,0.4548746014822715,0.4613075326350631,0.4351182332194479,0.44813833588518853,0.4952457635102655,0.5183208757513706
202506201208,73,Partner,NonVerbal,0.5,0,2,0,0.0,0,1,1,1,0,0,EN,,,,,,,,,1.0,0.0,1,1,1,2333,0.5,0.5,0.45823911528719824,0.4209642149527782,0.36394664959252837,0.31833305360387953,0.28523178856257664,0.2630252190262028,0.2626715307266373,0.3272161434621669,0.3751017582681203
202506201208,74,Partner,NonVerbal,0.5,1,2,0,0.0,0,1,1,1,0,0,EN,,,,,,,,,1.0,0.0,1,1,1,2334,0.5,0.5,0.4516498982837368,0.4117101187877239,0.379553561291215,0.3583198772502704,0.3079455285191497,0.24296280368898693,0.21151785207496726,0.1956481190113761,0.1826675996439717
202506201208,75,Adversary,NonVerbal,0.5,0,2,0,0.0,0,-1,1,1,1,1,EN,,,,,,,,,0.0,1.0,-1,0,1,2335,0.5,0.5,0.542701876026315,0.6311187274184411,0.710974328988799,0.7096570341701037,0.7237734861088891,0.707547523958333,0.7369936308341393,0.7501317073594415,0.7484311426423794
202506201208,76,Adversary,NonVerbal,0.5,1,2,0,0.0,0,-1,1,1,1,1,EN,,,,,,,,,0.0,1.0,1,0,1,2336,0.5,0.5,0.5346035029657858,0.6031280118583455,0.6134207908062295,0.6001584910655485,0.6447790758834006,0.6810198750561138,0.70423356071066,0.542197742511303,0.41791039725974616
202506201208,77,Partner,NonVerbal,0.5,0,2,0,0.0,0,1,1,1,1,1,EN,,,,,,,,,1.0,0.0,-1,1,1,2337,0.5,0.5,0.5443998112788311,0.584442949531252,0.6413843025588071,0.6768457526745986,0.6779073952292193,0.669180221743883,0.6776177370371624,0.690883886284755,0.7049659270147703
202506201208,79,Adversary,NonVerbal,0.5,0,2,0,0.0,0,-1,1,1,1,1,EN,,,,,,,,,0.0,1.0,1,0,1,2338,0.5,0.5,0.5426906767781461,0.6309902708970878,0.68939475104661,0.7093281560421114,0.545426184466082,0.3696750425156236,0.42125363975187585,0.4520318194867985,0.4722958544237895
202506201208,80,Adversary,NonVerbal,0.5,1,2,0,0.0,0,-1,1,1,1,1,EN,,,,,,,,,0.0,1.0,-1,0,1,2339,0.5,0.5,0.5333856300160285,0.6124495680064709,0.578489968595255,0.6515594761115753,0.6938643394577045,0.6867356970564173,0.6985627053712086,0.6952743871697002,0.6711157370737802
202506201208,81,Partner,NonVerbal,0.5,0,2,0,0.0,0,1,1,1,0,0,EN,,,,,,,,,1.0,0.0,-1,1,1,2340,0.5,0.5,0.45808576288466685,0.4207308862283052,0.3631691632708733,0.32645149784180194,0.3536118090698349,0.4091341850970968,0.4395324010737077,0.3765853561514286,0.3259652227273606
202506201208,82,Partner,NonVerbal,0.5,1,2,0,0.0,0,1,1,1,0,0,EN,,,,,,,,,1.0,0.0,-1,1,1,2341,0.5,0.5,0.4540532875989994,0.37336492436116814,0.29572092052745247,0.26025029313233294,0.2526980340312829,0.2485831285403689,0.24637836990069956,0.4261246299557983,0.4456485162272176
202506201208,83,Adversary,NonVerbal,0.5,0,2,0,0.0,0,-1,1,1,1,1,EN,,,,,,,,,0.0,1.0,1,0,1,2342,0.5,0.5,0.5426878455141001,0.6311050898236811,0.7132601346672146,0.7461956901468274,0.7343268312971997,0.6864046398596024,0.6116848344246939,0.5247825331295085,0.4399480187921508
202506201208,86,Partner,NonVerbal,0.5,1,2,0,0.0,0,1,1,1,0,0,EN,,,,,,,,,1.0,0.0,0,1,1,2343,0.5,0.5,0.45771558919502214,0.41983114998760007,0.3647899418282416,0.3271143279913393,0.32408175248802024,0.3186462127355732,0.31045250493348603,0.3026304989060412,0.2959577896677374
202506201208,87,Adversary,NonVerbal,0.5,0,2,0,0.0,0,0,0,1,1,-1,EN,,,,,,,,,0.0,0.0,-1,0,1,2344,0.5,0.5,0.542534896891559,0.6309350184090814,0.6962991459344994,0.7136181612631961,0.6952597944546731,0.64348679891158,0.5688256915034327,0.4867277034103189,0.4684135138075245
202506201208,89,Partner,NonVerbal,0.5,0,2,0,0.0,0,1,1,1,0,0,EN,,,,,,,,,1.0,0.0,-1,1,1,2345,0.5,0.5,0.45801051819206906,0.3664497447990656,0.3086266696198748,0.2997486313445576,0.33045425234068904,0.38594962660779275,0.43063728376956806,0.4612881102766035,0.48236853004577995
202506201208,91,Adversary,NonVerbal,0.5,0,2,0,0.0,0,-1,1,1,0,0,EN,,,,,,,,,0.0,1.0,-1,1,1,2346,0.5,0.5,0.4632454096266667,0.4288448332323593,0.3922680366737228,0.3438138154272252,0.29314087070602074,0.34936179652669036,0.3711089220887341,0.3606018630370084,0.2937802380113008
202506201208,92,Adversary,NonVerbal,0.5,1,2,0,0.0,0,0,0,1,1,-1,EN,,,,,,,,,0.0,0.0,-1,0,1,2347,0.5,0.5,0.5328721729833314,0.6131382456039122,0.6348495981317591,0.6871619953101223,0.7098712960407478,0.7010828197916638,0.7001732266662601,0.6147940447288243,0.4694197130227884
202506201208,94,Partner,NonVerbal,0.5,1,2,0,0.0,0,1,1,1,1,1,EN,,,,,,,,,1.0,0.0,1,0,1,2348,0.5,0.5,0.5464367802667743,0.5864771211091236,0.6391431656439064,0.6723903624197248,0.6722742728637351,0.6292457638679322,0.6719901873815618,0.690055836446488,0.6965253698537089
202506201208,95,Adversary,NonVerbal,0.5,0,2,0,0.0,0,-1,1,1,0,0,EN,,,,,,,,,0.0,1.0,1,1,1,2349,0.5,0.5,0.4619272240898098,0.3716131143019514,0.3181408253078487,0.2836569840205584,0.2547853936658555,0.24804690332403181,0.24557712242790292,0.24440776162782132,0.2437147205162667
202506201208,96,Adversary,NonVerbal,0.5,1,2,0,0.0,0,1,-1,1,0,1,EN,,,,,,,,,1.0,0.0,-1,1,1,2350,0.5,0.5,0.4661239893456544,0.45348811159122104,0.5325489440036739,0.6235923647215528,0.6667014798162411,0.6721937653975213,0.5436223725597287,0.5181166923922769,0.4968437839630357
202506201208,97,Partner,NonVerbal,0.5,0,2,0,0.0,0,1,1,1,0,0,EN,,,,,,,,,1.0,0.0,1,1,1,2351,0.5,0.5,0.45841422202855064,0.421132040933001,0.3653463498939187,0.33040612100005484,0.36082753948754026,0.415300805514771,0.447418386543183,0.4600665112899413,0.4588096703019754
202506201208,98,Partner,NonVerbal,0.5,1,2,0,0.0,0,1,1,1,1,1,EN,,,,,,,,,1.0,0.0,1,1,1,2352,0.5,0.5,0.5470559682856649,0.5873879738989087,0.6353001514331147,0.6666447092553827,0.667644219288993,0.6637517585446766,0.6960952106316477,0.7538582642390045,0.7903315633561147
202506201208,101,Partner,NonVerbal,0.5,0,2,0,0.0,0,1,1,1,1,1,EN,,,,,,,,,1.0,0.0,-1,0,1,2353,0.5,0.5,0.5443584498610636,0.5843634489248404,0.6422604550105252,0.675469411095436,0.7096686914826312,0.6392868873077833,0.5763855683179681,0.5902233983788332,0.5825969410910365
202506201208,102,Partner,NonVerbal,0.5,1,2,0,0.0,0,1,1,1,1,1,EN,,,,,,,,,1.0,0.0,-1,1,1,2354,0.5,0.5,0.5478409096435104,0.5883899989169291,0.6338653098739079,0.6627447142083662,0.6637075984003339,0.654785896493684,0.6831694824458008,0.7184485296785366,0.7305533108631198
202506201208,103,Adversary,NonVerbal,0.5,0,2,0,0.0,0,-1,1,1,1,1,EN,,,,,,,,,0.0,1.0,1,0,1,2355,0.5,0.5,0.5426116383221873,0.6310437560363079,0.7047832183708316,0.7009071820592677,0.7033382287012694,0.7122877731749954,0.7407400970336254,0.7424440808966384,0.7121362809293501
202506201208,104,Adversary,NonVerbal,0.5,1,2,0,0.0,0,1,-1,1,0,1,EN,,,,,,,,,1.0,0.0,1,1,1,2356,0.5,0.5,0.4642983043687824,0.4509701924278238,0.5644996828921504,0.5684103530734952,0.5299652294458573,0.5261105755823873,0.5260591232960349,0.5260221212367348,0.5259703193191859
202506201208,105,Partner,NonVerbal,0.5,0,2,0,0.0,0,1,1,1,0,0,EN,,,,,,,,,1.0,0.0,-1,1,1,2357,0.5,0.5,0.4582080425837752,0.36678830945821644,0.30364534024447537,0.29004051548110676,0.26852106658962577,0.24955057960084737,0.29526713209032296,0.349611273190565,0.36463534809135495
202506201208,106,Partner,NonVerbal,0.5,1,2,0,0.0,0,1,1,1,1,1,EN,,,,,,,,,1.0,0.0,1,0,1,2358,0.5,0.5,0.5455162333546977,0.5853709734874002,0.6514564002561171,0.6926113765242251,0.6925948589817287,0.6914339110062024,0.7253729378800094,0.7748871426740164,0.7233699385970198
202506201208,107,Adversary,NonVerbal,0.5,0,2,0,0.0,0,-1,1,1,1,1,EN,,,,,,,,,0.0,1.0,-1,1,1,2359,0.5,0.5,0.5426175790920732,0.5813149117081367,0.6261699279439996,0.6474737103599765,0.6656238731346208,0.6669780112244561,0.7132318331887211,0.5480504034297623,0.37137612831322775
202506201208,108,Adversary,NonVerbal,0.5,1,2,0,0.0,0,1,-1,1,1,0,EN,,,,,,,,,1.0,0.0,1,0,1,2360,0.5,0.5,0.5348710218498921,0.5469059131491257,0.47676487475176205,0.2998801184887607,0.1949524179287277,0.19284886675166538,0.25935904183148983,0.43440103504641553,0.2297821156632887
202506201208,109,Partner,NonVerbal,0.5,0,2,0,0.0,0,1,1,1,0,0,EN,,,,,,,,,1.0,0.0,1,1,1,2361,0.5,0.5,0.4585266918388204,0.36702908132938256,0.29430707688724494,0.2752095022735217,0.3146138760123636,0.3461029259259461,0.3467639815947139,0.3665727561579637,0.4042345062124795
202506201208,110,Partner,NonVerbal,0.5,1,2,0,0.0,0,1,1,1,1,1,EN,,,,,,,,,1.0,0.0,-1,0,1,2362,0.5,0.5,0.5472108569709072,0.5874083255094137,0.6418856436637849,0.6771167279842638,0.6777546249715708,0.6442422216344517,0.6545085663876191,0.6923483991105281,0.7229316272514353
202506201208,113,Partner,NonVerbal,0.5,0,2,0,0.0,0,1,1,1,0,0,EN,,,,,,,,,1.0,0.0,1,1,1,2363,0.5,0.5,0.4581980036472995,0.42091030361684223,0.3761628085654541,0.34618449021121994,0.3094346870712935,0.2765112536771013,0.2889283315006806,0.30599812154334605,0.30733640964279846
202506201208,115,Adversary,NonVerbal,0.5,0,2,0,0.0,0,-1,1,1,0,0,EN,,,,,,,,,0.0,1.0,-1,1,1,2364,0.5,0.5,0.4608535116874231,0.42573321884644094,0.35265073936026153,0.3333107920990956,0.279279538483527,0.24584052181890928,0.2349069967750137,0.26933987445777435,0.29427547872775006
202506201208,116,Adversary,NonVerbal,0.5,1,2,0,0.0,0,-1,1,1,1,1,EN,,,,,,,,,0.0,1.0,1,0,1,2365,0.5,0.5,0.5349113385273818,0.5469689200430552,0.48581112891349193,0.40216051371239947,0.452253566683188,0.5124579683674636,0.5661403143998095,0.5580426033843844,0.6148300983594869
202506201208,117,Partner,NonVerbal,0.5,0,2,0,0.0,0,1,1,1,1,1,EN,,,,,,,,,1.0,0.0,-1,0,1,2366,0.5,0.5,0.5443850509592093,0.633459623289665,0.709848240925577,0.734588272495592,0.7350012295379261,0.733980359738452,0.7476266038007159,0.7614437939985202,0.762591197031736
202506201208,118,Partner,NonVerbal,0.5,1,2,0,0.0,0,1,1,1,0,0,EN,,,,,,,,,1.0,0.0,-1,1,1,2367,0.5,0.5,0.4558095782512297,0.417201863934129,0.3484479403922569,0.30548893457514537,0.27037758071287765,0.22111697389383708,0.19013435794089006,0.16620584102934813,0.1545045477758776
202506201208,119,Adversary,NonVerbal,0.5,0,2,0,0.0,0,-1,1,1,0,0,EN,,,,,,,,,0.0,1.0,0,1,1,2368,0.5,0.5,0.46066843866368024,0.425525839959682,0.3564094744441483,0.287388114244064,0.2865320524172909,0.26049002921678305,0.25803160159814315,0.2566375606251978,0.4380154871556188
202506201208,122,Partner,NonVerbal,0.5,1,2,0,0.0,0,1,1,1,1,1,EN,,,,,,,,,1.0,0.0,1,0,1,2369,0.5,0.5,0.5487708105130358,0.5896300413331236,0.6496345179260282,0.6872663923521142,0.6862530480020156,0.6150431114980619,0.6872402949074768,0.7150781506105269,0.7211664915865826
202506201208,123,Adversary,NonVerbal,0.5,0,2,0,0.0,0,-1,1,1,1,1,EN,,,,,,,,,0.0,1.0,1,0,1,2370,0.5,0.5,0.5427328943304169,0.5814344944715047,0.6413530786144124,0.6757773517879185,0.7175046315029346,0.7199064932843487,0.684184169633297,0.6193338921985363,0.5375710716650988
202506201208,126,Partner,NonVerbal,0.5,1,2,0,0.0,0,-1,-1,1,1,0,EN,,,,,,,,,0.0,1.0,1,0,1,2371,0.5,0.5,0.5458032887117088,0.6261360897306647,0.7016440164726713,0.6904460765637965,0.6292382965488774,0.5858266529771714,0.5503163908858205,0.4970858063057829,0.4781473573821261
202506201208,127,Adversary,NonVerbal,0.5,0,2,0,0.0,0,-1,1,1,1,1,EN,,,,,,,,,0.0,1.0,-1,1,1,2372,0.5,0.5,0.5427287489117589,0.6311128321496524,0.6998572928774662,0.7118081785684053,0.678590335963715,0.6156064769885577,0.5016886498469567,0.38506968865520663,0.4028017081506852
202506201208,128,Adversary,NonVerbal,0.5,1,2,0,0.0,0,1,-1,1,0,1,EN,,,,,,,,,1.0,0.0,1,1,1,2373,0.5,0.5,0.46618145652151766,0.45399819242445466,0.4687352336622238,0.5589215792183062,0.5053391269288042,0.5445288271023666,0.5361325406822005,0.563952711608758,0.6283969812747169
202506201208,129,Partner,NonVerbal,0.5,0,2,0,0.0,0,1,1,1,1,1,EN,,,,,,,,,1.0,0.0,-1,0,1,2374,0.5,0.5,0.5443144438705579,0.6333842822436507,0.6960159473912574,0.7045834116693795,0.7038381418559996,0.7290599502048052,0.7659274507880448,0.7908170773076886,0.7957239655901228
202506201208,131,Adversary,NonVerbal,0.5,0,2,0,0.0,0,-1,1,1,0,0,EN,,,,,,,,,0.0,1.0,-1,1,1,2375,0.5,0.5,0.4609013763865305,0.4258112557909018,0.3542316720327247,0.27886554871958424,0.24704093789820572,0.2391620243838532,0.2365787212518017,0.2357130071265771,0.42728728760916174
202506201208,132,Adversary,NonVerbal,0.5,1,2,0,0.0,0,-1,1,1,1,1,EN,,,,,,,,,0.0,1.0,-1,1,1,2376,0.5,0.5,0.5347110116215937,0.6121424825274392,0.5782726454297695,0.659377281870248,0.6888543454804451,0.6947595684529642,0.6791025407902251,0.5760591794005872,0.6470137230691034
202506201208,133,Partner,NonVerbal,0.5,0,2,0,0.0,0,1,1,1,1,1,EN,,,,,,,,,1.0,0.0,-1,0,1,2377,0.5,0.5,0.5443516186504134,0.6335092797714004,0.709625006949069,0.7342984806764177,0.734148155878948,0.6062636551650362,0.6891515387664231,0.6988600988305376,0.7059719139909506
202506201208,134,Partner,NonVerbal,0.5,1,2,0,0.0,0,1,1,1,0,0,EN,,,,,,,,,1.0,0.0,-1,1,1,2378,0.5,0.5,0.45383072119167067,0.4145301626475987,0.35468541669920917,0.31922160641623165,0.3515064880667679,0.3760716751738306,0.43455594547068255,0.4790811008130196,0.5002102822906697
202506201208,135,Adversary,NonVerbal,0.5,0,2,0,0.0,0,-1,1,1,1,1,EN,,,,,,,,,0.0,1.0,-1,0,1,2379,0.5,0.5,0.5426819905759876,0.630978460397938,0.6967920491130606,0.693915138221319,0.6948477863220686,0.6917962780541542,0.7330310103868297,0.7265396120720643,0.6834175119277192
202506201208,140,Adversary,NonVerbal,0.5,1,2,0,0.0,0,0,0,1,0,-1,EN,,,,,,,,,0.0,0.0,-1,1,1,2380,0.5,0.5,0.4612928094339977,0.39256048555623013,0.45033273476985664,0.44259874045430503,0.4115571705240347,0.4090673513346475,0.4043084079659744,0.5497558731110733,0.5335977470582736
202506201208,143,Adversary,NonVerbal,0.5,0,2,0,0.0,0,-1,1,1,1,1,EN,,,,,,,,,0.0,1.0,1,0,1,2381,0.5,0.5,0.5426897884487968,0.631075587403962,0.6977836693509745,0.7110560600799514,0.6498204832837433,0.4990333872449908,0.3818560260954119,0.38580462595477305,0.4274176499066861
202506201208,144,Adversary,NonVerbal,0.5,1,2,0,0.0,0,1,-1,1,0,1,EN,,,,,,,,,1.0,0.0,0,1,1,2382,0.5,0.5,0.4642188956444564,0.45099060390238005,0.5581283619887902,0.7375639717750807,0.7845823412681731,0.781288139728076,0.7306526611546723,0.5306306153797999,0.5178292016192657
202506201208,145,Partner,NonVerbal,0.5,0,2,0,0.0,0,1,1,1,1,1,EN,,,,,,,,,1.0,0.0,-1,0,1,2383,0.5,0.5,0.5438255585515941,0.6330564520360272,0.7156985174225324,0.744254929801942,0.7446392786770176,0.7419041530543073,0.7323882042006534,0.7265287013536608,0.7216098663792643
202506201208,146,Partner,NonVerbal,0.5,1,2,0,0.0,0,1,1,1,0,0,EN,,,,,,,,,1.0,0.0,0,1,1,2384,0.5,0.5,0.45636144397403783,0.38128812628696296,0.3177343189459757,0.2899065556783098,0.28305583960320213,0.307676967903127,0.3278017639060421,0.3201263299006164,0.3147846308624037
202506201208,147,Adversary,NonVerbal,0.5,0,2,0,0.0,0,-1,1,1,0,0,EN,,,,,,,,,0.0,1.0,1,1,1,2385,0.5,0.5,0.46078063626364757,0.425688508230509,0.39693841657383,0.38570086874332243,0.4021619565980513,0.334914001978681,0.3262575240312103,0.3092206335291603,0.28298527250171224
202506201208,148,Adversary,NonVerbal,0.5,1,2,0,0.0,0,-1,1,1,1,1,EN,,,,,,,,,0.0,1.0,1,0,1,2386,0.5,0.5,0.5352875349064015,0.6085592036939497,0.6185656776829199,0.6568428784359076,0.7010358789231551,0.7163170153985837,0.648568702142394,0.6745272612331896,0.7096632927456069
202506201208,149,Partner,NonVerbal,0.5,0,2,0,0.0,0,1,1,1,0,0,EN,,,,,,,,,1.0,0.0,1,1,1,2387,0.5,0.5,0.4580965191881224,0.36675838414325107,0.30102984350552875,0.2856819879544648,0.26221434926247195,0.24223879402524315,0.24481956700837684,0.2463591363077588,0.2656162821702229
202506201208,150,Partner,NonVerbal,0.5,1,2,0,0.0,0,1,1,1,1,1,EN,,,,,,,,,1.0,0.0,0,0,1,2388,0.5,0.5,0.5454457896267664,0.5853550424054338,0.6229169896823529,0.6469730611462691,0.6478857655120075,0.6375913630706092,0.6696041611927002,0.7285655162195711,0.7669314805631345
202506201208,151,Adversary,NonVerbal,0.5,0,2,0,0.0,0,-1,1,1,1,1,EN,,,,,,,,,0.0,1.0,-1,0,1,2389,0.5,0.5,0.5426297928330288,0.6311016271771275,0.702317022890994,0.7093112210024615,0.7250998303379629,0.7149078186667831,0.7418815805574109,0.732122438071335,0.7212240561611757
202506201208,152,Adversary,NonVerbal,0.5,1,2,0,0.0,0,-1,1,1,0,0,EN,,,,,,,,,0.0,1.0,1,1,1,2390,0.5,0.5,0.4667618683191352,0.3819971568352628,0.3996354867909722,0.42414763598432514,0.46202827763756754,0.4345554952272985,0.4304109405089497,0.45418323751012996,0.41735677733792265
202506201208,153,Partner,NonVerbal,0.5,0,2,0,0.0,0,1,1,1,1,1,EN,,,,,,,,,1.0,0.0,-1,1,1,2391,0.5,0.5,0.5436258598793678,0.5834318511665971,0.641817661790592,0.6747986133068737,0.6793976618147456,0.7055495358802808,0.7248568614062881,0.7292496632390247,0.7111786086438957
202506201208,154,Partner,NonVerbal,0.5,1,2,0,0.0,0,1,1,1,0,0,EN,,,,,,,,,1.0,0.0,-1,1,1,2392,0.5,0.5,0.4545911177650141,0.4155700777316276,0.35823241616966617,0.32785662194744714,0.29754503940799554,0.26938156814019587,0.37029868043282427,0.4360157403710385,0.4352970680298159
202506201208,155,Adversary,NonVerbal,0.5,0,2,0,0.0,0,-1,1,1,1,1,EN,,,,,,,,,0.0,1.0,1,0,1,2393,0.5,0.5,0.5427404448768204,0.6311447888103416,0.7139648466551538,0.7388745995603049,0.7129204527171081,0.6547157466267257,0.574339008936975,0.48758568038005606,0.4988522223208822
202506201208,156,Adversary,NonVerbal,0.5,1,2,0,0.0,0,-1,1,1,1,1,EN,,,,,,,,,0.0,1.0,-1,0,1,2394,0.5,0.5,0.5380950119661042,0.614465785827564,0.6252709434214273,0.6811126170566999,0.7199773974676946,0.7093283098338105,0.7140771562656905,0.6504818417402466,0.6275534271669235
202506201208,157,Partner,NonVerbal,0.5,0,2,0,0.0,0,1,1,1,1,1,EN,,,,,,,,,1.0,0.0,-1,0,1,2395,0.5,0.5,0.5444098921096572,0.5844246338612746,0.6522140870236205,0.6833409841329541,0.6810839094699132,0.7245901074990971,0.7573480189693409,0.7623308803964953,0.7119359571063418
202506201208,158,Partner,NonVerbal,0.5,1,2,0,0.0,0,1,1,1,0,0,EN,,,,,,,,,1.0,0.0,1,1,1,2396,0.5,0.5,0.45147895051909714,0.4114640889950886,0.34867016859072714,0.3064703444467084,0.2774310629169248,0.24047104992485802,0.2090859155185575,0.1903159445954076,0.2603140997140105
202506201208,159,Adversary,NonVerbal,0.5,0,2,0,0.0,0,-1,1,1,0,0,EN,,,,,,,,,0.0,1.0,1,1,1,2397,0.5,0.5,0.46075735102827464,0.3703227859693018,0.28421295149782,0.2611400796736975,0.24552294323711357,0.24502351738153705,0.23413251576376576,0.4259167556610953,0.540044709727415
202506201208,160,Adversary,NonVerbal,0.5,1,2,0,0.0,0,-1,1,1,0,0,EN,,,,,,,,,0.0,1.0,-1,1,1,2398,0.5,0.5,0.46172242504250954,0.39022726579823547,0.383015270948596,0.37345791871486067,0.39654639167930233,0.4077597074101926,0.418294112896016,0.4306257210205558,0.4305121980883374
202506201208,163,Adversary,NonVerbal,0.5,0,2,0,0.0,0,-1,1,1,1,1,EN,,,,,,,,,0.0,1.0,-1,0,1,2399,0.5,0.5,0.5427930947210176,0.631324629699273,0.7054870441382496,0.745543468470715,0.745639471392397,0.7016672053014742,0.6293258820654022,0.5423798931343514,0.4562077601228233
202506201208,164,Adversary,NonVerbal,0.5,1,2,0,0.0,0,-1,1,1,0,0,EN,,,,,,,,,0.0,1.0,0,1,1,2400,0.5,0.5,0.4647008831706213,0.4514662647546021,0.5519577964969681,0.5992497778195147,0.6059597066362177,0.4924795501230656,0.4751499631493758,0.40757871202978013,0.42284231974798725
202506201208,165,Partner,NonVerbal,0.5,0,2,0,0.0,0,1,1,1,0,0,EN,,,,,,,,,1.0,0.0,1,1,1,2401,0.5,0.5,0.45807837511805516,0.36658492567677475,0.28428158475600923,0.265900982325386,0.2955262400148556,0.3145548964024635,0.33295950092531834,0.4102867394239559,0.459098865166213
202506201208,166,Partner,NonVerbal,0.5,1,2,0,0.0,0,1,1,1,1,1,EN,,,,,,,,,1.0,0.0,1,0,1,2402,0.5,0.5,0.5459401579956779,0.5860722987039565,0.6551690413815018,0.6971454662930454,0.6967466277826,0.6652225077865939,0.6622760943477525,0.6872393450250751,0.6847335913160676
202506201208,167,Adversary,NonVerbal,0.5,0,2,0,0.0,0,-1,1,1,1,1,EN,,,,,,,,,0.0,1.0,-1,0,1,2403,0.5,0.5,0.5427851679976835,0.5815224631410348,0.6281789446785293,0.6733305267634963,0.5294286129594539,0.3642572065605935,0.4123491968738723,0.44835932367985143,0.47142023489672485
202506201208,168,Adversary,NonVerbal,0.5,1,2,0,0.0,0,-1,1,1,1,1,EN,,,,,,,,,0.0,1.0,1,0,1,2404,0.5,0.5,0.5362163067454442,0.607292931901206,0.5993499201082724,0.6373397871062417,0.5645253659978596,0.4716417163623594,0.46299178868654656,0.5222192174390512,0.56030487832254
202506201208,169,Partner,NonVerbal,0.5,0,2,0,0.0,0,1,1,1,0,0,EN,,,,,,,,,1.0,0.0,-1,1,1,2405,0.5,0.5,0.45808505438197866,0.36659729191636403,0.29208592815624396,0.2763595178218785,0.2841563628827812,0.27989646408790486,0.27054691760256044,0.2619149410502384,0.28409624038866743
202506201208,170,Partner,NonVerbal,0.5,1,2,0,0.0,0,1,1,1,0,0,EN,,,,,,,,,1.0,0.0,-1,1,1,2406,0.5,0.5,0.4550835582169085,0.36410304270933563,0.2976609550143404,0.27149298756845186,0.26231019849188414,0.2663679802430679,0.2689851544863804,0.26526829053219636,0.29495968520488197
202506201208,172,Adversary,NonVerbal,0.5,1,2,0,0.0,0,0,0,1,0,-1,EN,,,,,,,,,0.0,0.0,-1,1,1,2407,0.5,0.5,0.46521476321391625,0.39420162942529235,0.3848630446390946,0.39013479578150684,0.3509309611667781,0.32464202129673436,0.37409749558379574,0.49129806381163665,0.729333345221013
202506201208,173,Partner,NonVerbal,0.5,0,2,0,0.0,0,1,1,1,1,1,EN,,,,,,,,,1.0,0.0,-1,0,1,2408,0.5,0.5,0.544101159826327,0.6332144396383127,0.7020056736868214,0.7219773254626715,0.7220575090258329,0.6687132824852255,0.6989246374841962,0.7105997162630944,0.7194881264561672
202506201208,174,Partner,NonVerbal,0.5,1,2,0,0.0,0,1,1,1,1,1,EN,,,,,,,,,1.0,0.0,-1,0,1,2409,0.5,0.5,0.5447149319161457,0.6247548010662406,0.6979691245334391,0.725383347714643,0.7257324076750624,0.7184003425371138,0.7364106218347026,0.7619172627519181,0.7333467127231463
202506201208,176,Adversary,NonVerbal,0.5,1,2,0,0.0,0,1,-1,1,0,1,EN,,,,,,,,,1.0,0.0,0,1,1,2410,0.5,0.5,0.46576021929573796,0.3881497498459926,0.39644384060595383,0.3279001182997837,0.29666247064817575,0.2898520552419337,0.18313039664207367,0.48887940127744156,0.5703060549113953
202506201208,178,Partner,NonVerbal,0.5,1,2,0,0.0,0,1,1,1,1,1,EN,,,,,,,,,1.0,0.0,-1,0,1,2411,0.5,0.5,0.55065001987894,0.5921840521061656,0.6527218638420701,0.6922245983413154,0.6928674708127185,0.6836994453971905,0.7122355035604206,0.7451484084626444,0.7732900744489692
202506201208,181,Partner,NonVerbal,0.5,0,2,0,0.0,0,1,1,1,0,0,EN,,,,,,,,,1.0,0.0,1,1,1,2412,0.5,0.5,0.45811057075494027,0.4207973951785251,0.3979845449834486,0.38676784758016725,0.3875936629008869,0.3888179604949999,0.3810825068929332,0.36600423915254476,0.35071136743421066
202506201208,182,Partner,NonVerbal,0.5,1,2,0,0.0,0,1,1,1,1,1,EN,,,,,,,,,1.0,0.0,1,0,1,2413,0.5,0.5,0.5459451533587112,0.6353197887531596,0.7044237347907674,0.7253562066609149,0.7253891393671534,0.7132483341007806,0.736221282384108,0.7667786366954802,0.7407101294807394
202506201208,183,Adversary,NonVerbal,0.5,0,2,0,0.0,0,-1,1,1,1,1,EN,,,,,,,,,0.0,1.0,0,0,1,2414,0.5,0.5,0.5427397438411521,0.5814781265149792,0.6238662779643711,0.6903623224488636,0.7066194077396406,0.7121766753005918,0.7350547173632925,0.7111717123397432,0.6551867776699173
202506201208,184,Adversary,NonVerbal,0.5,1,2,0,0.0,0,-1,1,1,0,0,EN,,,,,,,,,0.0,1.0,0,1,1,2415,0.5,0.5,0.4622788385117156,0.3923630645150935,0.41985932867933917,0.3325661530142798,0.29435998706973926,0.31998334308566495,0.28546131908175604,0.2664468272042807,0.2626321616605719
202506201208,185,Partner,NonVerbal,0.5,0,2,0,0.0,0,1,1,1,0,0,EN,,,,,,,,,1.0,0.0,1,1,1,2416,0.5,0.5,0.4581896285842038,0.36670850285981815,0.2824911389623753,0.2541864840846912,0.29717529475094645,0.39123260178017477,0.3654752351083782,0.31982093471268264,0.34923956071899476
202506201208,186,Partner,NonVerbal,0.5,1,2,0,0.0,0,1,1,1,1,1,EN,,,,,,,,,1.0,0.0,1,0,1,2417,0.5,0.5,0.5457133276413788,0.6354538903774837,0.7166890923381715,0.7451254315153503,0.7440012884834222,0.5911624431666558,0.6604656346889027,0.730219380898688,0.7469604995845099
202506201208,187,Adversary,NonVerbal,0.5,0,2,0,0.0,0,-1,1,1,1,1,EN,,,,,,,,,0.0,1.0,1,1,1,2418,0.5,0.5,0.5427768450197675,0.5815210540839856,0.6320722487044794,0.6926895513364835,0.7093190903791154,0.683895135022063,0.6268361467375728,0.5490383483123531,0.46648016921422997
202506201208,188,Adversary,NonVerbal,0.5,1,2,0,0.0,0,-1,1,1,0,0,EN,,,,,,,,,0.0,1.0,1,1,1,2419,0.5,0.5,0.46536452845915954,0.3945354890549693,0.38306437174185093,0.407644797707247,0.45155502577978346,0.45155198919868084,0.39790463236016954,0.41304408051081687,0.34394661991640757
202506201208,189,Partner,NonVerbal,0.5,0,2,0,0.0,0,1,1,1,0,0,EN,,,,,,,,,1.0,0.0,1,1,1,2420,0.5,0.5,0.4581709483797392,0.36664726467975467,0.3100698240733616,0.3019693681678835,0.27750282399250786,0.256378302741555,0.2976318212540528,0.3366991249011057,0.3404874903723989
202506201208,190,Partner,NonVerbal,0.5,1,2,0,0.0,0,1,1,1,1,1,EN,,,,,,,,,1.0,0.0,-1,0,1,2421,0.5,0.5,0.5450961815532522,0.6251772102037061,0.6948216916318902,0.6689941109160199,0.6213020229152095,0.60193970558215,0.5828390515990689,0.565543507634362,0.5371901749105235
202506201208,191,Adversary,NonVerbal,0.5,0,2,0,0.0,0,-1,1,1,1,1,EN,,,,,,,,,0.0,1.0,0,1,1,2422,0.5,0.5,0.5423464207504026,0.5809718141521407,0.652890048468643,0.6834265689603122,0.6896641434547685,0.7112425227420134,0.7200513985421204,0.7048388668088468,0.7169917784389476
202506201208,192,Adversary,NonVerbal,0.5,1,2,0,0.0,0,1,-1,1,1,0,EN,,,,,,,,,1.0,0.0,1,0,1,2423,0.5,0.5,0.5345428237636431,0.5471272826190762,0.5081631315689326,0.4461233119033895,0.43419632350655174,0.42987750152277365,0.43021490398922213,0.4305507067211768,0.5295233028753706
202506201208,193,Partner,NonVerbal,0.5,0,2,0,0.0,0,1,1,1,1,1,EN,,,,,,,,,1.0,0.0,-1,0,1,2424,0.5,0.5,0.5442066534162545,0.6331443777702576,0.699566363291279,0.7180580155093224,0.717953833741652,0.6900171549593982,0.69405747826196,0.697791552082883,0.7144804115435701
202506201208,194,Partner,NonVerbal,0.5,1,2,0,0.0,0,1,1,1,1,1,EN,,,,,,,,,1.0,0.0,-1,1,1,2425,0.5,0.5,0.5450712706672538,0.624792435474713,0.7011690083002304,0.675079165743934,0.6161507653781112,0.592859017307517,0.5655715346438898,0.541757625040355,0.5198713355180256
202506201208,197,Partner,NonVerbal,0.5,0,2,0,0.0,0,1,1,1,1,1,EN,,,,,,,,,1.0,0.0,1,0,1,2426,0.5,0.5,0.5447389014647425,0.6342745360605082,0.7115707152032732,0.7354319572813506,0.7341959141011413,0.7114372163592223,0.6925831549697199,0.698094441771794,0.7026755264448259
202506201208,198,Partner,NonVerbal,0.5,1,2,0,0.0,0,1,1,1,0,0,EN,,,,,,,,,1.0,0.0,-1,1,1,2427,0.5,0.5,0.45399702489565474,0.37091552179699067,0.29564808863906095,0.26478215637416636,0.26068373128087147,0.25914548851734015,0.2551284199436772,0.24721221606183796,0.2406073173674494
202506201208,201,Partner,NonVerbal,0.5,0,2,0,0.0,0,1,1,1,0,0,EN,,,,,,,,,1.0,0.0,-1,1,1,2428,0.5,0.5,0.45750174671045113,0.41967321662826623,0.3834736121065301,0.36834474053097255,0.3866645311797586,0.468127545405365,0.5035757912970397,0.4244233103077565,0.3580585992686118
202506201208,202,Partner,NonVerbal,0.5,1,2,0,0.0,0,1,1,1,1,1,EN,,,,,,,,,1.0,0.0,1,1,1,2429,0.5,0.5,0.5466409515545234,0.6126089741198463,0.6979421278152798,0.7371637642432487,0.7477682076988982,0.7527270088527913,0.7548069768218044,0.7527514357925575,0.7513968347526795
202506201208,204,Adversary,NonVerbal,0.5,1,2,0,0.0,0,-1,1,1,1,1,EN,,,,,,,,,0.0,1.0,0,0,1,2430,0.5,0.5,0.5450201554810966,0.5596362976181258,0.4567912818379161,0.5875854583045611,0.6399718690311573,0.6829220861703484,0.655337782619521,0.6926165726365104,0.6821497385959578
202506201208,205,Partner,NonVerbal,0.5,0,2,0,0.0,0,1,1,1,0,0,EN,,,,,,,,,1.0,0.0,1,1,1,2431,0.5,0.5,0.4576687219272321,0.4201232515512292,0.39721675038009885,0.38536763258209356,0.3853242589215184,0.38440282406503246,0.37998580412600425,0.3410959288554593,0.3120660286128915
202506201208,206,Partner,NonVerbal,0.5,1,2,0,0.0,0,1,1,1,0,0,EN,,,,,,,,,1.0,0.0,-1,1,1,2432,0.5,0.5,0.4430476966640865,0.40342896199240796,0.3458490641117935,0.3015397771891344,0.2600120698098293,0.2701586140525539,0.2692974740721595,0.2688364781317202,0.2329641663740451
202506201208,207,Adversary,NonVerbal,0.5,0,2,0,0.0,0,-1,1,1,0,0,EN,,,,,,,,,0.0,1.0,-1,1,1,2433,0.5,0.5,0.46035733435337733,0.3700335476888528,0.2949770677679792,0.29360691214676177,0.2886644729790226,0.2623923896881053,0.2613935856706217,0.29115819275955795,0.30057157456428046
202506201208,209,Partner,NonVerbal,0.5,0,2,0,0.0,0,1,1,1,0,0,EN,,,,,,,,,1.0,0.0,-1,1,1,2434,0.5,0.5,0.45810596017838967,0.42071599051229813,0.3674195772539251,0.3340042443722906,0.36034715138000223,0.4231811396258511,0.39321982917953774,0.34796070150053054,0.3789486510917254
202506201208,210,Partner,NonVerbal,0.5,1,2,0,0.0,0,1,1,1,0,0,EN,,,,,,,,,1.0,0.0,1,1,1,2435,0.5,0.5,0.4406395188317136,0.36370369955269904,0.2979999219658252,0.27020499475816323,0.26039561417795243,0.26409319776979046,0.266876567012848,0.2634240882648982,0.2552907904055295
202506201208,211,Adversary,NonVerbal,0.5,0,2,0,0.0,0,-1,1,1,1,1,EN,,,,,,,,,0.0,1.0,-1,0,1,2436,0.5,0.5,0.5403385729875638,0.5773605161592135,0.6461684616405844,0.6836170902857769,0.6563048127296194,0.598582587570455,0.5237231759584835,0.44557477307114174,0.44565169291457724
202506201208,212,Adversary,NonVerbal,0.5,1,2,0,0.0,0,1,-1,1,1,0,EN,,,,,,,,,1.0,0.0,1,0,1,2437,0.5,0.5,0.5415099602024883,0.5500046801459251,0.46515295751663244,0.454171074508513,0.43308334406812116,0.4335457862125867,0.43856240415007064,0.4147424553908394,0.4180016534413685
202506201208,213,Partner,NonVerbal,0.5,0,2,0,0.0,0,1,1,1,0,0,EN,,,,,,,,,1.0,0.0,-1,1,1,2438,0.5,0.5,0.45193064787564113,0.4124161779602431,0.3426288689391558,0.3057564574774872,0.31402432660973006,0.3171583806735221,0.32524307259585195,0.3357698076559149,0.33988526058385476
202506201208,214,Partner,NonVerbal,0.5,1,2,0,0.0,0,1,1,1,0,0,EN,,,,,,,,,1.0,0.0,1,1,1,2439,0.5,0.5,0.4550927814817635,0.3724078269458498,0.2960570806005764,0.267934618352165,0.25671480474550123,0.24284421066687562,0.23116566166378583,0.22315440312727722,0.21186689655219007
202506201208,215,Adversary,NonVerbal,0.5,0,2,0,0.0,0,1,-1,1,0,1,EN,,,,,,,,,1.0,0.0,1,1,1,2440,0.5,0.5,0.45939654919733136,0.4230559801362958,0.3560913995954761,0.30808433534800167,0.2680360022936992,0.2740431133967752,0.43715850080249763,0.48049199231366924,0.5084398749652473
202506201208,216,Adversary,NonVerbal,0.5,1,2,0,0.0,0,1,-1,1,0,1,EN,,,,,,,,,1.0,0.0,0,1,1,2441,0.5,0.5,0.46646880145058556,0.45403298176485274,0.5469468456765658,0.47283942834335474,0.44463349048056205,0.4802115998749508,0.5821632093370829,0.6323663806647404,0.6055349327776777
202506201208,217,Partner,NonVerbal,0.5,0,2,0,0.0,0,1,1,1,1,1,EN,,,,,,,,,1.0,0.0,1,0,1,2442,0.5,0.5,0.5442847944714254,0.6332316837060811,0.6977201280699391,0.7141390398320315,0.7139459967071958,0.6886228479752539,0.7028196865490347,0.7330078647090031,0.727599215061849
202506201208,218,Partner,NonVerbal,0.5,1,2,0,0.0,0,1,1,1,0,0,EN,,,,,,,,,1.0,0.0,-1,1,1,2443,0.5,0.5,0.45446647068671553,0.4154914193999663,0.3488069012172616,0.31473678125113663,0.2872250277993164,0.2599518646371421,0.26637703002900703,0.2825627407492181,0.29219547211459324
202506201208,219,Adversary,NonVerbal,0.5,0,2,0,0.0,0,-1,1,1,1,1,EN,,,,,,,,,0.0,1.0,-1,0,1,2444,0.5,0.5,0.5426479989250975,0.5814913140979585,0.6430489808794259,0.6988550346416562,0.5440553653171021,0.36930620904986255,0.5145799877279191,0.5386089936892556,0.5691519191775032
202506201208,220,Adversary,NonVerbal,0.5,1,2,0,0.0,0,-1,1,1,0,0,EN,,,,,,,,,0.0,1.0,1,1,1,2445,0.5,0.5,0.4664782640542048,0.45434238851735725,0.44407728197834945,0.44136541209454067,0.4413187351681828,0.44058880046812765,0.33677564355757317,0.29445415748392845,0.4245436725695158
202506201208,223,Adversary,NonVerbal,0.5,0,2,0,0.0,0,-1,1,1,1,1,EN,,,,,,,,,0.0,1.0,-1,1,1,2446,0.5,0.5,0.5420928140096694,0.5807871842633567,0.639486194218736,0.6487499350405427,0.686611762733645,0.6409598359559381,0.5188463665340132,0.39881756943232904,0.5340912896277262
202506201208,225,Partner,NonVerbal,0.5,0,2,0,0.0,0,1,1,1,0,0,EN,,,,,,,,,1.0,0.0,-1,1,1,2447,0.5,0.5,0.45805469812695915,0.3661185197225337,0.28609647797661997,0.26278865597011525,0.2441099257752239,0.22627933404491468,0.2263222688897833,0.2263536159435887,0.22638495951839407
202506201208,226,Partner,NonVerbal,0.5,1,2,0,0.0,0,0,0,1,0,-1,EN,,,,,,,,,0.0,0.0,1,1,1,2448,0.5,0.5,0.45488943631413925,0.373487513545822,0.30835188854988865,0.28451545017368296,0.2796534843405779,0.27422843159635707,0.26933888621752994,0.44024579278083337,0.5483586439718916
202506201208,227,Adversary,NonVerbal,0.5,0,2,0,0.0,0,-1,1,1,1,1,EN,,,,,,,,,0.0,1.0,-1,1,1,2449,0.5,0.5,0.5426964594351242,0.5814815679068325,0.6346058739284898,0.6651258302327621,0.705333538275503,0.7012695155899196,0.6877758519826526,0.7352033789787644,0.7302051770603086
202506201208,228,Adversary,NonVerbal,0.5,1,2,0,0.0,0,-1,1,1,1,1,EN,,,,,,,,,0.0,1.0,-1,0,1,2450,0.5,0.5,0.535590316303598,0.6200184078054988,0.5919291467537268,0.6767114272689748,0.7265031302234344,0.7464457649222346,0.7619041756364178,0.7519785555069599,0.700304845379455
202506201208,229,Partner,NonVerbal,0.5,0,2,0,0.0,0,1,1,1,1,1,EN,,,,,,,,,1.0,0.0,-1,0,1,2451,0.5,0.5,0.5442687996834202,0.6334404203187046,0.7066237020429204,0.729737677769799,0.7307731992445353,0.7239678681328501,0.738597438824112,0.7581044754072886,0.7596677334036929
202506201208,230,Partner,NonVerbal,0.5,1,2,0,0.0,0,1,1,1,1,1,EN,,,,,,,,,1.0,0.0,-1,1,1,2452,0.5,0.5,0.5468193717549903,0.5869527574435858,0.6450040818670726,0.6824719528567542,0.6823914223536156,0.6317633200000912,0.7044883421864037,0.7406763078086678,0.7436475821073797
202506201208,231,Adversary,NonVerbal,0.5,0,2,0,0.0,0,-1,1,1,1,1,EN,,,,,,,,,0.0,1.0,-1,0,1,2453,0.5,0.5,0.5425646908061573,0.5812294692202701,0.6529035843796159,0.7082739082855254,0.7078687196147644,0.6698165947791622,0.6037949250170156,0.5232145331017464,0.44255396585922185
202506201208,233,Partner,NonVerbal,0.5,0,2,0,0.0,0,1,1,1,0,0,EN,,,,,,,,,1.0,0.0,0,1,1,2454,0.5,0.5,0.4588374960636366,0.36751453941819356,0.2909130116373155,0.26776806381517254,0.3105598675154245,0.3887925800827999,0.4744291550501797,0.5038162278170236,0.5026377939965656
202506201208,234,Partner,NonVerbal,0.5,1,2,0,0.0,0,1,1,1,0,0,EN,,,,,,,,,1.0,0.0,1,1,1,2455,0.5,0.5,0.4558156162323753,0.37418714994341046,0.31134938057613915,0.28717759677360954,0.2538416438153353,0.21161725883856916,0.18512320612862557,0.1659974910371903,0.16266737845293858
202506201208,235,Adversary,NonVerbal,0.5,0,2,0,0.0,0,-1,1,1,0,0,EN,,,,,,,,,0.0,1.0,0,1,1,2456,0.5,0.5,0.46077323445957574,0.4257004888702681,0.3704133542108208,0.335416913208473,0.2747584196181516,0.40341853414750806,0.3435431116498167,0.33136849861033735,0.3267664958844099
202506201208,236,Adversary,NonVerbal,0.5,1,2,0,0.0,0,1,-1,1,1,0,EN,,,,,,,,,1.0,0.0,-1,0,1,2457,0.5,0.5,0.5352991680988105,0.5477496784521925,0.4548508032970501,0.3070069488294472,0.43865551041700984,0.4283921989786774,0.4727755132085831,0.43474767211418797,0.44413612260925117
202506201208,238,Partner,NonVerbal,0.5,1,2,0,0.0,0,1,1,1,1,1,EN,,,,,,,,,1.0,0.0,1,1,1,2458,0.5,0.5,0.5510158900570504,0.6422555316744885,0.713595491762826,0.7066463791515981,0.6650482216210801,0.5585505764113469,0.5062588245272924,0.48407024249103947,0.5038510474953632
202506201208,240,Adversary,NonVerbal,0.5,1,2,0,0.0,0,1,-1,1,1,0,EN,,,,,,,,,1.0,0.0,-1,0,1,2459,0.5,0.5,0.5429040320598164,0.5578163603068531,0.49633644620033984,0.42046909513697417,0.5117649221824129,0.5732828153990785,0.463808022125827,0.43166399195286786,0.4726509757020923
202506201208,242,Partner,NonVerbal,0.5,1,2,0,0.0,0,1,1,1,0,0,EN,,,,,,,,,1.0,0.0,-1,-1,1,2460,0.5,0.5,0.4570210978915499,0.38033819066775815,0.30723649890409493,0.275585993064465,0.2428826888345701,0.20034568346708717,0.18128595259744695,0.17361589529023025,0.3535233114417495
202506201208,243,Adversary,NonVerbal,0.5,0,2,0,0.0,0,-1,1,1,0,0,EN,,,,,,,,,0.0,1.0,0,1,1,2461,0.5,0.5,0.46033906750035086,0.42489093776527315,0.36929359687557906,0.3240088870554981,0.32993421399617223,0.31271294576254477,0.2697021817622655,0.2452518458792198,0.24072342513980566
202506201208,244,Adversary,NonVerbal,0.5,1,2,0,0.0,0,1,-1,1,1,0,EN,,,,,,,,,1.0,0.0,1,0,1,2462,0.5,0.5,0.5357332198085827,0.5490955903012329,0.5003972612649994,0.3285378862934884,0.17317237945304859,0.31732942275684767,0.3816378239633596,0.42387708687802456,0.4402493315086164
202506201208,245,Partner,NonVerbal,0.5,0,2,0,0.0,0,1,1,1,1,1,EN,,,,,,,,,1.0,0.0,0,0,1,2463,0.5,0.5,0.5446121764248311,0.6333381226647298,0.7149896460594515,0.7432493947745744,0.743262653749354,0.6849791652578434,0.7137847351302343,0.7196911941536862,0.6687728450690936
202506201208,246,Partner,NonVerbal,0.5,1,2,0,0.0,0,1,1,1,1,1,EN,,,,,,,,,1.0,0.0,-1,0,1,2464,0.5,0.5,0.5444948359034208,0.5841526326629126,0.6171245603549645,0.6377169319996613,0.6363060075397453,0.6134160814900452,0.65455113681659,0.7005271033021881,0.5378948387568002
202506201208,247,Adversary,NonVerbal,0.5,0,2,0,0.0,0,-1,1,1,0,0,EN,,,,,,,,,0.0,1.0,-1,1,1,2465,0.5,0.5,0.4610976596429678,0.42618758280205127,0.36513561267650557,0.3329018051828842,0.3271839577704782,0.290711734926794,0.2717531645089083,0.2708894485598371,0.2704784527428624
202506212323,1,Adversary,NonVerbal,0.5,0,2,0,0.0,0,1,-1,0,1,1,EN,,,,,,,,,1.0,0.0,0,0,1,2466,0.5,0.5,0.5411934854524447,0.6303427134919304,0.7042778701567458,0.7293402865280803,0.5561155717627503,0.3754374369980958,0.5211687270904614,0.5419810078876435,0.6247533000401283
202506212323,2,Adversary,NonVerbal,0.5,1,2,0,0.0,0,1,-1,0,1,1,EN,,,,,,,,,1.0,0.0,0,0,1,2467,0.5,0.5,0.5337834374763747,0.6075778517449759,0.6201806104237141,0.6803298529548464,0.7116735753663508,0.7010019498766382,0.7033589930070199,0.72094838368576,0.7523342715716984
202506212323,5,Adversary,NonVerbal,0.5,0,2,0,0.0,0,-1,1,1,1,1,EN,,,,,,,,,0.0,1.0,0,0,1,2468,0.5,0.5,0.5427662936203532,0.5815470299382866,0.6370568106367637,0.6858765387957,0.6881421640562393,0.5245552052883863,0.3612820972064496,0.5113889341736314,0.5236627655048692
202506212323,6,Adversary,NonVerbal,0.5,1,2,0,0.0,0,-1,1,1,1,1,EN,,,,,,,,,0.0,1.0,0,1,1,2469,0.5,0.5,0.5349163066044088,0.6072722600926833,0.6108977875270276,0.6303492892883971,0.6368352989967385,0.6780554090851431,0.7105962946328102,0.7099042591037322,0.7089871007817108
202506212323,9,Adversary,NonVerbal,0.5,0,2,0,0.0,0,-1,1,1,0,0,EN,,,,,,,,,0.0,1.0,0,1,1,2470,0.5,0.5,0.4606469501779233,0.4254817800868702,0.3576069370473875,0.33211716060473706,0.2940826301422983,0.2835227368625783,0.45063160639338923,0.6262448170703763,0.5018523120890004
202506212323,13,Adversary,NonVerbal,0.5,0,2,0,0.0,0,-1,1,1,0,0,EN,,,,,,,,,0.0,1.0,0,1,1,2471,0.5,0.5,0.46074734394694056,0.3701733809076117,0.28601956476677987,0.265220790850748,0.25030594995242655,0.32931153753869435,0.2878252653629532,0.2635563862377514,0.2504603975389837
202506212323,17,Adversary,NonVerbal,0.5,0,2,0,0.0,0,-1,1,1,1,1,EN,,,,,,,,,0.0,1.0,1,1,1,2472,0.5,0.5,0.5425355921768256,0.5811962616177049,0.6350926177756969,0.6638752488856392,0.6944805177206463,0.538461426609119,0.36731176471638066,0.5365739954371276,0.546061313672172
202506212323,18,Adversary,NonVerbal,0.5,1,2,0,0.0,0,0,0,1,0,-1,EN,,,,,,,,,0.0,0.0,0,1,1,2473,0.5,0.5,0.4650465025790926,0.385557182537797,0.3998940914878713,0.3401470385037316,0.4150749839108545,0.24636910507266638,0.49214068192723004,0.5393591916298939,0.46533440721412866
202506212323,22,Adversary,NonVerbal,0.5,1,2,0,0.0,0,1,-1,1,1,0,EN,,,,,,,,,1.0,0.0,0,1,1,2474,0.5,0.5,0.534676982557867,0.5471861140032538,0.46477564387645326,0.28320923889589117,0.2586465472830899,0.22794162014491734,0.3607912294035457,0.4695758193400026,0.3795704764925735
202506212323,25,Adversary,NonVerbal,0.5,0,2,0,0.0,0,-1,1,1,1,1,EN,,,,,,,,,0.0,1.0,0,0,1,2475,0.5,0.5,0.5426351440291006,0.630961930229638,0.7121927359839613,0.7538244828301027,0.7557741236670198,0.7300069487717051,0.6722181824509907,0.5927459771727439,0.5065228739759271
202506212323,26,Adversary,NonVerbal,0.5,1,2,0,0.0,0,0,0,1,0,-1,EN,,,,,,,,,0.0,0.0,0,1,1,2476,0.5,0.5,0.4644343405215709,0.39462553450597754,0.3867219065078812,0.37557940066591194,0.36664879076033824,0.3570475649400115,0.47693162470190825,0.7158425870213212,0.8743744356948108
202506212323,29,Adversary,NonVerbal,0.5,0,2,0,0.0,0,-1,1,1,1,1,EN,,,,,,,,,0.0,1.0,0,0,1,2477,0.5,0.5,0.5427392200926009,0.6312102293966791,0.7029203912961904,0.729425532983038,0.7255494578618049,0.73854165507661,0.7432822042777866,0.7465464802786604,0.561089359722223
202506212323,30,Adversary,NonVerbal,0.5,1,2,0,0.0,0,1,-1,1,1,0,EN,,,,,,,,,1.0,0.0,0,0,1,2478,0.5,0.5,0.5364248766461522,0.5497291039651223,0.41721537023977945,0.27558171827104866,0.2237619079892129,0.22576596607985688,0.30078038392030004,0.43057624513588927,0.45719282282307094
202506212323,33,Adversary,NonVerbal,0.5,0,2,0,0.0,0,-1,1,1,0,0,EN,,,,,,,,,0.0,1.0,0,1,1,2479,0.5,0.5,0.46075533919471146,0.4256128463528399,0.35229543070865565,0.28528651559872514,0.26048818040189736,0.25415863321797444,0.2509267912976032,0.24779258214795882,0.26799427665427505
202506212323,34,Adversary,NonVerbal,0.5,1,2,0,0.0,0,0,0,1,1,-1,EN,,,,,,,,,0.0,0.0,0,1,1,2480,0.5,0.5,0.5371313926172449,0.5502839326989996,0.5151437090001665,0.45824034005595254,0.5187456918798738,0.5834846957172591,0.517466302609963,0.4391374836249878,0.37082334174009807
202506212323,37,Adversary,NonVerbal,0.5,0,2,0,0.0,0,-1,1,1,0,0,EN,,,,,,,,,0.0,1.0,0,1,1,2481,0.5,0.5,0.46040601284090504,0.3700062635520339,0.3009587275981275,0.28052979019398444,0.2513834381277901,0.31691826343114315,0.3407334942262203,0.304230575941826,0.301155203813875
202506212323,38,Adversary,NonVerbal,0.5,1,2,0,0.0,0,0,0,1,0,-1,EN,,,,,,,,,0.0,0.0,0,1,1,2482,0.5,0.5,0.457105314820112,0.4418004195665469,0.5713561092468314,0.539069053851251,0.6239261434895902,0.6162467468968585,0.5007647759149906,0.4733018414084895,0.4645413883819635
202506212323,41,Adversary,NonVerbal,0.5,0,2,0,0.0,0,-1,1,1,1,1,EN,,,,,,,,,0.0,1.0,0,0,1,2483,0.5,0.5,0.542909740653586,0.6311979356597222,0.7126028938877366,0.725480222929856,0.7156383555165537,0.7457780779153759,0.7388062866325875,0.735159451126277,0.6939654119941945
202506212323,42,Adversary,NonVerbal,0.5,1,2,0,0.0,0,1,-1,1,0,1,EN,,,,,,,,,1.0,0.0,1,1,1,2484,0.5,0.5,0.4613193801270798,0.4474355635665924,0.5684553528807001,0.445738659344928,0.3921537217145909,0.45963742379052874,0.46877334912591984,0.5012379971256746,0.6206735876501519
202506212323,45,Adversary,NonVerbal,0.5,0,2,0,0.0,0,-1,1,1,1,1,EN,,,,,,,,,0.0,1.0,0,0,1,2485,0.5,0.5,0.5428800899744914,0.5817581595455154,0.6357401346270993,0.6725246386238869,0.6594125431089272,0.612873576338054,0.544495416391492,0.46745212399153857,0.4622203146001638
202506212323,49,Adversary,NonVerbal,0.5,0,2,0,0.0,0,-1,1,1,1,1,EN,,,,,,,,,0.0,1.0,0,0,1,2486,0.5,0.5,0.542564520620174,0.6308648618690211,0.7063038406605379,0.7377800551937748,0.7305699310610463,0.6869194779227812,0.615206808370707,0.5300559847394518,0.4465072021767802
202506222043,3,Partner,NonVerbal,0.5,0,2,0,0.0,0,1,1,1,0,0,EN,,,,,,,,,1.0,0.0,-1,1,1,2487,0.5,0.5,0.45844030242545364,0.36685134461731184,0.30018339310042425,0.28426522326142295,0.28550567183615827,0.28584786292688275,0.32205134801277613,0.4200057228356125,0.4622332794460364
202506222043,4,Partner,NonVerbal,0.5,1,2,0,0.0,0,0,0,1,1,-1,EN,,,,,,,,,0.0,0.0,-1,1,1,2488,0.5,0.5,0.5447489864893893,0.6253423644115211,0.6830858812444195,0.6624947899828223,0.6095066186797675,0.5467483583634829,0.5288435005065164,0.5086889291436426,0.4812717583336478
202506222043,5,Partner,NonVerbal,0.5,0,2,0,0.0,0,1,1,1,0,0,EN,,,,,,,,,1.0,0.0,1,1,1,2489,0.5,0.5,0.4532041870271339,0.41385469332693336,0.3511836346751593,0.31207889244919057,0.3451342392955985,0.4042600718106197,0.4400379041188676,0.456425929648642,0.4630018505091574
202506222043,10,Partner,NonVerbal,0.5,1,2,0,0.0,0,1,1,1,1,1,EN,,,,,,,,,1.0,0.0,-1,1,1,2490,0.5,0.5,0.5503691842444346,0.6273405014744433,0.7048385941430056,0.7286140596977909,0.7258023911670953,0.7086974419111115,0.7090190542310598,0.7443717689986172,0.7709974258917676
202506222043,15,Partner,NonVerbal,0.5,0,2,0,0.0,0,1,1,1,0,0,EN,,,,,,,,,1.0,0.0,-1,1,1,2491,0.5,0.5,0.4579241090149067,0.3664977991071785,0.3077263242165781,0.3014382848815444,0.30969158531683416,0.3136175925450893,0.3395214629223857,0.37007036513344405,0.38399690587798846
202506222043,16,Partner,NonVerbal,0.5,1,2,0,0.0,0,1,1,1,0,0,EN,,,,,,,,,1.0,0.0,-1,1,1,2492,0.5,0.5,0.44377896724495525,0.4206144781259582,0.37475526560482186,0.34967389734059784,0.30775009051339675,0.27320172504142576,0.2942633633178912,0.3431612489535219,0.3691835695636767
202506222043,17,Partner,NonVerbal,0.5,0,2,0,0.0,0,1,1,1,1,1,EN,,,,,,,,,1.0,0.0,-1,1,1,2493,0.5,0.5,0.5474621240635115,0.5693951702099778,0.6453551200460503,0.6993547317886315,0.7072375872195951,0.714929071753591,0.7275156455096068,0.736347842138959,0.7401522985027948
202506222043,18,Partner,NonVerbal,0.5,1,2,0,0.0,0,1,1,1,1,1,EN,,,,,,,,,1.0,0.0,-1,1,1,2494,0.5,0.5,0.5429147775099102,0.6163905616456623,0.7005622985742148,0.7299063748270144,0.7280390023136589,0.6952754163151569,0.7228345438440897,0.7378893051243746,0.7439099911303888
202506222043,20,Partner,NonVerbal,0.5,1,2,0,0.0,0,1,1,1,0,0,EN,,,,,,,,,1.0,0.0,-1,1,1,2495,0.5,0.5,0.4559357678305045,0.3682971993188535,0.29714530765956,0.2686539035080974,0.2617553533674305,0.28259977771991224,0.3008305026030248,0.2699909573742189,0.2473010912279944
202506222043,22,Partner,NonVerbal,0.5,1,2,0,0.0,0,1,1,1,0,0,EN,,,,,,,,,1.0,0.0,-1,1,1,2496,0.5,0.5,0.45747920096148864,0.36491560910704196,0.29580524181537804,0.26228869740141847,0.23723230375268822,0.21159349104593342,0.20065460082470762,0.2009087878107706,0.1931657354753295
202506222043,23,Partner,NonVerbal,0.5,0,2,0,0.0,0,1,1,1,0,0,EN,,,,,,,,,1.0,0.0,-1,1,1,2497,0.5,0.5,0.4575363605806574,0.4197051099726907,0.37872023014028605,0.34502687949076105,0.33160044733836463,0.32441949541444837,0.3238869932456055,0.3846733325859893,0.3981354904730571
202506222043,24,Partner,NonVerbal,0.5,1,2,0,0.0,0,1,1,1,1,1,EN,,,,,,,,,1.0,0.0,1,-1,1,2498,0.5,0.5,0.5471363780372824,0.6220209170732239,0.6903828250314107,0.7195127372753181,0.7270229917145294,0.7142977553993137,0.7008676322828853,0.705680736803918,0.5700666118216886
202506222043,25,Partner,NonVerbal,0.5,0,2,0,0.0,0,1,1,1,0,0,EN,,,,,,,,,1.0,0.0,-1,-1,1,2499,0.5,0.5,0.45802587729094024,0.42062577582196725,0.3662139913082872,0.3325702566412664,0.36168493562318005,0.42936740818940666,0.4661421730860377,0.4051959904429408,0.3558146250065024
202506222043,26,Partner,NonVerbal,0.5,1,2,0,0.0,0,1,1,1,1,1,EN,,,,,,,,,1.0,0.0,-1,0,1,2500,0.5,0.5,0.546846126221977,0.5869607331881372,0.6510966517046087,0.6904498157861022,0.6890870056171833,0.6792682372785261,0.7046015667725878,0.7342718399342606,0.7389320369540108
202506222043,28,Partner,NonVerbal,0.5,1,2,0,0.0,0,1,1,1,1,1,EN,,,,,,,,,1.0,0.0,-1,1,1,2501,0.5,0.5,0.5482389336430991,0.588741538268151,0.6407156802189344,0.6741271424643949,0.7149750604342584,0.7462607850394838,0.7420625365549343,0.737134301236601,0.5846444515233784
202506222043,30,Partner,NonVerbal,0.5,1,2,0,0.0,0,1,1,1,0,0,EN,,,,,,,,,1.0,0.0,-1,1,1,2502,0.5,0.5,0.4436462038186512,0.3514580670389156,0.28371390979539607,0.25862634745668767,0.25059013676676783,0.23453709526256072,0.20938370912250523,0.19661043582809165,0.23522645091841188
202506251914,1,Adversary,NonVerbal,0.5,1,2,0,0.0,-1,1,-1,0,0,0,EN,,,,,,,,,1.0,0.0,-1,1,1,2503,0.5,0.5,0.4656150771874631,0.38308763421113495,0.3745478692879262,0.38054091335324314,0.44812955762577905,0.3650341575662958,0.39183675072096674,0.35723230654007004,0.4248328731178263
202506251914,2,Adversary,NonVerbal,0.5,1,2,0,0.0,-1,1,-1,1,0,1,EN,,,,,,,,,1.0,0.0,-1,1,1,2504,0.5,0.5,0.4648263119044295,0.45238800793622763,0.5366480569209922,0.5456299783102512,0.6441295115499113,0.7452282243994185,0.6769891473700621,0.6272683919733132,0.5903445359207947
202506251914,3,Adversary,NonVerbal,0.5,1,2,0,0.0,-1,1,-1,1,0,1,EN,,,,,,,,,1.0,0.0,-1,1,1,2505,0.5,0.5,0.4658027480694473,0.3890202435345906,0.3721043698707922,0.35562248381116407,0.36929147640197224,0.4773543313864028,0.6421295186884708,0.6820160148255411,0.5370066784309088
202506251914,4,Adversary,NonVerbal,0.5,1,2,0,0.0,-1,0,0,1,1,-1,EN,,,,,,,,,0.0,0.0,-1,0,1,2506,0.5,0.5,0.5363654925932789,0.6185824084130227,0.6007956814826587,0.5739080139727066,0.531610709727944,0.42595427240325445,0.5415568539858366,0.5426333819843644,0.5134754579066017
202506251914,5,Adversary,NonVerbal,0.5,1,2,0,0.0,-1,-1,1,1,1,1,EN,,,,,,,,,0.0,1.0,-1,0,1,2507,0.5,0.5,0.5350305127154356,0.6063920958939025,0.610537750364145,0.6696270114726585,0.6775109346282038,0.6896730182942564,0.6454392462162546,0.6392144472089447,0.6241351089352983
202506251914,7,Adversary,NonVerbal,0.5,1,2,0,0.0,-1,-1,1,1,0,0,EN,,,,,,,,,0.0,1.0,-1,1,1,2508,0.5,0.5,0.46687990801273643,0.45476700591669034,0.5369272019449762,0.43162221942480355,0.40704821600996993,0.5191136246916315,0.45185701132300393,0.4452381198381863,0.5219739735281068
202506251914,8,Adversary,NonVerbal,0.5,1,2,0,0.0,-1,1,-1,1,1,0,EN,,,,,,,,,1.0,0.0,0,0,1,2509,0.5,0.5,0.534491601589006,0.5474397831883252,0.5629234179441641,0.619194507418074,0.5141994520552724,0.36774619273984566,0.4548129641086377,0.410714571552203,0.4748931315115965
202506252151,1,Partner,NonVerbal,0.5,0,2,0,0.0,-1,-1,-1,0,1,1,EN,,,,,,,,,0.0,1.0,-1,-1,1,2510,0.5,0.5,0.5434596113965374,0.5828043449831158,0.6392262503403696,0.6766565603726407,0.6797134671131906,0.6798187278555315,0.6782885558308968,0.6824141745839385,0.6944076675637189
202506252154,1,Partner,NonVerbal,0.5,0,2,0,0.0,-1,-1,-1,0,1,1,EN,,,,,,,,,0.0,1.0,-1,0,1,2511,0.5,0.5,0.5434875441316683,0.582960396580424,0.6365513764994861,0.6709810784432664,0.7092269950194482,0.5927299927080718,0.5121749336297273,0.5708172781987972,0.5518291370071304
202506252154,2,Partner,NonVerbal,0.5,1,2,0,0.0,-1,-1,-1,0,1,1,EN,,,,,,,,,0.0,1.0,-1,0,1,2512,0.5,0.5,0.5442720795960051,0.583766401115975,0.6524154060133768,0.6941443591590625,0.6935431262547055,0.6642031488719041,0.7011115680751512,0.7219104316951305,0.7187635498614867
202506252154,9,Adversary,NonVerbal,0.5,0,2,0,0.0,-1,1,-1,0,1,1,EN,,,,,,,,,1.0,0.0,-1,0,1,2513,0.5,0.5,0.542318009871403,0.6306613287399356,0.7135346118336261,0.7519886259588816,0.738053736004019,0.7683510126700537,0.7772616622315985,0.7635165452253995,0.715669180353714
202506252154,18,Partner,NonVerbal,0.5,1,2,0,0.0,-1,1,1,1,0,0,EN,,,,,,,,,1.0,0.0,-1,1,1,2514,0.5,0.5,0.4568025437048052,0.3725644805517178,0.30646436603629673,0.27959382334150784,0.24342275784475464,0.21771967565590486,0.2092071761670844,0.1957242337648507,0.18935224741924978
202506252154,25,Adversary,NonVerbal,0.5,0,2,0,0.0,-1,-1,1,1,1,1,EN,,,,,,,,,0.0,1.0,-1,0,1,2515,0.5,0.5,0.5427484684741061,0.6317077359936245,0.7018172317744568,0.7354311068710665,0.7448795657240658,0.7594054590404147,0.7439323569463175,0.6936540864719533,0.6172615928373889
202506252154,26,Adversary,NonVerbal,0.5,1,2,0,0.0,-1,0,0,1,0,-1,EN,,,,,,,,,0.0,0.0,-1,1,1,2516,0.5,0.5,0.4634656154204864,0.38938511892306293,0.38877748850168614,0.4190742095737727,0.4387752703210477,0.4510957820806182,0.46300944584888243,0.5212897537484396,0.540778300372719
202506252154,41,Adversary,NonVerbal,0.5,0,2,0,0.0,-1,-1,1,1,0,0,EN,,,,,,,,,0.0,1.0,-1,1,1,2517,0.5,0.5,0.4606765720591561,0.42554663512543983,0.3624787605177593,0.3361447032224811,0.3261292946657916,0.3282876695057768,0.26169291211477186,0.25099698641529034,0.28824060768595783
202506252154,42,Adversary,NonVerbal,0.5,1,2,0,0.0,-1,1,-1,1,0,1,EN,,,,,,,,,1.0,0.0,-1,1,1,2518,0.5,0.5,0.4677271977486339,0.3964426785900367,0.3946460632911835,0.48657168023575786,0.5795867018102973,0.6504829333842146,0.5085096571105391,0.5419756254954072,0.5694230414079301
202506252154,49,Partner,NonVerbal,0.5,0,2,0,0.0,-1,1,1,1,0,0,EN,,,,,,,,,1.0,0.0,-1,1,1,2519,0.5,0.5,0.45805082002737924,0.42072689061402174,0.34965860728995557,0.30616919286358535,0.2772113411785398,0.2534619511520085,0.2535057701332241,0.25353757880839883,0.2398275137107493
202506252154,50,Partner,NonVerbal,0.5,1,2,0,0.0,-1,1,1,1,1,1,EN,,,,,,,,,1.0,0.0,-1,0,1,2520,0.5,0.5,0.5448647697440666,0.5846690628583989,0.6329450665985515,0.6635446851368216,0.6644775889888211,0.6001745479161857,0.6832378095234866,0.7258958269672322,0.7630580053780726
202506252154,58,Adversary,NonVerbal,0.5,1,2,0,0.0,-1,-1,1,1,1,1,EN,,,,,,,,,0.0,1.0,-1,0,1,2521,0.5,0.5,0.5350129430107976,0.5465875092052752,0.5074116237056677,0.5848888979960263,0.6512820722967442,0.6717044578443314,0.6670618267806048,0.6676140530086407,0.6664513893000654
202506252154,66,Partner,NonVerbal,0.5,1,2,0,0.0,-1,1,1,1,1,1,EN,,,,,,,,,1.0,0.0,-1,1,1,2522,0.5,0.5,0.5500664823853026,0.6385214563873919,0.715778878679805,0.7297768140175905,0.7094720582765248,0.6722687186194717,0.6137578858946398,0.5669672373663283,0.5428540469520056
202506252154,73,Adversary,NonVerbal,0.5,0,2,0,0.0,-1,-1,1,1,1,1,EN,,,,,,,,,0.0,1.0,-1,0,1,2523,0.5,0.5,0.5418336345217625,0.6301561117771831,0.7070097856694993,0.7034931315918113,0.7090452665801109,0.7205577891227717,0.7137297317575465,0.7315862653622358,0.720949191295228
202506252154,81,Partner,NonVerbal,0.5,0,2,0,0.0,-1,1,1,1,0,0,EN,,,,,,,,,1.0,0.0,-1,1,1,2524,0.5,0.5,0.45809217677253034,0.3666112487294307,0.3006343175144447,0.28475900493087447,0.25700602932794514,0.23421139308888073,0.3452262089441391,0.4281784353267281,0.3635242227603685
202506252154,82,Partner,NonVerbal,0.5,1,2,0,0.0,-1,1,1,1,0,0,EN,,,,,,,,,1.0,0.0,-1,1,1,2525,0.5,0.5,0.45301652302045253,0.36936611647654494,0.30198716510546103,0.2804476513912167,0.2809221129538423,0.45753639393911544,0.502505914305689,0.4553088630179022,0.45706938958457877
202506252154,89,Adversary,NonVerbal,0.5,0,2,0,0.0,-1,0,0,1,1,-1,EN,,,,,,,,,0.0,0.0,-1,0,1,2526,0.5,0.5,0.5425411580083401,0.5811717792136036,0.6272627799382003,0.6365185716749233,0.6477353829667357,0.6429072730543894,0.5014207826304969,0.38754104223485975,0.4698388354931253
202506252154,90,Adversary,NonVerbal,0.5,1,2,0,0.0,-1,-1,1,1,0,0,EN,,,,,,,,,0.0,1.0,-1,1,1,2527,0.5,0.5,0.4591528941688731,0.37413454916501326,0.37535095873615665,0.3974446853898319,0.32517648817740097,0.28847167738530977,0.3139000940571903,0.3233073729685844,0.3210604187176658
202506252154,97,Partner,NonVerbal,0.5,0,2,0,0.0,-1,1,1,1,1,1,EN,,,,,,,,,1.0,0.0,-1,0,1,2528,0.5,0.5,0.5449505224321324,0.5852330724533842,0.6541437227642745,0.6960716014656108,0.6975504777314764,0.6960557548450922,0.7146725069655956,0.7334965731999028,0.7375337984904731
202506252154,98,Partner,NonVerbal,0.5,1,2,0,0.0,-1,1,1,1,1,1,EN,,,,,,,,,1.0,0.0,-1,0,1,2529,0.5,0.5,0.5472079288241091,0.6283918829978609,0.6939808253167888,0.6559782555279334,0.5953898876819411,0.5749245699066485,0.5611509038823469,0.5435331708546122,0.5290074681516509
202506252154,105,Adversary,NonVerbal,0.5,0,2,0,0.0,-1,-1,1,1,0,0,EN,,,,,,,,,0.0,1.0,-1,1,1,2530,0.5,0.5,0.4608159303531514,0.37025935748877514,0.28602758596463695,0.2473008190216642,0.2244411078684878,0.21856856643609246,0.21678453932919006,0.23544064648408583,0.25453728289874306
202506252154,106,Adversary,NonVerbal,0.5,1,2,0,0.0,-1,1,-1,1,0,1,EN,,,,,,,,,1.0,0.0,-1,-1,1,2531,0.5,0.5,0.46478021968594124,0.3911598633349899,0.3982389009715895,0.4231309582413157,0.43724420641872613,0.5332331520735728,0.5225667663681619,0.49244113831128544,0.5697373703985401
202506252154,113,Partner,NonVerbal,0.5,0,2,0,0.0,-1,1,1,1,1,1,EN,,,,,,,,,1.0,0.0,-1,0,1,2532,0.5,0.5,0.544710929024682,0.633777617613981,0.6932069660047007,0.7044546150938548,0.6964140863302305,0.6945607026307151,0.7045554508795918,0.7162305540799241,0.7233623521042946
202506252154,114,Partner,NonVerbal,0.5,1,2,0,0.0,-1,1,1,1,1,1,EN,,,,,,,,,1.0,0.0,-1,0,1,2533,0.5,0.5,0.5490062526351679,0.5899280797669623,0.6417190669165382,0.674954212223912,0.6749896428887251,0.6099844570643136,0.6863854741751122,0.7168054996254465,0.7106945887914599
202506252154,129,Partner,NonVerbal,0.5,0,2,0,0.0,-1,1,1,1,0,0,EN,,,,,,,,,1.0,0.0,-1,-1,1,2534,0.5,0.5,0.4584677672934276,0.4212688494240666,0.3681353998373448,0.33468562776911565,0.3349450710075506,0.35665350858802636,0.3902134100752986,0.4035062604691692,0.40383342834566466
202506252154,130,Partner,NonVerbal,0.5,1,2,0,0.0,-1,1,1,1,0,0,EN,,,,,,,,,1.0,0.0,-1,1,1,2535,0.5,0.5,0.4471501389838502,0.405363980368724,0.37515775270312485,0.35561612686445243,0.30521440390437155,0.2597204922425869,0.23000779904009636,0.19370538791627975,0.18943993866464365
202506252154,137,Adversary,NonVerbal,0.5,0,2,0,0.0,-1,-1,1,1,1,1,EN,,,,,,,,,0.0,1.0,-1,1,1,2536,0.5,0.5,0.5414401579432722,0.579772909608216,0.6308388211949899,0.6674638843373567,0.7025312787477085,0.6837639319171355,0.6319966719237792,0.5575929762672535,0.4761270809192437
202506252154,138,Adversary,NonVerbal,0.5,1,2,0,0.0,-1,0,0,1,0,-1,EN,,,,,,,,,0.0,0.0,-1,1,1,2537,0.5,0.5,0.4653907879981756,0.3981096570932742,0.4143046220461571,0.42368385297169836,0.4777063546341714,0.5461688057973038,0.5586893175690989,0.6011446896393372,0.48042265706793047
202506252154,145,Partner,NonVerbal,0.5,0,2,0,0.0,-1,1,1,1,1,1,EN,,,,,,,,,1.0,0.0,-1,0,1,2538,0.5,0.5,0.5442327222631136,0.633342544993534,0.7069205169309761,0.7319351015171948,0.7365326554092926,0.745107377156752,0.7533553115221087,0.7585349679982074,0.7644464053697915
202506252154,146,Partner,NonVerbal,0.5,1,2,0,0.0,-1,1,1,1,0,0,EN,,,,,,,,,1.0,0.0,-1,1,1,2539,0.5,0.5,0.4560183650553982,0.4175518338324433,0.3483200309909369,0.31197458283805557,0.31972154332362895,0.3229114200794357,0.3197151225794809,0.32718626577714294,0.34241351374209494
202506252154,153,Adversary,NonVerbal,0.5,0,2,0,0.0,-1,-1,1,1,0,0,EN,,,,,,,,,0.0,1.0,-1,1,1,2540,0.5,0.5,0.46110863678014047,0.3705938571483193,0.2847444993377953,0.25082420595104754,0.252084999491707,0.2362056750110905,0.2340803510848401,0.23200229570516645,0.4254132504877147
202506252154,154,Adversary,NonVerbal,0.5,1,2,0,0.0,-1,1,-1,1,1,0,EN,,,,,,,,,1.0,0.0,-1,0,1,2541,0.5,0.5,0.5390331525988207,0.5527316519523385,0.44535855066329366,0.23444281476260642,0.161996627097183,0.21309337942831721,0.3816020520302012,0.4051232160852211,0.48163550220801626
202506252154,161,Partner,NonVerbal,0.5,0,2,0,0.0,-1,1,1,1,0,0,EN,,,,,,,,,1.0,0.0,-1,1,1,2542,0.5,0.5,0.4581167439550994,0.42079116107083936,0.35679763146984206,0.3189828960252883,0.28851115089326795,0.2624159168195493,0.3006540648151,0.40319968854108174,0.44929111732326515
202506252154,162,Partner,NonVerbal,0.5,1,2,0,0.0,-1,1,1,1,0,0,EN,,,,,,,,,1.0,0.0,-1,-1,1,2543,0.5,0.5,0.4563682857255367,0.36878364909500544,0.3013320616222717,0.27696949140694394,0.2681991973554601,0.25821165940866203,0.22678506449284572,0.1903131423544199,0.3547054973636893
202506252154,169,Adversary,NonVerbal,0.5,0,2,0,0.0,-1,-1,1,1,1,1,EN,,,,,,,,,0.0,1.0,-1,1,1,2544,0.5,0.5,0.5426240496114579,0.5813590174881285,0.6238795087678882,0.6592184010292726,0.6911983529399335,0.6474972018992075,0.48981634664338497,0.36289133577707067,0.4131717635738805
202506252154,178,Partner,NonVerbal,0.5,1,2,0,0.0,-1,1,1,1,0,0,EN,,,,,,,,,1.0,0.0,-1,1,1,2545,0.5,0.5,0.4527774339922943,0.3707693250623183,0.3070792672574771,0.2807048395939739,0.2707410093986309,0.2640124590832157,0.2601987127121688,0.26828893095690326,0.44108604630215376
202506252154,185,Adversary,NonVerbal,0.5,0,2,0,0.0,-1,0,0,1,0,-1,EN,,,,,,,,,0.0,0.0,-1,1,1,2546,0.5,0.5,0.4610694170310839,0.42604970503630774,0.37364152866188205,0.3255877451641547,0.3251814615440194,0.36950509633362094,0.46330690482644277,0.511854452236878,0.4224042340444
202506252154,186,Adversary,NonVerbal,0.5,1,2,0,0.0,-1,-1,1,1,1,1,EN,,,,,,,,,0.0,1.0,-1,1,1,2547,0.5,0.5,0.5348734301579203,0.6110573418181405,0.6263318109718903,0.6849429224710764,0.6940641029195064,0.6973433486346622,0.6820595160998555,0.6829569866804238,0.7155458384197109
202506252154,193,Partner,NonVerbal,0.5,0,2,0,0.0,-1,1,1,1,1,1,EN,,,,,,,,,1.0,0.0,-1,0,1,2548,0.5,0.5,0.5443005442105632,0.5843615113758432,0.6354757366866979,0.6685849231500914,0.7011377333124107,0.5876312936697009,0.6859392008265319,0.7018894952552689,0.7379093398056817
202506252154,201,Adversary,NonVerbal,0.5,0,2,0,0.0,-1,-1,1,1,1,1,EN,,,,,,,,,0.0,1.0,-1,1,1,2549,0.5,0.5,0.5427036507533045,0.5815065013708111,0.6419162471709875,0.6790573610979447,0.6936871753365423,0.6713340209502852,0.628341155955029,0.48069832178071464,0.3857326878080221
202506252154,202,Adversary,NonVerbal,0.5,1,2,0,0.0,-1,-1,1,1,0,0,EN,,,,,,,,,0.0,1.0,-1,1,1,2550,0.5,0.5,0.46436831696576797,0.37747721152652985,0.3525976164970285,0.34790706862822507,0.3517287895037019,0.390568949874356,0.4146223270308083,0.39480052084101064,0.4231331790746755
202506252154,209,Partner,NonVerbal,0.5,0,2,0,0.0,-1,1,1,1,0,0,EN,,,,,,,,,1.0,0.0,-1,1,1,2551,0.5,0.5,0.45794215035835883,0.3662375046585614,0.3004682284892385,0.284684162200643,0.29030321968236955,0.29702737144008096,0.3186634260653898,0.3538187859884535,0.405666087690406
202506260804,1,Partner,NonVerbal,0.5,0,2,0,0.0,-1,-1,-1,0,1,1,EN,,,,,,,,,0.0,1.0,-1,0,1,2552,0.5,0.5,0.5436615495529468,0.5831702835772696,0.6237011569840181,0.6500121822885861,0.6581168935275266,0.6687318526540007,0.679774523785335,0.6903120542117575,0.6984545705558513
202506260804,9,Partner,NonVerbal,0.5,0,2,0,0.0,-1,1,1,1,0,0,EN,,,,,,,,,1.0,0.0,-1,1,1,2553,0.5,0.5,0.45813473788487813,0.36660574333194684,0.28549684705079265,0.2616476215320629,0.2430783618197462,0.22520977378889595,0.22780084014533586,0.2293149350096408,0.23654800545118715
202506260804,17,Partner,NonVerbal,0.5,0,2,0,0.0,-1,1,1,1,1,1,EN,,,,,,,,,1.0,0.0,-1,1,1,2554,0.5,0.5,0.54422119815156,0.6331842737938891,0.6965397725122151,0.7128439613197575,0.6874079705279555,0.6049255804987507,0.6477862391782423,0.6578561658599631,0.6657242162126166
202506261016,1,Partner,NonVerbal,0.5,0,2,0,0.0,-1,-1,-1,0,1,1,EN,,,,,,,,,0.0,1.0,-1,0,1,2555,0.5,0.5,0.5438556432459658,0.5836146354263996,0.6192152258333368,0.6409454642461088,0.6485757990955715,0.6694568700866425,0.6885988154909842,0.6992685678791575,0.7112837135367406
202506261016,4,Partner,NonVerbal,0.5,0,2,0,0.0,-1,1,1,1,1,1,EN,,,,,,,,,1.0,0.0,-1,0,1,2556,0.5,0.5,0.544200375483759,0.633263931652293,0.7100867899333633,0.7325503885174812,0.7229593057059107,0.728779824294868,0.7336514778095943,0.7291815858377084,0.7065324158671542
202506261016,13,Partner,NonVerbal,0.5,0,2,0,0.0,-1,1,1,1,1,1,EN,,,,,,,,,1.0,0.0,-1,1,1,2557,0.5,0.5,0.5439138292932766,0.6328722154337968,0.693725499313156,0.7049004248976966,0.7033556355085878,0.6991181327821101,0.7152675663712846,0.7339238044409214,0.6879381605385333
202506261016,16,Partner,NonVerbal,0.5,0,2,0,0.0,-1,1,1,1,1,1,EN,,,,,,,,,1.0,0.0,-1,1,1,2558,0.5,0.5,0.544109793899645,0.5840523835157425,0.6381236822037365,0.6738046393338091,0.6766800662541711,0.6514429937915405,0.6317186223043052,0.6418660234468493,0.6502317090500803
202506261016,19,Partner,NonVerbal,0.5,0,2,0,0.0,-1,1,1,1,1,1,EN,,,,,,,,,1.0,0.0,-1,0,1,2559,0.5,0.5,0.5439213116009969,0.5838156697685517,0.6462906709870629,0.68481256875971,0.6853563858018853,0.6695686356600318,0.6828720544183948,0.6901554072955184,0.6947606369931684
202506261016,22,Partner,NonVerbal,0.5,0,2,0,0.0,-1,1,1,1,1,1,EN,,,,,,,,,1.0,0.0,-1,1,1,2560,0.5,0.5,0.544279076112718,0.6333602056366174,0.7133416657408153,0.7387294154525808,0.7118581297743614,0.6936716441437876,0.7029873254157194,0.7093861225781326,0.7100769307595145
202506261016,25,Partner,NonVerbal,0.5,0,2,0,0.0,-1,1,1,1,1,1,EN,,,,,,,,,1.0,0.0,-1,0,1,2561,0.5,0.5,0.5441275708910375,0.5840784698905279,0.6096586480294456,0.6221267486590888,0.6258561180856078,0.591721297825757,0.5585665678397643,0.6157699194724863,0.6474171193732676
202506261553,1,Adversary,NonVerbal,0.5,1,2,0,0.0,-1,-1,1,0,1,0,EN,,,,,,,,,0.0,1.0,-1,1,1,2562,0.5,0.5,0.5366428328566001,0.5515352317047723,0.4608260647564201,0.35067955953050284,0.33728954763092084,0.3302224851264494,0.450995274224511,0.4714637096706041,0.48173480101656163
202506261553,2,Adversary,NonVerbal,0.5,1,2,0,0.0,-1,-1,1,1,1,1,EN,,,,,,,,,0.0,1.0,-1,0,1,2563,0.5,0.5,0.5368117333463527,0.6127200508927931,0.6260150458982687,0.6328503527544419,0.6246474909320883,0.5870033703692992,0.6712439289731007,0.7483937953319624,0.7236554501690752
202506261553,3,Adversary,NonVerbal,0.5,1,2,0,0.0,-1,1,-1,1,1,0,EN,,,,,,,,,1.0,0.0,-1,0,1,2564,0.5,0.5,0.5353188506237363,0.5492844805356278,0.45926252555735175,0.3169164481377479,0.26861471325523484,0.2473289159289621,0.40303674903545017,0.3918419662720976,0.4111926689497618
202506261553,4,Adversary,NonVerbal,0.5,1,2,0,0.0,-1,-1,1,1,1,1,EN,,,,,,,,,0.0,1.0,-1,0,1,2565,0.5,0.5,0.5340367761049895,0.6140264401812031,0.6245401951249546,0.6795800687005042,0.7028801453386119,0.7176348985898743,0.6877624144917025,0.718141024722009,0.7585070596242768
202506261553,5,Adversary,NonVerbal,0.5,1,2,0,0.0,-1,-1,1,1,0,0,EN,,,,,,,,,0.0,1.0,1,1,1,2566,0.5,0.5,0.46617856405191777,0.4537086927645506,0.5519482623775317,0.40993359473803836,0.3560133659402485,0.438240049145388,0.5139211604981715,0.5329429261703814,0.35296088453734664
202506261610,1,Adversary,NonVerbal,0.5,0,2,0,0.0,-1,1,-1,0,1,1,EN,,,,,,,,,1.0,0.0,-1,0,1,2567,0.5,0.5,0.5411731556033278,0.5785844293519022,0.6400534707977488,0.6756687446831541,0.6537115687684106,0.600702206530816,0.5283773231405053,0.45164631916535414,0.44990290137743383
202506261610,2,Adversary,NonVerbal,0.5,0,2,0,0.0,-1,-1,1,1,0,0,EN,,,,,,,,,0.0,1.0,-1,1,1,2568,0.5,0.5,0.4607111620508968,0.42561447190699553,0.35889559480890987,0.30354287761958765,0.3017560177772397,0.31077664930477156,0.31200758804713447,0.37117673914668703,0.3550516170253955
202506261610,3,Adversary,NonVerbal,0.5,0,2,0,0.0,-1,-1,1,1,0,0,EN,,,,,,,,,0.0,1.0,1,1,1,2569,0.5,0.5,0.4608779740220146,0.4258454142397954,0.39305581704713216,0.3303947861998663,0.28962148167309715,0.2807338847428962,0.2777229595973042,0.27650104461788194,0.2985865332592331
202506261610,4,Adversary,NonVerbal,0.5,0,2,0,0.0,-1,-1,1,1,1,1,EN,,,,,,,,,0.0,1.0,-1,0,1,2570,0.5,0.5,0.542598822388079,0.581260293421462,0.6389467241289183,0.6692450893120075,0.7105019306740794,0.7180620035661971,0.6855786968453244,0.6233008928171438,0.543112231879692
202506151724,1,Partner,NonVerbal,0.5,0,2,1,0.0,0,-1,-1,0,0,0,EN,,,,,,,,,0.0,1.0,-1,1,1,2571,0.5,0.5,0.4829164464631617,0.3991711443515035,0.3113650045135944,0.29256931381929047,0.29928471835740594,0.299596106641084,0.3228965018234224,0.3967756500795897,0.3802510581134442
202506151724,3,Partner,NonVerbal,0.5,0,2,1,0.5,0,-1,-1,0,1,1,EN,,,,,,,,,0.0,1.0,0,0,1,2572,0.5,0.5,0.5432441361671644,0.6335439724719734,0.7138959807355956,0.7401253025648794,0.7397502415556307,0.7366103931494373,0.727371671847568,0.7123001363077271,0.6723290531031642
202506151724,5,Partner,NonVerbal,0.5,0,2,1,1.0,0,-1,-1,0,0,0,EN,,,,,,,,,0.0,1.0,1,1,1,2573,0.5,0.5,0.45796064019124927,0.42033356667402383,0.3528697311554385,0.3132995863960768,0.31728390044874083,0.3189324325135113,0.3193307183318457,0.3197937831242711,0.3212337676964162
202506151724,6,Partner,NonVerbal,0.5,1,2,1,1.0,0,-1,-1,0,0,0,EN,,,,,,,,,0.0,1.0,0,1,1,2574,0.5,0.5,0.4581770221203388,0.4210274544916472,0.36951537697515296,0.33787710926020126,0.3392948842737032,0.33986328940788046,0.33995768008607113,0.34000811877400683,0.36535482642375705
202506151724,8,Partner,NonVerbal,0.5,1,2,1,0.0,1,-1,-1,0,1,1,EN,,,,,,,,,0.0,1.0,0,0,1,2575,0.5,0.5,0.5227948134556898,0.6057046129680863,0.6857748049816202,0.7075383547730135,0.7342190714498915,0.7734889426660352,0.7297289140780321,0.7459728933841631,0.7182377810833227
202506151724,10,Partner,NonVerbal,0.5,1,2,1,0.5,1,-1,-1,0,1,1,EN,,,,,,,,,0.0,1.0,0,0,1,2576,0.5,0.5,0.5438513787044728,0.6326315721837907,0.7086970395809443,0.73437790867361,0.7385422235998081,0.7344942954369873,0.7345838148076758,0.7279409364031609,0.7195002348405519
202506151724,11,Partner,NonVerbal,0.5,0,2,1,1.0,1,-1,-1,0,1,1,EN,,,,,,,,,0.0,1.0,0,1,1,2577,0.5,0.5,0.5439975981839456,0.6362221622498326,0.7159876744641661,0.7423792664930969,0.7191242155298648,0.6796089061756402,0.6683986397619296,0.7416466351112463,0.7455079395556732
202506151724,12,Partner,NonVerbal,0.5,1,2,1,1.0,1,-1,-1,0,0,0,EN,,,,,,,,,0.0,1.0,1,1,1,2578,0.5,0.5,0.4581078887332373,0.42091068383609515,0.38173104169289396,0.3592559634052275,0.3613003768961187,0.3623506593729671,0.4130539810020928,0.453923540562382,0.4640499972252953
202506151724,15,Adversary,NonVerbal,0.5,0,2,1,0.5,0,1,-1,0,1,1,EN,,,,,,,,,1.0,0.0,1,0,1,2579,0.5,0.5,0.5039248776878338,0.5081921189083083,0.5748934506675663,0.6487118489158301,0.660510377862343,0.6399851801083919,0.6783845759286264,0.6893368485590997,0.6916701760748016
202506151724,17,Adversary,NonVerbal,0.5,0,2,1,1.0,0,1,-1,0,1,1,EN,,,,,,,,,1.0,0.0,0,1,1,2580,0.5,0.5,0.5113485625275909,0.5942526654400307,0.678462510362794,0.729837846414585,0.7391997813957699,0.7243847632352025,0.7133966806244703,0.7277452773319097,0.7245305941426741
202506151724,18,Adversary,NonVerbal,0.5,1,2,1,1.0,0,1,-1,0,1,1,EN,,,,,,,,,1.0,0.0,1,0,1,2581,0.5,0.5,0.5053432232073148,0.5888225460729024,0.6653253602291743,0.7064759869490908,0.7454922788901683,0.741917191093444,0.7426445367632785,0.7445452384416141,0.7501008686709857
202506151724,19,Adversary,NonVerbal,0.5,0,2,1,0.0,1,1,-1,0,1,1,EN,,,,,,,,,1.0,0.0,1,0,1,2582,0.5,0.5,0.5007476505069265,0.5368785476438541,0.6401269349400865,0.6494795331925927,0.651029227698454,0.67207180380296,0.7074264035113312,0.5412469174562721,0.36730855574466137
202506151724,20,Adversary,NonVerbal,0.5,1,2,1,0.0,1,-1,1,0,0,1,EN,,,,,,,,,0.0,1.0,1,1,1,2583,0.5,0.5,0.49965474055684217,0.5212570674972089,0.5845908896214447,0.6329489430891049,0.508230979157351,0.6396216498813357,0.8140159771388994,0.6638774085534331,0.8289901355620988
202506151724,21,Adversary,NonVerbal,0.5,0,2,1,0.5,1,1,-1,0,1,1,EN,,,,,,,,,1.0,0.0,-1,0,1,2584,0.5,0.5,0.5039905059480083,0.5843288368574144,0.6848070257899059,0.7299279439315511,0.7287763420842059,0.6982903916847036,0.6369075371704266,0.5574712164202998,0.4741114939704782
202506151724,22,Adversary,NonVerbal,0.5,1,2,1,0.5,1,-1,1,0,1,0,EN,,,,,,,,,0.0,1.0,1,1,1,2585,0.5,0.5,0.5004799820354515,0.4773971351628819,0.4542385336553327,0.35979328736448124,0.40008291152446823,0.40177567016258303,0.3953656529416489,0.4005761503763575,0.41402641201496787
202506151724,23,Adversary,NonVerbal,0.5,0,2,1,1.0,1,1,-1,0,1,1,EN,,,,,,,,,1.0,0.0,0,0,1,2586,0.5,0.5,0.5110867075686751,0.5942295267567657,0.6861026656282225,0.7023052187737259,0.7250277872505014,0.7152659872114485,0.721398117542257,0.7046619766160859,0.7120157438276739
202506151724,24,Adversary,NonVerbal,0.5,1,2,1,1.0,1,1,-1,0,1,1,EN,,,,,,,,,1.0,0.0,-1,0,1,2587,0.5,0.5,0.5062497549719183,0.5164678255343687,0.6124280718759131,0.6552586765025938,0.7077426419481668,0.737350407894591,0.7409565138128185,0.7537029656258368,0.7589812817284975
202506151724,28,Partner,NonVerbal,0.5,1,2,1,0.5,0,1,1,1,0,0,EN,,,,,,,,,1.0,0.0,-1,1,1,2588,0.5,0.5,0.4581247277330979,0.42065825959026776,0.348103510830417,0.38047700472747037,0.4270776717320222,0.38094726526701106,0.38399635771752877,0.38867602478882163,0.5273694053396669
202506151724,29,Partner,NonVerbal,0.5,0,2,1,1.0,0,1,1,1,1,1,EN,,,,,,,,,1.0,0.0,0,0,1,2589,0.5,0.5,0.5439886511756669,0.6345804350365989,0.7110483009172737,0.7340636061695127,0.7112808923609162,0.6965361142936255,0.7032778941508067,0.7089649361762189,0.7105805197945168
202506151724,30,Partner,NonVerbal,0.5,1,2,1,1.0,0,1,1,1,0,0,EN,,,,,,,,,1.0,0.0,0,1,1,2590,0.5,0.5,0.45807734142190887,0.3921755856367201,0.3130040803041468,0.27596194893064135,0.27034877589650785,0.26231551686296095,0.24748850234900477,0.22879363797153593,0.20275298569813213
202506151724,31,Partner,NonVerbal,0.5,0,2,1,0.0,1,1,1,1,1,1,EN,,,,,,,,,1.0,0.0,0,0,1,2591,0.5,0.5,0.5184431111888664,0.5376136140416151,0.5550001083570538,0.5555080986326432,0.5551994656433566,0.5386765735338488,0.5432354085722815,0.6032469413936303,0.6370628583606901
202506151724,33,Partner,NonVerbal,0.5,0,2,1,0.5,1,1,1,1,1,1,EN,,,,,,,,,1.0,0.0,0,0,1,2592,0.5,0.5,0.5431358512017267,0.582167034718324,0.6410574068631792,0.6777407595600937,0.678800336659193,0.6753677857432102,0.6904414210378553,0.7087026415468165,0.705769665898732
202506151724,34,Partner,NonVerbal,0.5,1,2,1,0.5,1,1,1,1,1,1,EN,,,,,,,,,1.0,0.0,-1,0,1,2593,0.5,0.5,0.5436551706751942,0.5833924805278754,0.6434425492917429,0.6822352868329509,0.6885213839216645,0.6857141325076802,0.6923224387168733,0.6761288100343337,0.6734860573286214
202506151724,35,Partner,NonVerbal,0.5,0,2,1,1.0,1,1,1,1,0,0,EN,,,,,,,,,1.0,0.0,1,1,1,2594,0.5,0.5,0.4577893388222831,0.4200722035888975,0.35123609451434173,0.310343977662179,0.3149977721807176,0.3251425378719567,0.352709772371495,0.37124935204589377,0.36252435167610336
202506151724,36,Partner,NonVerbal,0.5,1,2,1,1.0,1,1,1,1,1,1,EN,,,,,,,,,1.0,0.0,0,1,1,2595,0.5,0.5,0.5438370555832832,0.5835941093292221,0.6238887188521914,0.6503462546560105,0.6588263184162662,0.6691676972299677,0.6757721154213299,0.6805943515289989,0.6947287344405152
202506151724,39,Adversary,NonVerbal,0.5,0,2,1,0.5,0,-1,1,1,0,0,EN,,,,,,,,,0.0,1.0,0,1,1,2596,0.5,0.5,0.496609775779606,0.4933113439609625,0.41045356042329306,0.3427900901810227,0.33644345741877474,0.34832474693052745,0.36583263367375896,0.40340938608926363,0.414380595022192
202506151724,40,Adversary,NonVerbal,0.5,1,2,1,0.5,0,1,-1,1,1,0,EN,,,,,,,,,1.0,0.0,1,0,1,2597,0.5,0.5,0.5020078781807856,0.3702903712818736,0.3050276279489722,0.15547145416889233,0.34611465349279374,0.1657537510137607,0.32247768592119885,0.4145354366513586,0.45179389896707
202506151724,41,Adversary,NonVerbal,0.5,0,2,1,1.0,0,-1,1,1,0,0,EN,,,,,,,,,0.0,1.0,1,1,1,2598,0.5,0.5,0.4901861914226863,0.40745648842499566,0.32678184168567975,0.32373464908095184,0.2770105654744492,0.28311417448434056,0.32845833639373767,0.40564620635095644,0.45225594039478256
202506151724,42,Adversary,NonVerbal,0.5,1,2,1,1.0,0,-1,1,1,1,1,EN,,,,,,,,,0.0,1.0,1,0,1,2599,0.5,0.5,0.5057999193459752,0.5889774650206281,0.6335449370482363,0.6612132832297458,0.6613597275833484,0.6578600093251133,0.6230354724475583,0.6221901549024543,0.6831548619153133
202506151724,43,Adversary,NonVerbal,0.5,0,2,1,0.0,1,-1,1,1,0,0,EN,,,,,,,,,0.0,1.0,-1,1,1,2600,0.5,0.5,0.49932836293541627,0.4600567076001611,0.34471594473807776,0.3311498030357819,0.28587389103589844,0.27576436164282114,0.45084496198685076,0.6263087982609301,0.5794234446565095
202506151724,44,Adversary,NonVerbal,0.5,1,2,1,0.0,1,-1,1,1,0,0,EN,,,,,,,,,0.0,1.0,1,1,1,2601,0.5,0.5,0.49965709603079694,0.5560052601892995,0.6486977425497213,0.6852115324814488,0.5395185480930493,0.4644251872956545,0.3562341792437738,0.3296539596275234,0.3472308674032038
202506151724,46,Adversary,NonVerbal,0.5,1,2,1,0.5,1,1,-1,1,1,0,EN,,,,,,,,,1.0,0.0,1,1,1,2602,0.5,0.5,0.501090345639316,0.477953620519119,0.45529219801483223,0.38142661021145013,0.42359726097525563,0.44773048449744457,0.43788680786895673,0.44345224862679666,0.507402286770464
202506151724,47,Adversary,NonVerbal,0.5,0,2,1,1.0,1,-1,1,1,1,1,EN,,,,,,,,,0.0,1.0,1,0,1,2603,0.5,0.5,0.5112629148451002,0.5952887878182248,0.683402620196399,0.712721473950132,0.5472995340773155,0.3730702820501377,0.5131253889695384,0.567450558316432,0.6425823488086991
202506151724,48,Adversary,NonVerbal,0.5,1,2,1,1.0,1,-1,1,1,1,1,EN,,,,,,,,,0.0,1.0,0,0,1,2604,0.5,0.5,0.5053956302265593,0.5366896282635422,0.6412973974179532,0.6813979790464886,0.6907241189356152,0.6988693999443719,0.7139933832627553,0.7195802781851737,0.7308437606856784
202506151724,50,Partner,NonVerbal,0.5,1,2,1,0.0,0,1,1,1,0,0,EN,,,,,,,,,1.0,0.0,1,1,1,2605,0.5,0.5,0.4788412675403475,0.4597994395173112,0.4104681714807344,0.386900580797508,0.39352464676256876,0.395325490781034,0.4281327215407239,0.4566199053684346,0.45825685070316746
202506151724,52,Partner,NonVerbal,0.5,1,2,1,0.5,0,1,1,1,1,1,EN,,,,,,,,,1.0,0.0,1,0,1,2606,0.5,0.5,0.5439283598378624,0.5837956910630636,0.6527852632212044,0.696063738766627,0.6973094189579526,0.686259863846084,0.6858416614075685,0.6962019178700588,0.6946109384010701
202506151724,54,Partner,NonVerbal,0.5,1,2,1,1.0,0,1,1,1,0,0,EN,,,,,,,,,1.0,0.0,1,1,1,2607,0.5,0.5,0.4578784364214317,0.42017052434664315,0.34729736532878086,0.2716643645242705,0.2485912072494149,0.25068308993217076,0.2532970595689219,0.3761116992512749,0.4412670574064678
202506151724,55,Partner,NonVerbal,0.5,0,2,1,0.0,1,1,1,1,0,0,EN,,,,,,,,,1.0,0.0,-1,1,1,2608,0.5,0.5,0.4827160538823573,0.4019687728288894,0.3170744894938612,0.2944453724253786,0.2969307462086863,0.29956650887967595,0.3205600667532221,0.3229541400996178,0.3101604100477115
202506151724,56,Partner,NonVerbal,0.5,1,2,1,0.0,1,1,1,1,1,1,EN,,,,,,,,,1.0,0.0,0,0,1,2609,0.5,0.5,0.5227152844981118,0.5438367298990747,0.4969053021288134,0.5526225507789082,0.5430734355321891,0.5716119067518954,0.5929633087950524,0.5967573467074062,0.4812103673674109
202506151724,57,Partner,NonVerbal,0.5,0,2,1,0.5,1,1,1,1,1,1,EN,,,,,,,,,1.0,0.0,0,1,1,2610,0.5,0.5,0.5431899066747533,0.6346682320413981,0.7110095978991289,0.7350830725329955,0.7102031666885092,0.6904109561080427,0.6939578984849806,0.6936504096180748,0.693120088765911
202506151724,58,Partner,NonVerbal,0.5,1,2,1,0.5,1,1,1,1,0,0,EN,,,,,,,,,1.0,0.0,0,1,1,2611,0.5,0.5,0.45814289821447346,0.42106355903543463,0.3490683157184181,0.30262666510889813,0.3135508369016929,0.31803390154543526,0.31808391809724557,0.31812366332314057,0.33538129418399026
202506151724,60,Partner,NonVerbal,0.5,1,2,1,1.0,1,1,1,1,1,1,EN,,,,,,,,,1.0,0.0,0,1,1,2612,0.5,0.5,0.544446758029346,0.6362397411813712,0.7081678695600323,0.7305899466292002,0.7348174388922185,0.7517078652203001,0.7656084576460265,0.7685329161416259,0.7717749256748069
202506160641,1,Partner,NonVerbal,0.5,0,2,1,0.0,0,-1,-1,0,0,0,EN,,,,,,,,,0.0,1.0,-1,1,1,2613,0.5,0.5,0.482474297290573,0.46500400303436346,0.3990539467005029,0.36372766012156127,0.3809019624357519,0.3932539443151604,0.39330985091680376,0.4159085001119117,0.42993476244385304
202506160641,3,Partner,NonVerbal,0.5,0,2,1,0.5,0,-1,-1,0,1,1,EN,,,,,,,,,0.0,1.0,-1,-1,1,2614,0.5,0.5,0.5429648211291628,0.6335334970990454,0.6924877321184305,0.7031487978825142,0.7064695494647604,0.7158752913888148,0.7286788551571096,0.739081128770952,0.7432050609150275
202506160641,4,Partner,NonVerbal,0.5,1,2,1,0.5,0,-1,-1,0,1,1,EN,,,,,,,,,0.0,1.0,-1,0,1,2615,0.5,0.5,0.5429851835447626,0.582155168783989,0.5390162880650318,0.5775549522266918,0.5642634864443796,0.5843392691252988,0.5705220846705774,0.5812029047910838,0.618708428298917
202506160641,5,Partner,NonVerbal,0.5,0,2,1,1.0,0,-1,-1,0,1,1,EN,,,,,,,,,0.0,1.0,-1,0,1,2616,0.5,0.5,0.5443645663274003,0.5844077874385187,0.5980413501271031,0.5994947533412568,0.6061933966882976,0.6170512698791872,0.6265344328012458,0.6356043572728829,0.6502453369686386
202506160641,6,Partner,NonVerbal,0.5,1,2,1,1.0,0,-1,-1,0,0,0,EN,,,,,,,,,0.0,1.0,-1,1,1,2617,0.5,0.5,0.45764177598366423,0.39097975911491606,0.31845516939973606,0.28601619505712694,0.28504350316360266,0.2843264806845121,0.28274086255098974,0.2762061593237819,0.2589944283388032
202506160641,8,Partner,NonVerbal,0.5,1,2,1,0.0,1,-1,-1,0,1,1,EN,,,,,,,,,0.0,1.0,-1,0,1,2618,0.5,0.5,0.5001812178643231,0.520625261919526,0.6117349310377522,0.6655002012142603,0.6685060390304176,0.665014854227913,0.6574522979333753,0.6652875770733554,0.65835848686254
202506160641,9,Partner,NonVerbal,0.5,0,2,1,0.5,1,-1,-1,0,0,0,EN,,,,,,,,,0.0,1.0,-1,1,1,2619,0.5,0.5,0.45881381928929305,0.4220426144199763,0.3770290001038685,0.33695424806749474,0.2981536489779931,0.27487497741105243,0.33087747018883223,0.4046186380154799,0.4295311048537684
202506160641,10,Partner,NonVerbal,0.5,1,2,1,0.5,1,1,1,0,1,0,EN,,,,,,,,,1.0,0.0,-1,0,1,2620,0.5,0.5,0.5434151271791645,0.5828782634364357,0.46171146858873446,0.33581400842991577,0.37287169232538603,0.3224310428458807,0.2841693977920416,0.3436437592247913,0.29535692801453645
202506160641,11,Partner,NonVerbal,0.5,0,2,1,1.0,1,-1,-1,0,0,0,EN,,,,,,,,,0.0,1.0,-1,1,1,2621,0.5,0.5,0.45783328599107753,0.42016218791957666,0.3974948984775749,0.38654353196872676,0.38721791059294064,0.33732056736721766,0.284391748037673,0.28617940065522646,0.3023412615090381
202506160641,12,Partner,NonVerbal,0.5,1,2,1,1.0,1,-1,-1,0,1,1,EN,,,,,,,,,0.0,1.0,-1,0,1,2622,0.5,0.5,0.5432593817844449,0.61141737301341,0.673187193276563,0.6986971392664181,0.7004430030849614,0.7049856709322377,0.7115219074743934,0.7171930761213922,0.7244118115594962
202506160641,13,Adversary,NonVerbal,0.5,0,2,1,0.0,0,1,-1,0,1,1,EN,,,,,,,,,1.0,0.0,-1,1,1,2623,0.5,0.5,0.4993323583013388,0.49868703040460294,0.4357050675448778,0.3767298707735251,0.3725763758418227,0.38223275185143124,0.39399497693502383,0.4411506994796496,0.5075569715627963
202506160641,13,Adversary,NonVerbal,0.5,0,2,1,0.0,0,1,-1,0,0,0,EN,,,,,,,,,1.0,0.0,-1,1,1,2624,0.5,0.5,0.4993323583013388,0.49868703040460294,0.4357050675448778,0.3767298707735251,0.3725763758418227,0.38223275185143124,0.39399497693502383,0.4411506994796496,0.5075569715627963
202506160641,14,Adversary,NonVerbal,0.5,1,2,1,0.0,0,-1,1,0,1,0,EN,,,,,,,,,0.0,1.0,-1,1,1,2625,0.5,0.5,0.5003423243492252,0.3645020773305971,0.29219084947659724,0.19406345752190357,0.35434717152480655,0.22204407171651064,0.196391809296457,0.2737353929599064,0.3636499863904538
202506160641,15,Adversary,NonVerbal,0.5,0,2,1,0.5,0,1,-1,0,0,0,EN,,,,,,,,,1.0,0.0,-1,1,1,2626,0.5,0.5,0.496482032655712,0.49313826871619304,0.4365592347170178,0.38008306558370303,0.3929889788716248,0.38783188171530186,0.3526346443863164,0.477986608993189,0.5725906722523986
202506160641,16,Adversary,NonVerbal,0.5,1,2,1,0.5,0,-1,1,0,1,0,EN,,,,,,,,,0.0,1.0,-1,0,1,2627,0.5,0.5,0.5000306873738418,0.495537195360906,0.48592262343925613,0.48181874075764486,0.32847996537869567,0.3491386297435951,0.4110643133693922,0.33030617136099316,0.23563843997867523
202506160641,17,Adversary,NonVerbal,0.5,0,2,1,1.0,0,1,-1,0,1,1,EN,,,,,,,,,1.0,0.0,-1,0,1,2628,0.5,0.5,0.5113845550568938,0.5958046565897085,0.6848017673010742,0.7121661317056557,0.6965292886215632,0.6468193980325021,0.5738270516066474,0.49147805196198324,0.5227264904017984
202506160641,20,Adversary,NonVerbal,0.5,1,2,1,0.0,1,-1,1,0,0,1,EN,,,,,,,,,0.0,1.0,-1,1,1,2629,0.5,0.5,0.4998109977238329,0.6426120649714374,0.7038161130124106,0.8617396286078586,0.6835196397462054,0.6268892413817281,0.5531448032172199,0.5263035801941472,0.487907485644104
202506160641,21,Adversary,NonVerbal,0.5,0,2,1,0.5,1,1,-1,0,0,0,EN,,,,,,,,,1.0,0.0,-1,1,1,2630,0.5,0.5,0.4964213763366045,0.4183678816750346,0.34491857102541007,0.35024083000279943,0.2817783869686233,0.4382054442784793,0.6213800158728457,0.5766105176896474,0.5430513400872593
202506160641,22,Adversary,NonVerbal,0.5,1,2,1,0.5,1,-1,1,0,1,0,EN,,,,,,,,,0.0,1.0,-1,1,1,2631,0.5,0.5,0.5022041645262787,0.36619061381574014,0.29725144537245723,0.2797983358087035,0.2987411492389666,0.42483858494095067,0.2940142387710957,0.21696736177717799,0.19917407295704662
202506160641,25,Partner,NonVerbal,0.5,0,2,1,0.0,0,1,1,1,1,1,EN,,,,,,,,,1.0,0.0,-1,1,1,2632,0.5,0.5,0.5182858679463876,0.6001928015945994,0.691154677917284,0.7187920262953178,0.7186812167070453,0.6683263447340807,0.680355526375123,0.7031387925134014,0.7047823785795582
202506160641,28,Partner,NonVerbal,0.5,1,2,1,0.5,0,1,1,1,0,0,EN,,,,,,,,,1.0,0.0,-1,1,1,2633,0.5,0.5,0.4582024298348265,0.420855791577511,0.35037260084405325,0.40294119501196285,0.35379630439672655,0.3525662262193602,0.3534278671844455,0.35588719734850677,0.39504474424129876
202506160641,29,Partner,NonVerbal,0.5,0,2,1,1.0,0,1,1,1,1,1,EN,,,,,,,,,1.0,0.0,-1,0,1,2634,0.5,0.5,0.5441827419156214,0.633227963707958,0.6930228584034478,0.7047940569345832,0.7037829133796951,0.6472738752776968,0.6860967615106973,0.6969575138415162,0.7105473460026122
202506160641,30,Partner,NonVerbal,0.5,1,2,1,1.0,0,1,1,1,1,1,EN,,,,,,,,,1.0,0.0,-1,0,1,2635,0.5,0.5,0.5443573201131852,0.6337659560657399,0.70611169520398,0.7072800810183549,0.6582229643411813,0.5728641030252745,0.5325565583229255,0.5213140405167287,0.512617644534426
202506160641,32,Partner,NonVerbal,0.5,1,2,1,0.0,1,1,1,1,0,0,EN,,,,,,,,,1.0,0.0,-1,1,1,2636,0.5,0.5,0.48252684267146523,0.39957444035898604,0.4474841832583923,0.4546295210811235,0.3540614913650184,0.31400663776945054,0.30959835534089797,0.3001191116883443,0.28535838257365154
202506160641,33,Partner,NonVerbal,0.5,0,2,1,0.5,1,1,1,1,0,0,EN,,,,,,,,,1.0,0.0,-1,1,1,2637,0.5,0.5,0.4580254553662144,0.36988632107510905,0.2893467145730764,0.2622490291584018,0.29506813828769957,0.4198484439110212,0.43397178529419533,0.4036090586332366,0.417808897895489
202506160641,34,Partner,NonVerbal,0.5,1,2,1,0.5,1,-1,-1,1,0,1,EN,,,,,,,,,0.0,1.0,-1,1,1,2638,0.5,0.5,0.4580326283198369,0.3658439196126485,0.42806398530973394,0.4995558991861758,0.4842416599347934,0.5856628842311519,0.7306034949049587,0.5724421544521031,0.5404577815880748
202506160641,35,Partner,NonVerbal,0.5,0,2,1,1.0,1,1,1,1,1,1,EN,,,,,,,,,1.0,0.0,-1,0,1,2639,0.5,0.5,0.5438671383962794,0.5835412083963909,0.6436398930905388,0.680695669207248,0.6810388083543976,0.6603742622433281,0.6703948558989463,0.6688320065409112,0.6661987001982725
202506160641,36,Partner,NonVerbal,0.5,1,2,1,1.0,1,1,1,1,1,1,EN,,,,,,,,,1.0,0.0,-1,-1,1,2640,0.5,0.5,0.5441508345337606,0.6333660452073299,0.6946599846683266,0.6906224307910988,0.6659717142793646,0.6379923435259705,0.6127163734246139,0.5886404705990406,0.5239289647884187
202506160641,37,Adversary,NonVerbal,0.5,0,2,1,0.0,0,-1,1,1,1,1,EN,,,,,,,,,0.0,1.0,-1,1,1,2641,0.5,0.5,0.5007140733872304,0.5370744651728675,0.6516996068260306,0.6592274781364872,0.6719353228753112,0.6849813336101791,0.7254278829006205,0.744217262507723,0.7633628144771507
202506160641,37,Adversary,NonVerbal,0.5,0,2,1,0.0,0,-1,1,1,1,1,EN,,,,,,,,,0.0,1.0,-1,1,1,2642,0.5,0.5,0.5007140733872304,0.5370744651728675,0.6516996068260306,0.6592274781364872,0.6719353228753112,0.6849813336101791,0.7254278829006205,0.744217262507723,0.7633628144771507
202506160641,40,Adversary,NonVerbal,0.5,1,2,1,0.5,0,1,-1,1,0,1,EN,,,,,,,,,1.0,0.0,-1,1,1,2643,0.5,0.5,0.49831065539230074,0.6406221462604887,0.8412943821156886,0.917161554034488,0.7662333787297188,0.6591172457353064,0.8080092683921845,0.679071479160706,0.8173889702084004
202506160641,43,Adversary,NonVerbal,0.5,0,2,1,0.0,1,-1,1,1,0,0,EN,,,,,,,,,0.0,1.0,-1,1,1,2644,0.5,0.5,0.49926202393691793,0.4985995830023641,0.4457181078219028,0.3952996805411528,0.4117330634667099,0.4354587008602245,0.45165790042031967,0.36034970875815453,0.3476015020417772
202506160641,44,Adversary,NonVerbal,0.5,1,2,1,0.0,1,-1,1,1,0,0,EN,,,,,,,,,0.0,1.0,-1,1,1,2645,0.5,0.5,0.49968243479079155,0.5210193483316344,0.5364314463027251,0.6327340951884681,0.4952199330622037,0.4306133577636564,0.47385808022861126,0.44199482389314093,0.40758157587325167
202506160641,45,Adversary,NonVerbal,0.5,0,2,1,0.5,1,-1,1,1,1,1,EN,,,,,,,,,0.0,1.0,-1,0,1,2646,0.5,0.5,0.5039629827767185,0.5882064633634497,0.6795568562959999,0.7153694459956155,0.712363937451288,0.6726732747084491,0.6055793528784011,0.5235696586576819,0.44144717251643
202506160641,46,Adversary,NonVerbal,0.5,1,2,1,0.5,1,1,-1,1,1,0,EN,,,,,,,,,1.0,0.0,-1,1,1,2647,0.5,0.5,0.5019992306054222,0.4780265910252719,0.45744984467625494,0.28742419637964517,0.39136501925822337,0.3278546222910875,0.33103328816067046,0.3376633691129973,0.3439732107597095
202506160641,47,Adversary,NonVerbal,0.5,0,2,1,1.0,1,1,-1,1,1,0,EN,,,,,,,,,1.0,0.0,-1,0,1,2648,0.5,0.5,0.5112999580984053,0.5219748682972011,0.5809918280210181,0.6177419510543996,0.6049648182335483,0.56176199831856,0.499818371688504,0.4474247482571584,0.48086286900273967
202506160641,49,Partner,NonVerbal,0.5,0,2,1,0.0,0,1,1,1,1,1,EN,,,,,,,,,1.0,0.0,-1,1,1,2649,0.5,0.5,0.5182794604040586,0.6006320030258755,0.6968230839239468,0.6871859484179269,0.6296131550896784,0.5830203917836958,0.5599923870559899,0.5538766827251106,0.5464586941979277
202506160641,50,Partner,NonVerbal,0.5,1,2,1,0.0,0,1,1,1,0,0,EN,,,,,,,,,1.0,0.0,-1,1,1,2650,0.5,0.5,0.4789475775948883,0.42605411395292686,0.3566780131997131,0.33245261871816223,0.313392821816298,0.45444334563131844,0.4763930413869991,0.4203867577420139,0.4228967603747726
202506160641,51,Partner,NonVerbal,0.5,0,2,1,0.5,0,1,1,1,0,0,EN,,,,,,,,,1.0,0.0,-1,1,1,2651,0.5,0.5,0.4589210710813713,0.4220239063018596,0.3497056154006354,0.3060287416736534,0.33585877258757985,0.36075963194473454,0.36017657454116614,0.36049563077707253,0.3612606032773795
202506160641,52,Partner,NonVerbal,0.5,1,2,1,0.5,0,1,1,1,0,0,EN,,,,,,,,,1.0,0.0,-1,1,1,2652,0.5,0.5,0.457954800681254,0.36802823621239694,0.2930803157826137,0.2623574342559185,0.2521024670400749,0.24547652231544684,0.2910756498390083,0.27779318829040145,0.4192287257214991
202506160641,53,Partner,NonVerbal,0.5,0,2,1,1.0,0,1,1,1,0,0,EN,,,,,,,,,1.0,0.0,-1,1,1,2653,0.5,0.5,0.4571952475289487,0.4192996659315922,0.3623164495195653,0.32796980206224313,0.3371276617789902,0.3468887259690211,0.35015941027461467,0.35231683145903425,0.3539407209895441
202506160641,54,Partner,NonVerbal,0.5,1,2,1,1.0,0,1,1,1,0,0,EN,,,,,,,,,1.0,0.0,-1,1,1,2654,0.5,0.5,0.45754923391646496,0.39083008305494876,0.3229431819829403,0.29717330165940475,0.301360447562728,0.3024178388341283,0.32198332510079125,0.3492551552343631,0.4204500146545267
202506160641,55,Partner,NonVerbal,0.5,0,2,1,0.0,1,1,1,1,1,1,EN,,,,,,,,,1.0,0.0,-1,-1,1,2655,0.5,0.5,0.518218080539314,0.5372579219600079,0.6258005552853042,0.6752731130139348,0.7093096674901875,0.6107369302972635,0.6965973747939807,0.7069504988448114,0.7058571162384265
202506160641,56,Partner,NonVerbal,0.5,1,2,1,0.0,1,1,1,1,1,1,EN,,,,,,,,,1.0,0.0,-1,-1,1,2656,0.5,0.5,0.5225529221878147,0.5434495092349163,0.499302913556278,0.5498769563568956,0.5337012974697106,0.5550911866427902,0.5527976091162818,0.5525428978557241,0.5666934872867662
202506160641,57,Partner,NonVerbal,0.5,0,2,1,0.5,1,1,1,1,1,1,EN,,,,,,,,,1.0,0.0,-1,0,1,2657,0.5,0.5,0.5419849328446583,0.6297957216277413,0.7007690784705314,0.7217525293362749,0.7206540045493953,0.5915314175403773,0.683830542435027,0.6964067388288416,0.705377853089744
202506160641,58,Partner,NonVerbal,0.5,1,2,1,0.5,1,1,1,1,1,1,EN,,,,,,,,,1.0,0.0,-1,1,1,2658,0.5,0.5,0.5426879463677179,0.6321214012582086,0.7146447450444103,0.7442837112979342,0.7483732537831356,0.7437733737640744,0.7354022791028989,0.7223983540396064,0.717260358284264
202506160641,59,Partner,NonVerbal,0.5,0,2,1,1.0,1,1,1,1,0,0,EN,,,,,,,,,1.0,0.0,-1,1,1,2659,0.5,0.5,0.457370259214209,0.3686817684282216,0.28966087701491156,0.26645610934888025,0.2701051914330617,0.2715289873613047,0.27255439190467723,0.25331128961696686,0.23663460750216023
202506160641,60,Partner,NonVerbal,0.5,1,2,1,1.0,1,1,1,1,1,1,EN,,,,,,,,,1.0,0.0,-1,0,1,2660,0.5,0.5,0.5437910133036158,0.5836994456115701,0.6238232090201212,0.649537674929933,0.6522129118509566,0.6587109321513063,0.6723812197421111,0.6848160617141927,0.6922371649512064
202506160641,61,Adversary,NonVerbal,0.5,0,2,1,0.0,0,-1,1,1,0,0,EN,,,,,,,,,0.0,1.0,-1,1,1,2661,0.5,0.5,0.4993351466741471,0.46135494856022463,0.36711565138945634,0.307694478049914,0.28267399410154126,0.3089585575845995,0.3486740142332255,0.4332879664790049,0.40497337056259464
202506160641,61,Adversary,NonVerbal,0.5,0,2,1,0.0,0,-1,1,1,0,0,EN,,,,,,,,,0.0,1.0,-1,1,1,2662,0.5,0.5,0.4993351466741471,0.46135494856022463,0.36711565138945634,0.307694478049914,0.28267399410154126,0.3089585575845995,0.3486740142332255,0.4332879664790049,0.40497337056259464
202506160641,62,Adversary,NonVerbal,0.5,1,2,1,0.0,0,1,-1,1,0,1,EN,,,,,,,,,1.0,0.0,-1,1,1,2663,0.5,0.5,0.4996767343512551,0.6280593438585075,0.7784365737533353,0.8807488019687267,0.6715746470583721,0.692246284332771,0.7437026880938696,0.6884591202615189,0.6226660885446027
202506160641,63,Adversary,NonVerbal,0.5,0,2,1,0.5,0,0,0,1,0,-1,EN,,,,,,,,,0.0,0.0,-1,1,1,2664,0.5,0.5,0.4964746630244415,0.4931302012042027,0.41986502218143934,0.35668707521698567,0.4878661997863538,0.6432354207469538,0.5258979172852446,0.5327824072177068,0.5312604339053181
202506160641,64,Adversary,NonVerbal,0.5,1,2,1,0.5,0,1,-1,1,0,1,EN,,,,,,,,,1.0,0.0,-1,1,1,2665,0.5,0.5,0.4976474380635831,0.5205687225963541,0.5457318780830756,0.6417259603057749,0.6020107450083789,0.49103453370524486,0.5430183980451485,0.5210528778124488,0.5310737031998793
202506160641,65,Adversary,NonVerbal,0.5,0,2,1,1.0,0,-1,1,1,1,1,EN,,,,,,,,,0.0,1.0,-1,1,1,2666,0.5,0.5,0.5111940816496796,0.5913281017688851,0.6487388436524697,0.6791958031451814,0.7176107925629386,0.7157831518300383,0.7080751231737176,0.6650497476635571,0.5968352135359041
202506160641,66,Adversary,NonVerbal,0.5,1,2,1,1.0,0,-1,1,1,0,0,EN,,,,,,,,,0.0,1.0,-1,1,1,2667,0.5,0.5,0.49485329837096675,0.40754074071056157,0.3047819580085663,0.2754545002055915,0.39043510905052786,0.5365882093998178,0.4981204624010018,0.5469278834427338,0.40283020183751805
202506160641,67,Adversary,NonVerbal,0.5,0,2,1,0.0,1,-1,1,1,1,1,EN,,,,,,,,,0.0,1.0,-1,0,1,2668,0.5,0.5,0.5007532892914162,0.5373115841800478,0.6341777926767462,0.6420483095702775,0.6950954961719553,0.730859216361278,0.7212539174981274,0.696110302703268,0.6907672883482754
202506160641,68,Adversary,NonVerbal,0.5,1,2,1,0.0,1,1,-1,1,0,1,EN,,,,,,,,,1.0,0.0,-1,1,1,2669,0.5,0.5,0.4996650668800045,0.6437483511804462,0.8470100171119882,0.9325820638697484,0.7239005606357685,0.7030718979728718,0.7537382331781989,0.6962325032115354,0.6572947844692608
202506160641,69,Adversary,NonVerbal,0.5,0,2,1,0.5,1,-1,1,1,0,0,EN,,,,,,,,,0.0,1.0,-1,1,1,2670,0.5,0.5,0.49651078198273674,0.49319609749317755,0.4446792128931502,0.4170133579227999,0.3975690259653408,0.32137917155381485,0.324743825899251,0.2842488135267559,0.4463031676520109
202506160641,71,Adversary,NonVerbal,0.5,0,2,1,1.0,1,-1,1,1,0,0,EN,,,,,,,,,0.0,1.0,-1,1,1,2671,0.5,0.5,0.4900092570924855,0.4073970748141747,0.31543218488118074,0.2861682733092163,0.29334246569585776,0.30145453672689193,0.326102553614773,0.2996413382696272,0.25518304082447063
202506160641,72,Adversary,NonVerbal,0.5,1,2,1,1.0,1,-1,1,1,0,0,EN,,,,,,,,,0.0,1.0,-1,1,1,2672,0.5,0.5,0.49489900810927623,0.48611680967619725,0.46975883585901984,0.5209760853427126,0.43941737380754486,0.3445364918441926,0.32537061029040415,0.2859433301073081,0.2441911706155897
202506160641,74,Partner,NonVerbal,0.5,1,2,1,0.0,0,1,1,1,0,0,EN,,,,,,,,,1.0,0.0,-1,1,1,2673,0.5,0.5,0.4790265380018034,0.40146545126954924,0.3978503925326521,0.46612932915465227,0.5723546793726838,0.582315491274158,0.5163269997976544,0.4152663135260177,0.34997127616280516
202506160641,75,Partner,NonVerbal,0.5,0,2,1,0.5,0,1,1,1,1,1,EN,,,,,,,,,1.0,0.0,-1,-1,1,2674,0.5,0.5,0.5427828207370082,0.631783873460584,0.7040731074187837,0.7239532789499286,0.7221840954327673,0.7181458786943256,0.7071214727842812,0.7004047221165651,0.6611301030930914
202506160641,76,Partner,NonVerbal,0.5,1,2,1,0.5,0,1,1,1,0,0,EN,,,,,,,,,1.0,0.0,-1,1,1,2675,0.5,0.5,0.45851342550589275,0.42145171165690154,0.36266251822789713,0.30185460462779606,0.2734146839331929,0.23826790741435855,0.2682663821370324,0.22647190532963932,0.297022060471211
202506160641,77,Partner,NonVerbal,0.5,0,2,1,1.0,0,1,1,1,1,1,EN,,,,,,,,,1.0,0.0,-1,1,1,2676,0.5,0.5,0.5437271924613283,0.6327892877607165,0.6873607774715226,0.6979030006379786,0.7053789376460701,0.7168001761855378,0.7284278398038501,0.7343889387874617,0.7394047384800314
202506160641,78,Partner,NonVerbal,0.5,1,2,1,1.0,0,1,1,1,1,1,EN,,,,,,,,,1.0,0.0,-1,0,1,2677,0.5,0.5,0.5423696936983318,0.6088839980030536,0.6731833883626672,0.7011855382475236,0.7071641205626946,0.7153290406444754,0.7211595076996303,0.7271365051880448,0.7332281792004752
202506160641,79,Partner,NonVerbal,0.5,0,2,1,0.0,1,1,1,1,0,0,EN,,,,,,,,,1.0,0.0,-1,1,1,2678,0.5,0.5,0.4825993466117596,0.40180111147078995,0.3137584973900292,0.2905952146261912,0.2946791763254695,0.34021599625707194,0.4480486694274268,0.5028871483520438,0.5036020215769967
202506160641,80,Partner,NonVerbal,0.5,1,2,1,0.0,1,0,0,1,1,-1,EN,,,,,,,,,0.0,0.0,-1,0,1,2679,0.5,0.5,0.5222944862249218,0.5430275665962581,0.44217938723223954,0.34448405885909644,0.33599064564579395,0.3342602119966196,0.29371039830936724,0.36686711752844736,0.3567281330695342
202506160641,81,Partner,NonVerbal,0.5,0,2,1,0.5,1,1,1,1,0,0,EN,,,,,,,,,1.0,0.0,-1,1,1,2680,0.5,0.5,0.4584290183542288,0.38131223737964354,0.30350813539950816,0.2777672591167163,0.26126900347359505,0.24077260940505402,0.22461249883380172,0.2449628780126041,0.2739873045184123
202506160641,82,Partner,NonVerbal,0.5,1,2,1,0.5,1,1,1,1,0,0,EN,,,,,,,,,1.0,0.0,-1,1,1,2681,0.5,0.5,0.4578307304199994,0.42237057756663526,0.3605223859812911,0.39755048150338723,0.31272250266874313,0.27786978550501135,0.2756913573671956,0.2746256189565548,0.2703215366811679
202506160641,83,Partner,NonVerbal,0.5,0,2,1,1.0,1,1,1,1,0,0,EN,,,,,,,,,1.0,0.0,-1,1,1,2682,0.5,0.5,0.4571396650732596,0.3663521146181446,0.3002732348695828,0.2842241379692099,0.2864275541237586,0.28759982281169605,0.2897823994416245,0.29239007309074033,0.2961939378340646
202506160641,84,Partner,NonVerbal,0.5,1,2,1,1.0,1,1,1,1,0,0,EN,,,,,,,,,1.0,0.0,-1,1,1,2683,0.5,0.5,0.4829133686383348,0.4600660069523544,0.37719539787860595,0.3331912755733274,0.3405436678485558,0.34344087866854317,0.34615259693688666,0.34741273940962786,0.3483167138786146
202506160641,85,Adversary,NonVerbal,0.5,0,2,1,0.0,0,-1,1,1,1,1,EN,,,,,,,,,0.0,1.0,-1,0,1,2684,0.5,0.5,0.5007527931298207,0.5380152311259565,0.6651333364123682,0.6869306861490122,0.6811793642982562,0.6886336029290844,0.6883009754410445,0.716061181288627,0.7031897527354568
202506160641,86,Adversary,NonVerbal,0.5,1,2,1,0.0,0,1,-1,1,0,1,EN,,,,,,,,,1.0,0.0,-1,1,1,2685,0.5,0.5,0.4996810264807882,0.6407354729692518,0.8406789100228299,0.6710412635458732,0.6842957793013352,0.5816464912966218,0.776092378951598,0.7570770226735944,0.5980454657333757
202506160641,87,Adversary,NonVerbal,0.5,0,2,1,0.5,0,-1,1,1,1,1,EN,,,,,,,,,0.0,1.0,-1,1,1,2686,0.5,0.5,0.5039509721566849,0.5883459511163202,0.6860705073735649,0.7174287555810914,0.705091831104521,0.6553961527705444,0.6093427243650695,0.5800742370644317,0.6424074596886835
202506160641,88,Adversary,NonVerbal,0.5,1,2,1,0.5,0,-1,1,1,1,1,EN,,,,,,,,,0.0,1.0,-1,-1,1,2687,0.5,0.5,0.5020172641696836,0.4779293265388978,0.4558189407384061,0.4363467901812911,0.529097925468739,0.6529263234765906,0.722092362677242,0.7415384536673998,0.7423656501095458
202506160641,89,Adversary,NonVerbal,0.5,0,2,1,1.0,0,-1,1,1,0,0,EN,,,,,,,,,0.0,1.0,-1,1,1,2688,0.5,0.5,0.49023613663371113,0.4116979478145602,0.3124540776814997,0.29438960833007416,0.27995031993504826,0.30276102189794546,0.3593133442848009,0.44051777969685957,0.5288554215700189
202506160641,91,Adversary,NonVerbal,0.5,0,2,1,0.0,1,-1,1,1,0,0,EN,,,,,,,,,0.0,1.0,-1,1,1,2689,0.5,0.5,0.4993362805468152,0.49869929461021884,0.4228427717132027,0.3824898949719284,0.3098150153619813,0.2950045833643677,0.30449538893424577,0.30637085277638937,0.31141590746168873
202506160641,92,Adversary,NonVerbal,0.5,1,2,1,0.0,1,1,-1,1,1,0,EN,,,,,,,,,1.0,0.0,-1,1,1,2690,0.5,0.5,0.5003819666961943,0.36631337397349695,0.2871589864120294,0.322370845521764,0.4493455951872063,0.3104978000582625,0.4220098636892004,0.3964708871979537,0.4869042170629155
202506160641,93,Adversary,NonVerbal,0.5,0,2,1,0.5,1,-1,1,1,0,0,EN,,,,,,,,,0.0,1.0,-1,1,1,2691,0.5,0.5,0.4965070366648216,0.4931786175689467,0.4600641677764247,0.43509672489919843,0.4462883387171546,0.3761634836284417,0.3457092734769842,0.32970537953657086,0.2827321548370085
202506160641,94,Adversary,NonVerbal,0.5,1,2,1,0.5,1,-1,1,1,1,1,EN,,,,,,,,,0.0,1.0,-1,1,1,2692,0.5,0.5,0.5020200077676036,0.4778421942183275,0.4556730430091294,0.4723575453907863,0.4563986742939122,0.5411942671037602,0.5518072501278273,0.6490089327845072,0.6954405078795826
202506160641,95,Adversary,NonVerbal,0.5,0,2,1,1.0,1,-1,1,1,0,0,EN,,,,,,,,,0.0,1.0,-1,1,1,2693,0.5,0.5,0.4899748379574344,0.40812219822536094,0.3228896029225871,0.29519756447258866,0.29687917475526737,0.3012772929890977,0.3031904084380643,0.3047957320772554,0.30597755476247795
202506160641,96,Adversary,NonVerbal,0.5,1,2,1,1.0,1,-1,1,1,0,0,EN,,,,,,,,,0.0,1.0,-1,1,1,2694,0.5,0.5,0.49477765238500493,0.4834019665768877,0.4666967808888628,0.3949087004762304,0.25949033408848304,0.45674459110594384,0.4202016722023074,0.36926633679796733,0.34861240917798175
202506160641,97,Partner,NonVerbal,0.5,0,2,1,0.0,0,1,1,1,1,1,EN,,,,,,,,,1.0,0.0,-1,1,1,2695,0.5,0.5,0.5183691747260794,0.5976371368565433,0.6889670856755237,0.7170443422759006,0.7168255871635562,0.6997180500567558,0.7090411127309908,0.7103464809381342,0.7139321922052092
202506160641,98,Partner,NonVerbal,0.5,1,2,1,0.0,0,1,1,1,1,1,EN,,,,,,,,,1.0,0.0,-1,0,1,2696,0.5,0.5,0.5222377859960515,0.6013199813483683,0.6835804829020795,0.7085053516351913,0.6981587940817304,0.7081188008440735,0.6944381698313281,0.6922492367904589,0.5269047875279375
202506160641,100,Partner,NonVerbal,0.5,1,2,1,0.5,0,1,1,1,0,0,EN,,,,,,,,,1.0,0.0,-1,1,1,2697,0.5,0.5,0.45491169108974033,0.36273976347413095,0.45555593521540166,0.38049514525391764,0.4479832497501013,0.4123732494274569,0.4203186969088833,0.42353534722134484,0.42418504604837853
202506160641,102,Partner,NonVerbal,0.5,1,2,1,1.0,0,1,1,1,1,1,EN,,,,,,,,,1.0,0.0,-1,1,1,2698,0.5,0.5,0.5431646390501098,0.632913084049936,0.7003875582481275,0.7214376106596561,0.7272091919620551,0.7315168870904878,0.733400821387153,0.7343965527073915,0.749465436887173
202506160641,103,Partner,NonVerbal,0.5,0,2,1,0.0,1,1,1,1,1,1,EN,,,,,,,,,1.0,0.0,-1,0,1,2699,0.5,0.5,0.5182648086011051,0.5998815318200195,0.6721455596478818,0.6761914085816472,0.6554055234524989,0.62199251439452,0.5746996209342137,0.5400989782841044,0.5219023003323773
202506160641,104,Partner,NonVerbal,0.5,1,2,1,0.0,1,1,1,1,1,1,EN,,,,,,,,,1.0,0.0,-1,1,1,2700,0.5,0.5,0.5001568435348144,0.5857090943675106,0.677327276229293,0.7313594530037192,0.7577818488371774,0.7659590890656707,0.7608673807866322,0.7539828673764506,0.7379304515558555
202506160641,106,Partner,NonVerbal,0.5,1,2,1,0.5,1,1,1,1,1,1,EN,,,,,,,,,1.0,0.0,-1,0,1,2701,0.5,0.5,0.5443177873716818,0.6333142774849432,0.7063166599518079,0.7304024884727844,0.7347077101078499,0.7466676074455528,0.7456751844552102,0.7414045422520396,0.7391194414445591
202506160641,109,Adversary,NonVerbal,0.5,0,2,1,0.0,0,0,0,1,0,-1,EN,,,,,,,,,0.0,0.0,-1,1,1,2702,0.5,0.5,0.49934799724938794,0.4629883098613876,0.3633686352143918,0.3152227961338154,0.2948367237157236,0.3040173036802848,0.47296880667701835,0.6357452379627292,0.5716210532505354
202506160641,110,Adversary,NonVerbal,0.5,1,2,1,0.0,0,1,-1,1,0,1,EN,,,,,,,,,1.0,0.0,-1,1,1,2703,0.5,0.5,0.4997896476625187,0.5218561381008366,0.575991703062261,0.6119976330393717,0.4750249545650379,0.4780154139964326,0.3711401691487249,0.39845471394896975,0.5500281179843705
202506160641,111,Adversary,NonVerbal,0.5,0,2,1,0.5,0,-1,1,1,1,1,EN,,,,,,,,,0.0,1.0,-1,1,1,2704,0.5,0.5,0.5040507236688542,0.587231552555183,0.6771101255322308,0.6937863358411963,0.6770840058483718,0.6941254838978066,0.6979094128114733,0.6971155571007354,0.7209148415156372
202506160641,112,Adversary,NonVerbal,0.5,1,2,1,0.5,0,1,-1,1,0,1,EN,,,,,,,,,1.0,0.0,-1,1,1,2705,0.5,0.5,0.49840364197387615,0.519798002194243,0.6469697386151867,0.791498826367377,0.6836663575499902,0.8285927690155264,0.778102194873597,0.8009533378150222,0.7695896815261893
202506160641,113,Adversary,NonVerbal,0.5,0,2,1,1.0,0,-1,1,1,1,1,EN,,,,,,,,,0.0,1.0,-1,1,1,2706,0.5,0.5,0.5105626268082283,0.5214755527903605,0.607092303858809,0.6378730068338587,0.6628514486119957,0.6764421930315208,0.6540011167848732,0.6019975383716833,0.5308860060545669
202506160641,114,Adversary,NonVerbal,0.5,1,2,1,1.0,0,-1,1,1,0,0,EN,,,,,,,,,0.0,1.0,-1,1,1,2707,0.5,0.5,0.4951563971909063,0.4873847278545372,0.389203204430912,0.4647173722364904,0.43658244473448926,0.4199832612757718,0.39108319690490034,0.4514364468139386,0.4079375934326624
202506160641,115,Adversary,NonVerbal,0.5,0,2,1,0.0,1,-1,1,1,0,0,EN,,,,,,,,,0.0,1.0,-1,1,1,2708,0.5,0.5,0.4993089980820409,0.46634760508830564,0.35214999941495223,0.28453000965896164,0.24208380067487154,0.2461378638357626,0.22529556163545736,0.23929556914980232,0.21856377467705262
202506160641,116,Adversary,NonVerbal,0.5,1,2,1,0.0,1,-1,1,1,1,1,EN,,,,,,,,,0.0,1.0,-1,-1,1,2709,0.5,0.5,0.5000029311151492,0.4651753689939746,0.43831148706491957,0.39447777560897646,0.3997852311226329,0.4299683777076236,0.5242590221745262,0.5961065229982729,0.6745424459483773
202506160641,117,Adversary,NonVerbal,0.5,0,2,1,0.5,1,-1,1,1,1,1,EN,,,,,,,,,0.0,1.0,-1,1,1,2710,0.5,0.5,0.5040504239813683,0.5867727425761949,0.6887694536620347,0.7359570097470057,0.7272242156198727,0.5597296730553682,0.3765913903812068,0.5195209187874832,0.6479591835047357
202506160641,118,Adversary,NonVerbal,0.5,1,2,1,0.5,1,1,-1,1,0,1,EN,,,,,,,,,1.0,0.0,-1,1,1,2711,0.5,0.5,0.5000218149144816,0.6431215455445474,0.6426304472114565,0.6119838035975579,0.5147955100759142,0.46419695084627227,0.3770444026936285,0.307158562386709,0.2537480678439905
202506160641,120,Adversary,NonVerbal,0.5,1,2,1,1.0,1,-1,1,1,0,0,EN,,,,,,,,,0.0,1.0,-1,1,1,2712,0.5,0.5,0.49503747208909366,0.40843769008739245,0.33947893613492236,0.33212176298198537,0.32859779349057905,0.32438717526347943,0.341644770525807,0.3660291219294939,0.38929061899174316
202506160641,122,Partner,NonVerbal,0.5,1,2,1,0.0,0,-1,-1,1,1,0,EN,,,,,,,,,0.0,1.0,-1,1,1,2713,0.5,0.5,0.5227732160053917,0.5440851968264808,0.4182598004763682,0.29114649998065534,0.45633299604342575,0.31764345210445205,0.3263402360910715,0.3212242858475,0.31467136214287744
202506160641,123,Partner,NonVerbal,0.5,0,2,1,0.5,0,1,1,1,0,0,EN,,,,,,,,,1.0,0.0,-1,1,1,2714,0.5,0.5,0.4585266134575797,0.3662113703794508,0.30106873837873666,0.2865048830529289,0.2883999830499939,0.28973574683798575,0.27394795112591663,0.2567954414323737,0.28659405818118894
202506160641,125,Partner,NonVerbal,0.5,0,2,1,1.0,0,1,1,1,0,0,EN,,,,,,,,,1.0,0.0,-1,1,1,2715,0.5,0.5,0.4571726952963624,0.36614384925130955,0.28432436648861,0.2599886497218352,0.2644610951608785,0.2655539906439049,0.33327677774140374,0.3995654012996234,0.4237458413891668
202506160641,126,Partner,NonVerbal,0.5,1,2,1,1.0,0,1,1,1,0,0,EN,,,,,,,,,1.0,0.0,-1,1,1,2716,0.5,0.5,0.45798371888143197,0.3659466905303067,0.28893481605977844,0.24733650582834274,0.22010512038633023,0.2142268772502564,0.2065978683230665,0.20336194149939962,0.21271772175600853
202506160641,128,Partner,NonVerbal,0.5,1,2,1,0.0,1,1,1,1,1,1,EN,,,,,,,,,1.0,0.0,-1,0,1,2717,0.5,0.5,0.5219144660480246,0.577350224892514,0.6709463347385849,0.7110749544277069,0.7162149276659849,0.7115083691928583,0.7193483073915709,0.7202442386357001,0.7131537701507797
202506160641,130,Partner,NonVerbal,0.5,1,2,1,0.5,1,1,1,1,0,0,EN,,,,,,,,,1.0,0.0,-1,1,1,2718,0.5,0.5,0.45834015216598695,0.42123864852151516,0.37934665724692457,0.35237061948939363,0.34495196356184443,0.34662214139244635,0.34070830418689435,0.337362638254805,0.3325258242926175
202506160641,132,Partner,NonVerbal,0.5,1,2,1,1.0,1,1,1,1,1,1,EN,,,,,,,,,1.0,0.0,-1,1,1,2719,0.5,0.5,0.5425586709011545,0.5821015214224825,0.6530482663903253,0.6970126125639928,0.6863974994753497,0.6754557644878508,0.6816120336899316,0.6910861251936977,0.6978374086197582
202506160641,133,Adversary,NonVerbal,0.5,0,2,1,0.0,0,-1,1,1,0,0,EN,,,,,,,,,0.0,1.0,-1,1,1,2720,0.5,0.5,0.4993301648717711,0.4986987321137015,0.42296962931306137,0.38320809054339705,0.30057642498689585,0.2768353130663616,0.2794070628924831,0.25955798121019497,0.252322902019886
202506160641,134,Adversary,NonVerbal,0.5,1,2,1,0.0,0,1,-1,1,0,1,EN,,,,,,,,,1.0,0.0,-1,1,1,2721,0.5,0.5,0.4996788867420658,0.6369283148172582,0.8207781670769723,0.7961155801763122,0.8026533810515718,0.7214750745008788,0.6760120345593207,0.6549188411097837,0.4776440207823088
202506160641,135,Adversary,NonVerbal,0.5,0,2,1,0.5,0,-1,1,1,1,1,EN,,,,,,,,,0.0,1.0,-1,-1,1,2722,0.5,0.5,0.5039861112612203,0.5885833803908065,0.6922411726340427,0.6991039075124571,0.7231327355537718,0.7002686017945475,0.6416472375808439,0.5623581320922598,0.4772149455639274
202506160641,136,Adversary,NonVerbal,0.5,1,2,1,0.5,0,0,0,1,0,-1,EN,,,,,,,,,0.0,0.0,-1,1,1,2723,0.5,0.5,0.49822641921592337,0.5200234967405876,0.582549482617816,0.6226518002017294,0.5102022965196837,0.46326623864630595,0.3472587949023869,0.27925201652801274,0.23528760113787858
202506160641,137,Adversary,NonVerbal,0.5,0,2,1,1.0,0,-1,1,1,0,0,EN,,,,,,,,,0.0,1.0,-1,1,1,2724,0.5,0.5,0.4900418073372393,0.4189197358563967,0.3334530128387177,0.30535330575354824,0.276883484385332,0.4415767302757867,0.6173853194646434,0.5211002492887206,0.44384198295699595
202506160641,138,Adversary,NonVerbal,0.5,1,2,1,1.0,0,-1,1,1,0,0,EN,,,,,,,,,0.0,1.0,-1,1,1,2725,0.5,0.5,0.4949106826166289,0.4868652509616995,0.4700934841770331,0.4641357178214394,0.447868762874171,0.4719625981603347,0.5210663834107081,0.5286109657187552,0.3439968385115318
202506160641,139,Adversary,NonVerbal,0.5,0,2,1,0.0,1,1,-1,1,1,0,EN,,,,,,,,,1.0,0.0,-1,0,1,2726,0.5,0.5,0.5007455918061937,0.5015832671015508,0.5785648093995663,0.6613778712602693,0.5279924766712515,0.36619895506770656,0.5019625075822841,0.5018248187292813,0.4883458572340462
202506160641,142,Adversary,NonVerbal,0.5,1,2,1,0.5,1,1,-1,1,1,0,EN,,,,,,,,,1.0,0.0,-1,1,1,2727,0.5,0.5,0.5021363808756425,0.3709604298896429,0.29487522868271454,0.16588420447957475,0.3595451801673949,0.19058090210789336,0.2766584833291459,0.32782562239751395,0.45473213453132166
202506160641,143,Adversary,NonVerbal,0.5,0,2,1,1.0,1,-1,1,1,0,0,EN,,,,,,,,,0.0,1.0,-1,1,1,2728,0.5,0.5,0.4900461386613554,0.48114785574964175,0.4029949274993609,0.3491486739278844,0.3568129582644513,0.5061963221042313,0.5915009438240924,0.5526081793064463,0.4323624566449964
202506160641,144,Adversary,NonVerbal,0.5,1,2,1,1.0,1,-1,1,1,1,1,EN,,,,,,,,,0.0,1.0,-1,1,1,2729,0.5,0.5,0.5063540548155244,0.5164112904200122,0.5712991515668394,0.6070467773576227,0.6516996918806091,0.6597824988090437,0.6889302093818256,0.7219752528293377,0.7455203819823248
202506160641,145,Partner,NonVerbal,0.5,0,2,1,0.0,0,1,1,1,1,1,EN,,,,,,,,,1.0,0.0,-1,1,1,2730,0.5,0.5,0.5184074090140857,0.5376338189490908,0.5990297320666071,0.6345630590456035,0.6354165473854546,0.5709183437939368,0.6084383873328165,0.6537142170856646,0.6759936101350391
202506160641,146,Partner,NonVerbal,0.5,1,2,1,0.0,0,-1,-1,1,0,1,EN,,,,,,,,,0.0,1.0,-1,1,1,2731,0.5,0.5,0.47790238527737994,0.3969318213375522,0.4723430494190957,0.4944936668973743,0.5756792521653832,0.7173907711814992,0.7107064056518574,0.7006443153734693,0.5383055833481506
202506161316,2,Partner,NonVerbal,0.5,1,2,1,0.0,0,-1,-1,0,1,1,EN,,,,,,,,,0.0,1.0,-1,1,1,2732,0.5,0.5,0.5225260905059865,0.543089567566538,0.585348665750662,0.6090253550000687,0.6140689704893804,0.6127245927319347,0.6024275468090737,0.592236173370793,0.6111711974760597
202506161316,3,Partner,NonVerbal,0.5,0,2,1,0.5,0,-1,-1,0,0,0,EN,,,,,,,,,0.0,1.0,-1,1,1,2733,0.5,0.5,0.45825087971454737,0.3681241442319737,0.28897842924465084,0.25489465782965515,0.24418669279214908,0.23986972108524182,0.2378998851134936,0.2344777726891036,0.2308985835152113
202506161316,4,Partner,NonVerbal,0.5,1,2,1,0.5,0,-1,-1,0,1,1,EN,,,,,,,,,0.0,1.0,-1,0,1,2734,0.5,0.5,0.5432987444018456,0.6307512024443483,0.6924636624039351,0.7094732797882453,0.714469938118665,0.7038096529354835,0.7203762963739702,0.7085566379700838,0.7043955955233101
202506161316,6,Partner,NonVerbal,0.5,1,2,1,1.0,0,-1,-1,0,0,0,EN,,,,,,,,,0.0,1.0,-1,1,1,2735,0.5,0.5,0.45827828535672427,0.4211182596322265,0.35715402274567754,0.3158852932398873,0.3160505022915652,0.3119944522474695,0.294745531091833,0.2520929601291077,0.2397680489699866
202506161316,7,Partner,NonVerbal,0.5,0,2,1,0.0,1,-1,-1,0,1,1,EN,,,,,,,,,0.0,1.0,-1,0,1,2736,0.5,0.5,0.5180033119005194,0.5370238302296376,0.5556720949527998,0.5614824828706427,0.5654964717091653,0.5650530114695184,0.6019292745647106,0.6317217534421656,0.6078619467898703
202506161316,8,Partner,NonVerbal,0.5,1,2,1,0.0,1,-1,-1,0,1,1,EN,,,,,,,,,0.0,1.0,-1,0,1,2737,0.5,0.5,0.5004552278764922,0.586681277171226,0.6920109303694966,0.7279597496927355,0.7328370433306132,0.7260087632639398,0.7348230455923677,0.7256279135911169,0.7171170925908555
202506161316,9,Partner,NonVerbal,0.5,0,2,1,0.5,1,-1,-1,0,1,1,EN,,,,,,,,,0.0,1.0,-1,0,1,2738,0.5,0.5,0.543034524159827,0.5821214187169943,0.6314230386576062,0.6633889601090179,0.6712182230452187,0.6843263222452804,0.6967428321949336,0.7062016705021836,0.7122212430837814
202506161316,10,Partner,NonVerbal,0.5,1,2,1,0.5,1,-1,-1,0,0,0,EN,,,,,,,,,0.0,1.0,-1,1,1,2739,0.5,0.5,0.4581157661993378,0.4210521193349481,0.36056878163267636,0.32264380074285853,0.35388904388508896,0.38106588599652985,0.3843526270416195,0.39184466849816413,0.3968558570099992
202506161316,11,Partner,NonVerbal,0.5,0,2,1,1.0,1,-1,-1,0,0,0,EN,,,,,,,,,0.0,1.0,-1,1,1,2740,0.5,0.5,0.45730804341658376,0.3672046595909017,0.2906826595604202,0.2688662264142876,0.24553430948877508,0.2304239702404416,0.23340342422964516,0.21827872591585318,0.20722446977599737
202506161316,13,Adversary,NonVerbal,0.5,0,2,1,0.0,0,1,-1,0,0,0,EN,,,,,,,,,1.0,0.0,-1,1,1,2741,0.5,0.5,0.4993385268111823,0.4987026068775681,0.42527667216359516,0.35315401181772316,0.3469063994279663,0.38026676848934654,0.44214435817434233,0.5181977482318187,0.5335592931120121
202506161316,14,Adversary,NonVerbal,0.5,1,2,1,0.0,0,-1,1,0,1,0,EN,,,,,,,,,0.0,1.0,-1,0,1,2742,0.5,0.5,0.5003994040410616,0.36867789717155763,0.3116230931023325,0.2863692073818419,0.3097833121736548,0.23140388485506877,0.3575360112811403,0.3864839891092519,0.4126044195369033
202506161316,15,Adversary,NonVerbal,0.5,0,2,1,0.5,0,1,-1,0,1,1,EN,,,,,,,,,1.0,0.0,-1,0,1,2743,0.5,0.5,0.5039719158799559,0.5886549745138493,0.6789843876543857,0.7134882104034934,0.5487604194178302,0.37139460354206766,0.5175381959976899,0.5456063152269324,0.569599563962479
202506161316,18,Adversary,NonVerbal,0.5,1,2,1,1.0,0,1,-1,0,1,1,EN,,,,,,,,,1.0,0.0,-1,0,1,2744,0.5,0.5,0.5058282150301172,0.5637466806795756,0.6404455206033024,0.664447355448431,0.6655652943594986,0.6833975617910993,0.6845005757527391,0.6753740036324168,0.6639179077328351
202506161316,19,Adversary,NonVerbal,0.5,0,2,1,0.0,1,1,-1,0,1,1,EN,,,,,,,,,1.0,0.0,-1,0,1,2745,0.5,0.5,0.5007683148417564,0.5391392207307492,0.6544605612084633,0.6598742082323589,0.693938528729342,0.5303824890531458,0.36422761222718913,0.5036673071422827,0.5713522925632447
202506161316,20,Adversary,NonVerbal,0.5,1,2,1,0.0,1,-1,1,0,0,1,EN,,,,,,,,,0.0,1.0,-1,1,1,2746,0.5,0.5,0.49992341823313574,0.643100513205101,0.7135440013623104,0.7736073257232408,0.7194203567413593,0.6776054841156891,0.6491213861970456,0.6068954348528369,0.5572421010471615
202506161316,21,Adversary,NonVerbal,0.5,0,2,1,0.5,1,1,-1,0,0,0,EN,,,,,,,,,1.0,0.0,-1,1,1,2747,0.5,0.5,0.49632939315063784,0.41211778374359304,0.3334131052704761,0.32005634699429436,0.3451201750882476,0.4019821345267408,0.4792439764581904,0.5614663596652595,0.5601983166113155
202506161316,23,Adversary,NonVerbal,0.5,0,2,1,1.0,1,1,-1,0,0,0,EN,,,,,,,,,1.0,0.0,-1,1,1,2748,0.5,0.5,0.4900609842212735,0.48122423370946726,0.40076161002654825,0.33609471844852107,0.33259418644374117,0.3736549391683415,0.4474713033181091,0.539303950525564,0.5509366549206489
202506161436,2,Partner,NonVerbal,0.5,1,2,1,0.0,0,-1,-1,0,1,1,EN,,,,,,,,,0.0,1.0,-1,1,1,2749,0.5,0.5,0.5226659328613189,0.6052494270841505,0.6942516737699305,0.7221933522996536,0.7267705912594246,0.7238019370995133,0.7296220380438057,0.7615785565730476,0.803329223589145
202506161436,3,Partner,NonVerbal,0.5,0,2,1,0.5,0,-1,-1,0,1,1,EN,,,,,,,,,0.0,1.0,-1,0,1,2750,0.5,0.5,0.5431060152334086,0.6229084385348211,0.7005005722661255,0.7294361452437544,0.7330341973216598,0.7387006899570087,0.7449243127032069,0.7509770149598134,0.7546137022648562
202506161436,4,Partner,NonVerbal,0.5,1,2,1,0.5,0,-1,-1,0,0,0,EN,,,,,,,,,0.0,1.0,-1,1,1,2751,0.5,0.5,0.48944680868877266,0.4672990774457243,0.3804843616207543,0.2927744238111823,0.2652281604009997,0.2731449665173537,0.28062818637636777,0.2796888360760976,0.26732539475441053
202506161436,6,Partner,NonVerbal,0.5,1,2,1,1.0,0,-1,-1,0,1,1,EN,,,,,,,,,0.0,1.0,-1,0,1,2752,0.5,0.5,0.5438863340188241,0.6338518355320086,0.7109032007668026,0.7368673736932982,0.7344723680817774,0.7554355857793221,0.791953240944351,0.8184850111985829,0.8345662330908463
202506161436,7,Partner,NonVerbal,0.5,0,2,1,0.0,1,-1,-1,0,1,1,EN,,,,,,,,,0.0,1.0,-1,0,1,2753,0.5,0.5,0.5184111359347539,0.5992916177362416,0.6915842714485452,0.7210289346988817,0.7211968802408778,0.7063103393120461,0.6918378966810314,0.6893069631451868,0.6851687922073009
202506161436,8,Partner,NonVerbal,0.5,1,2,1,0.0,1,-1,-1,0,0,0,EN,,,,,,,,,0.0,1.0,-1,1,1,2754,0.5,0.5,0.4789068715636662,0.4599460659107305,0.3838143595999661,0.3330155178368286,0.3231582697896303,0.3169436037771228,0.3114919973101387,0.3041810159643536,0.2938793030649131
202506161436,9,Partner,NonVerbal,0.5,0,2,1,0.5,1,-1,-1,0,1,1,EN,,,,,,,,,0.0,1.0,-1,0,1,2755,0.5,0.5,0.5430788390829792,0.618921893556985,0.6824285203325372,0.7040484196861383,0.7039455453749113,0.6245765851191379,0.679749533930463,0.6929451817737687,0.6970638477546458
202506161436,10,Partner,NonVerbal,0.5,1,2,1,0.5,1,-1,-1,0,1,1,EN,,,,,,,,,0.0,1.0,-1,0,1,2756,0.5,0.5,0.5430565741586335,0.6324926586048286,0.7126321373869937,0.7403543336564475,0.7407374470225409,0.7437278427927202,0.7342516761750056,0.7252277688950335,0.7040517801784227
202506161436,11,Partner,NonVerbal,0.5,0,2,1,1.0,1,-1,-1,0,1,1,EN,,,,,,,,,0.0,1.0,-1,1,1,2757,0.5,0.5,0.5438748298829654,0.5837724875099265,0.6097202329962647,0.6219296850013525,0.6047290126852498,0.5451444427452796,0.5703978795818597,0.5807536563057968,0.597325889404208
202506161436,13,Adversary,NonVerbal,0.5,0,2,1,0.0,0,1,-1,0,1,1,EN,,,,,,,,,1.0,0.0,-1,0,1,2758,0.5,0.5,0.500760793780997,0.5015955448736128,0.5823045015330937,0.6199366346026333,0.6459596676717998,0.6598484865713657,0.6900676139730728,0.6680194446097505,0.6073261903508523
202506161436,14,Adversary,NonVerbal,0.5,1,2,1,0.0,0,1,-1,0,1,1,EN,,,,,,,,,1.0,0.0,-1,0,1,2759,0.5,0.5,0.5004174561274299,0.41673888938156184,0.3445998800927629,0.34813291918999295,0.4966331053726553,0.58610928436113,0.653936478693132,0.5665107247819293,0.6253532641253516
202506161436,15,Adversary,NonVerbal,0.5,0,2,1,0.5,0,1,-1,0,0,0,EN,,,,,,,,,1.0,0.0,-1,1,1,2760,0.5,0.5,0.4964809185843815,0.4124541204747554,0.31096128038964055,0.28942683390610163,0.29631508526901446,0.31112978670666963,0.3044471269232399,0.2947452701793733,0.3083129276576391
202506161436,16,Adversary,NonVerbal,0.5,1,2,1,0.5,0,-1,1,0,0,1,EN,,,,,,,,,0.0,1.0,-1,1,1,2761,0.5,0.5,0.4981126828963241,0.5200450445798314,0.5770802122932759,0.6127722138580489,0.5970645628195387,0.5923714361991431,0.5841650667903542,0.44021633609325966,0.5468297430745311
202506161436,17,Adversary,NonVerbal,0.5,0,2,1,1.0,0,1,-1,0,0,0,EN,,,,,,,,,1.0,0.0,-1,1,1,2762,0.5,0.5,0.48987099380453014,0.4085289766415138,0.31312272084535775,0.2656738712755551,0.2513398556467665,0.2532000124620549,0.25419772006184765,0.25521893082206665,0.2785205498412982
202506161436,18,Adversary,NonVerbal,0.5,1,2,1,1.0,0,1,-1,0,1,1,EN,,,,,,,,,1.0,0.0,-1,0,1,2763,0.5,0.5,0.5061956103315712,0.5161031006207936,0.5307237846475235,0.48713218348922516,0.5642503054118256,0.5629971357449467,0.5624770118235625,0.5499262341743321,0.6287247692153937
202506161436,19,Adversary,NonVerbal,0.5,0,2,1,0.0,1,1,-1,0,1,1,EN,,,,,,,,,1.0,0.0,-1,0,1,2764,0.5,0.5,0.5007564550754221,0.5388764383422644,0.6584882840414497,0.7075566619881881,0.7150427359556158,0.6982364564655469,0.6421638110596419,0.5648059910753013,0.48267014363943045
202506161436,20,Adversary,NonVerbal,0.5,1,2,1,0.0,1,1,-1,0,0,0,EN,,,,,,,,,1.0,0.0,-1,1,1,2765,0.5,0.5,0.4996785755066432,0.5212429993047145,0.5850556001962983,0.6265720381946246,0.4732908570141596,0.4215964430127524,0.3179010815728179,0.2804230885324089,0.27153507081423733
202506161436,21,Adversary,NonVerbal,0.5,0,2,1,0.5,1,1,-1,0,0,0,EN,,,,,,,,,1.0,0.0,-1,1,1,2766,0.5,0.5,0.4965436486795962,0.4931970615567844,0.4583798344928166,0.4366154647425849,0.45141178252813713,0.3829521935560403,0.41627794396036466,0.4536945971139575,0.46128541080101304
202506161436,22,Adversary,NonVerbal,0.5,1,2,1,0.5,1,1,-1,0,1,1,EN,,,,,,,,,1.0,0.0,-1,0,1,2767,0.5,0.5,0.5017935000383531,0.4781819123948642,0.4142192613155131,0.38050679398733245,0.3340013284215,0.5759038719411059,0.6037616105826197,0.6458950227210992,0.6487770044171672
202506161436,25,Partner,NonVerbal,0.5,0,2,1,0.0,0,1,1,1,1,1,EN,,,,,,,,,1.0,0.0,-1,1,1,2768,0.5,0.5,0.5181444492066978,0.5372658403613503,0.6010679644468424,0.6374860104554422,0.6207008526325407,0.613220528502188,0.6232213133872971,0.6255627276882632,0.6250259420586276
202506161436,26,Partner,NonVerbal,0.5,1,2,1,0.0,0,1,1,1,1,1,EN,,,,,,,,,1.0,0.0,-1,0,1,2769,0.5,0.5,0.5219984640388708,0.6018188650203822,0.6687483072595676,0.6806586411028672,0.6825784692507618,0.6883404611125651,0.6785687170941572,0.6545304152989996,0.6610866057885469
202506161436,27,Partner,NonVerbal,0.5,0,2,1,0.5,0,1,1,1,1,1,EN,,,,,,,,,1.0,0.0,-1,0,1,2770,0.5,0.5,0.5429335333881,0.6312948906749202,0.7085130792921466,0.7337347542080309,0.7335685515431123,0.5702620106886759,0.6937961776421492,0.7086645696290675,0.7177440850228115
202506161436,28,Partner,NonVerbal,0.5,1,2,1,0.5,0,1,1,1,0,0,EN,,,,,,,,,1.0,0.0,-1,1,1,2771,0.5,0.5,0.4582970621211256,0.42120444557292547,0.3497283462221358,0.3071029278115486,0.3093503924638269,0.310009061888771,0.31196740842347764,0.3172486637008256,0.32059898498809847
202506161436,29,Partner,NonVerbal,0.5,0,2,1,1.0,0,1,1,1,0,0,EN,,,,,,,,,1.0,0.0,-1,1,1,2772,0.5,0.5,0.4575752689559171,0.41985272658713496,0.3559832154430792,0.32328308136855477,0.3315731694099509,0.3338166387589301,0.33070575117032136,0.30584390415837875,0.28793110623424745
202506161436,30,Partner,NonVerbal,0.5,1,2,1,1.0,0,1,1,1,1,1,EN,,,,,,,,,1.0,0.0,-1,1,1,2773,0.5,0.5,0.5140419160473031,0.5345055120138889,0.6129001618805807,0.6635664860960735,0.6666822905172892,0.6729473748991944,0.686827289043616,0.7039785271471244,0.7133714238697985
202506161436,31,Partner,NonVerbal,0.5,0,2,1,0.0,1,1,1,1,1,1,EN,,,,,,,,,1.0,0.0,-1,0,1,2774,0.5,0.5,0.5183368164585693,0.6002463836870598,0.6985992776508987,0.7308468315189315,0.7312064701708053,0.6587814232686521,0.6785465375350173,0.7130918092208975,0.7230844401775
202506161436,32,Partner,NonVerbal,0.5,1,2,1,0.0,1,1,1,1,1,1,EN,,,,,,,,,1.0,0.0,-1,0,1,2775,0.5,0.5,0.5217289394088307,0.6021464683624703,0.6859540374265346,0.7116491045921939,0.7143439270308583,0.7051382518758474,0.706994932898485,0.7096400897338324,0.7239299684812301
202506161436,34,Partner,NonVerbal,0.5,1,2,1,0.5,1,1,1,1,0,0,EN,,,,,,,,,1.0,0.0,-1,1,1,2776,0.5,0.5,0.48174812958965013,0.46326690245016444,0.4015781147117893,0.36160529778052203,0.3644844997169662,0.38214103855062154,0.4037896284465596,0.40748991129875856,0.42227091977620035
202506161436,36,Partner,NonVerbal,0.5,1,2,1,1.0,1,1,1,1,0,0,EN,,,,,,,,,1.0,0.0,-1,1,1,2777,0.5,0.5,0.45829451173866204,0.3671353728805418,0.2982870521493616,0.28603018440491906,0.3567186160274676,0.3692265513127284,0.3249652969857488,0.3133950884250946,0.301458154467261
202506161436,37,Adversary,NonVerbal,0.5,0,2,1,0.0,0,-1,1,1,0,0,EN,,,,,,,,,0.0,1.0,-1,1,1,2778,0.5,0.5,0.49932580704416146,0.4603276762080908,0.3358708021876694,0.3205600510740545,0.29303106700402215,0.3090180609858097,0.32484097550440594,0.2804690117192905,0.2727497427700764
202506161436,38,Adversary,NonVerbal,0.5,1,2,1,0.0,0,1,-1,1,1,0,EN,,,,,,,,,1.0,0.0,-1,0,1,2779,0.5,0.5,0.5002952725855957,0.4604961690354642,0.43817583895963624,0.20994061584616802,0.09799923842466617,0.1931172841521509,0.328536373476158,0.3493727941147718,0.2078759427839555
202506161436,39,Adversary,NonVerbal,0.5,0,2,1,0.5,0,-1,1,1,0,0,EN,,,,,,,,,0.0,1.0,-1,1,1,2780,0.5,0.5,0.49643681820286156,0.41236769990075384,0.34014326608144957,0.3353888417129985,0.3643070027341207,0.3454048960055509,0.27755424055675815,0.24505622328806942,0.24652644357602635
202506161436,40,Adversary,NonVerbal,0.5,1,2,1,0.5,0,1,-1,1,1,0,EN,,,,,,,,,1.0,0.0,-1,1,1,2781,0.5,0.5,0.5019086050136766,0.36742821447477825,0.2845747997006879,0.29658892806421777,0.1447109304557971,0.15167797255440604,0.28706129259309854,0.34947829345087483,0.45255035249191733
202506161436,41,Adversary,NonVerbal,0.5,0,2,1,1.0,0,-1,1,1,0,0,EN,,,,,,,,,0.0,1.0,-1,1,1,2782,0.5,0.5,0.4899775505003951,0.4811528139184564,0.3900710917849065,0.32805542445870967,0.4716998702786132,0.5672481927795897,0.5656124116117127,0.5199321470062118,0.4833423713220637
202506161436,42,Adversary,NonVerbal,0.5,1,2,1,1.0,0,-1,1,1,0,0,EN,,,,,,,,,0.0,1.0,-1,1,1,2783,0.5,0.5,0.49419894224904554,0.4859897339392444,0.39811439813775984,0.31957581514812994,0.2900599870099802,0.25605574078946847,0.21701717819346775,0.19221337223821036,0.23859905467093154
202506161436,43,Adversary,NonVerbal,0.5,0,2,1,0.0,1,-1,1,1,1,1,EN,,,,,,,,,0.0,1.0,-1,0,1,2784,0.5,0.5,0.5007496177945566,0.5015722772531154,0.5776976800836233,0.659216482026994,0.5260129451600879,0.36191867554075957,0.5043798397451007,0.5736035597842614,0.6142329183787525
202506161436,44,Adversary,NonVerbal,0.5,1,2,1,0.0,1,1,-1,1,0,1,EN,,,,,,,,,1.0,0.0,-1,1,1,2785,0.5,0.5,0.49966624151076533,0.63434812088199,0.8327665875174945,0.9177890704197794,0.7133532109567453,0.6071760013610629,0.573701848852055,0.559046407351167,0.5787917146618572
202506161436,45,Adversary,NonVerbal,0.5,0,2,1,0.5,1,-1,1,1,1,1,EN,,,,,,,,,0.0,1.0,-1,0,1,2786,0.5,0.5,0.5040066139237231,0.508317927411437,0.5736073331634202,0.6254035685677573,0.4949647261197476,0.4083864433821799,0.5542436856566598,0.6155816353101673,0.6714630698413403
202506161436,46,Adversary,NonVerbal,0.5,1,2,1,0.5,1,1,-1,1,0,1,EN,,,,,,,,,1.0,0.0,-1,1,1,2787,0.5,0.5,0.49876598988681914,0.6427276647121605,0.7740201298264371,0.795334619624182,0.6498023039523981,0.6172817902202596,0.5601209666111461,0.49828047517655183,0.4444196043237705
202506161436,47,Adversary,NonVerbal,0.5,0,2,1,1.0,1,-1,1,1,0,0,EN,,,,,,,,,0.0,1.0,-1,1,1,2788,0.5,0.5,0.48992133502692403,0.4810013681944149,0.3938346730596149,0.33738946298053335,0.34328686661786256,0.2720284919757692,0.24070033873308508,0.4274790314562201,0.6152923084638975
202506161436,49,Partner,NonVerbal,0.5,0,2,1,0.0,0,1,1,1,0,0,EN,,,,,,,,,1.0,0.0,-1,1,1,2789,0.5,0.5,0.482539249033173,0.4653513289409218,0.44529807433227886,0.44077692087430975,0.392880701801867,0.35531148193385054,0.36462931213425936,0.3792190739332843,0.38486996512650146
202506161436,50,Partner,NonVerbal,0.5,1,2,1,0.0,0,1,1,1,1,1,EN,,,,,,,,,1.0,0.0,-1,0,1,2790,0.5,0.5,0.5227111894683577,0.6012342846348664,0.6892914760352639,0.718609240781968,0.7235078335661641,0.7054892371296445,0.7074664008046723,0.7107017424206294,0.6840773937794244
202506161436,52,Partner,NonVerbal,0.5,1,2,1,0.5,0,1,1,1,1,1,EN,,,,,,,,,1.0,0.0,-1,0,1,2791,0.5,0.5,0.5004767963243939,0.5865073570567549,0.6608733755325213,0.6855204021748036,0.6960959355466838,0.6961729626462295,0.696089329898249,0.6190272585549624,0.5586724088315573
202506161436,54,Partner,NonVerbal,0.5,1,2,1,1.0,0,1,1,1,1,1,EN,,,,,,,,,1.0,0.0,-1,0,1,2792,0.5,0.5,0.5377361607327212,0.5926408006800837,0.6753656665830169,0.7268273519729525,0.7376915700634239,0.7337304274021185,0.7501360978756817,0.7759826508096404,0.7851945041812819
202506161436,55,Partner,NonVerbal,0.5,0,2,1,0.0,1,1,1,1,0,0,EN,,,,,,,,,1.0,0.0,-1,1,1,2793,0.5,0.5,0.4825041350507658,0.400965534243842,0.33968518626676064,0.34252455980083946,0.35019567622525993,0.3503698830455542,0.37832794759534255,0.42855808673007495,0.4494227582266783
202506161436,56,Partner,NonVerbal,0.5,1,2,1,0.0,1,1,1,1,1,1,EN,,,,,,,,,1.0,0.0,-1,0,1,2794,0.5,0.5,0.5225005958448251,0.6014859696596323,0.6929254498364545,0.723263032006276,0.7275398780440111,0.7143470172664979,0.7246089779199194,0.7308998050610108,0.7238460669351537
202506161436,57,Partner,NonVerbal,0.5,0,2,1,0.5,1,1,1,1,1,1,EN,,,,,,,,,1.0,0.0,-1,0,1,2795,0.5,0.5,0.542990524190575,0.6341187277539985,0.7112663347964184,0.7335406140401433,0.7081294934378504,0.6278937792068878,0.6642641782533558,0.6745476643699276,0.6689105196343621
202506161436,58,Partner,NonVerbal,0.5,1,2,1,0.5,1,1,1,1,0,0,EN,,,,,,,,,1.0,0.0,-1,1,1,2796,0.5,0.5,0.4586256485046738,0.4217878000159734,0.3836717105058333,0.36636891134233646,0.4244093495730116,0.45928930099567156,0.46834436776151434,0.4722301204458424,0.4725992814301878
202506161436,59,Partner,NonVerbal,0.5,0,2,1,1.0,1,1,1,1,0,0,EN,,,,,,,,,1.0,0.0,-1,1,1,2797,0.5,0.5,0.45731906232839364,0.419361652244,0.3785973817512723,0.3457135327543218,0.3088332876784373,0.2839662481349265,0.28109444969877045,0.27772544537023763,0.27665283899427506
202506161436,62,Adversary,NonVerbal,0.5,1,2,1,0.0,0,0,0,1,0,-1,EN,,,,,,,,,0.0,0.0,-1,1,1,2798,0.5,0.5,0.49967499290713574,0.5211383467458814,0.5350051410157964,0.728216916398909,0.7479567814733519,0.6620280836301023,0.615671836462487,0.5885996905227252,0.5317597192929524
202506161436,63,Adversary,NonVerbal,0.5,0,2,1,0.5,0,-1,1,1,0,0,EN,,,,,,,,,0.0,1.0,-1,1,1,2799,0.5,0.5,0.4964887366990408,0.49314807017430584,0.42587542134907236,0.365765567226933,0.3637278060380437,0.37370341383532,0.37394502608368047,0.3761158924592411,0.4197317835380925
202506161436,64,Adversary,NonVerbal,0.5,1,2,1,0.5,0,1,-1,1,0,1,EN,,,,,,,,,1.0,0.0,-1,1,1,2800,0.5,0.5,0.4989868642149401,0.6422349381597464,0.8290902000037185,0.8002997422510569,0.7851995177949712,0.6095949809861734,0.7713367023254133,0.6546548750200182,0.7895127540608761
202506161436,67,Adversary,NonVerbal,0.5,0,2,1,0.0,1,-1,1,1,0,0,EN,,,,,,,,,0.0,1.0,-1,1,1,2801,0.5,0.5,0.49931536660784914,0.46066877647583504,0.3594536616179915,0.35652650037713407,0.30119963164035923,0.2797021372813884,0.4448734589700667,0.6243713469654538,0.5753182597871213
202506161436,68,Adversary,NonVerbal,0.5,1,2,1,0.0,1,0,0,1,1,-1,EN,,,,,,,,,0.0,0.0,-1,0,1,2802,0.5,0.5,0.5003900401574597,0.4166717327330026,0.3688264109940238,0.34469668386408703,0.31405272649761545,0.44841983743212654,0.4468113981540823,0.4152627111496656,0.5539389868970405
202506161436,69,Adversary,NonVerbal,0.5,0,2,1,0.5,1,-1,1,1,1,1,EN,,,,,,,,,0.0,1.0,-1,0,1,2803,0.5,0.5,0.5039311669294078,0.5891565173422786,0.6769965840415808,0.7034539670857141,0.5385824754844187,0.36716189345798095,0.41753860036196494,0.5985754610691538,0.5441334043933937
202506161436,70,Adversary,NonVerbal,0.5,1,2,1,0.5,1,1,-1,1,0,1,EN,,,,,,,,,1.0,0.0,-1,1,1,2804,0.5,0.5,0.49898939003129283,0.6417559635766868,0.7175588815900977,0.7799100818599551,0.75288479337263,0.6929376473208636,0.6554033428533412,0.6340718593843804,0.5702887628735545
202506161436,71,Adversary,NonVerbal,0.5,0,2,1,1.0,1,-1,1,1,0,0,EN,,,,,,,,,0.0,1.0,-1,1,1,2805,0.5,0.5,0.49000258155119086,0.4811497271317671,0.39506821527548464,0.3621166486064422,0.3006379842808392,0.28805468116476424,0.27394431298821054,0.25106810226590665,0.2528636592112834
202506161436,72,Adversary,NonVerbal,0.5,1,2,1,1.0,1,-1,1,1,1,1,EN,,,,,,,,,0.0,1.0,-1,0,1,2806,0.5,0.5,0.5053202798187344,0.5153740896909434,0.531995496510744,0.5935683923920343,0.5881700204459395,0.5864441862186776,0.6210734730619492,0.6499941889767528,0.6865943449698039
202506161436,74,Partner,NonVerbal,0.5,1,2,1,0.0,0,-1,-1,1,0,1,EN,,,,,,,,,0.0,1.0,-1,1,1,2807,0.5,0.5,0.4789553836314936,0.39513264634156514,0.449894219671841,0.5256695382478379,0.7379112491493425,0.787998810773363,0.6732046404979957,0.5882818064587031,0.5001203695325178
202506161436,75,Partner,NonVerbal,0.5,0,2,1,0.5,0,1,1,1,1,1,EN,,,,,,,,,1.0,0.0,-1,0,1,2808,0.5,0.5,0.5432556731282708,0.5821167544363425,0.6452882085970119,0.6847033562766033,0.690559382905473,0.6984115074501559,0.7045649039738691,0.7143278242266785,0.7280314774362286
202506161436,76,Partner,NonVerbal,0.5,1,2,1,0.5,0,1,1,1,1,1,EN,,,,,,,,,1.0,0.0,-1,0,1,2809,0.5,0.5,0.5427875068228755,0.6134475759118033,0.6921458566600516,0.7264735346616897,0.7273582795357467,0.7178327665034526,0.7038302024288384,0.6956956147845745,0.6612140392233893
202506161436,78,Partner,NonVerbal,0.5,1,2,1,1.0,0,1,1,1,0,0,EN,,,,,,,,,1.0,0.0,-1,1,1,2810,0.5,0.5,0.4577196433773696,0.42011786257273415,0.3716981543294362,0.34283714632572065,0.34845279599318113,0.3153504414110524,0.2622482287546583,0.24328850559490406,0.2442643349294012
202506161436,81,Partner,NonVerbal,0.5,0,2,1,0.5,1,1,1,1,0,0,EN,,,,,,,,,1.0,0.0,-1,1,1,2811,0.5,0.5,0.4582792428386151,0.3765489675756564,0.31773936549343607,0.303494132982483,0.30239954196717844,0.2891976059977889,0.2782196914318593,0.27670106736607286,0.2755768637524894
202506161436,82,Partner,NonVerbal,0.5,1,2,1,0.5,1,1,1,1,1,1,EN,,,,,,,,,1.0,0.0,-1,0,1,2812,0.5,0.5,0.5436615095684428,0.6332043573455464,0.7139873542008714,0.7624554783150578,0.7801184354963674,0.784616253543574,0.7894465398882441,0.7416551729260749,0.7571512700585703
202506161436,83,Partner,NonVerbal,0.5,0,2,1,1.0,1,1,1,1,1,1,EN,,,,,,,,,1.0,0.0,-1,1,1,2813,0.5,0.5,0.5443106473283351,0.6222480571509085,0.7024537864602284,0.7338643486746107,0.7333721263173834,0.699602663040595,0.677481933370274,0.6888069268490219,0.6703825212828959
202506161436,85,Adversary,NonVerbal,0.5,0,2,1,0.0,0,-1,1,1,0,0,EN,,,,,,,,,0.0,1.0,-1,1,1,2814,0.5,0.5,0.4993232826550159,0.4606704851403564,0.3650294371876934,0.3090270742103735,0.27838948766410515,0.2893289867808827,0.3466825294339998,0.43494043061283844,0.5344478646538761
202506161436,86,Adversary,NonVerbal,0.5,1,2,1,0.0,0,1,-1,1,1,0,EN,,,,,,,,,1.0,0.0,-1,0,1,2815,0.5,0.5,0.5000077805747296,0.39961083101130784,0.33676203173398805,0.1878318100259469,0.3355317586226081,0.3998080847530022,0.24939854327881855,0.38084649718315644,0.3998416724665152
202506161436,87,Adversary,NonVerbal,0.5,0,2,1,0.5,0,-1,1,1,0,0,EN,,,,,,,,,0.0,1.0,-1,1,1,2816,0.5,0.5,0.49645856231766833,0.41364632749441044,0.31606087609268985,0.3079806947671348,0.2585381108309123,0.24063505879184288,0.25690946276284904,0.31289774359680034,0.39550264456689294
202506161436,88,Adversary,NonVerbal,0.5,1,2,1,0.5,0,1,-1,1,1,0,EN,,,,,,,,,1.0,0.0,-1,0,1,2817,0.5,0.5,0.5000160710032158,0.476714475268464,0.45354150637448815,0.36751662836859605,0.33350373170557934,0.3721650600208741,0.45733096606682394,0.47797199920138284,0.45260773980317337
202506161436,89,Adversary,NonVerbal,0.5,0,2,1,1.0,0,-1,1,1,1,1,EN,,,,,,,,,0.0,1.0,-1,0,1,2818,0.5,0.5,0.5111679153330297,0.5938824331987542,0.6805786824272549,0.7217342311943967,0.7254777754077611,0.6997155812539925,0.642457523288413,0.5640180199814392,0.47967357418245626
202506161436,90,Adversary,NonVerbal,0.5,1,2,1,1.0,0,-1,1,1,0,0,EN,,,,,,,,,0.0,1.0,-1,1,1,2819,0.5,0.5,0.49495862170418287,0.4742128131919968,0.3756829276349062,0.35135172213754146,0.3305594596002869,0.3151632327831988,0.31695665794684497,0.3057917573613774,0.36287802116959417
202506161436,92,Adversary,NonVerbal,0.5,1,2,1,0.0,1,0,0,1,1,-1,EN,,,,,,,,,0.0,0.0,-1,0,1,2820,0.5,0.5,0.5003873664887615,0.47649353295312585,0.4583344712479643,0.39087690527607094,0.5066211059656102,0.5611931336822424,0.6458142469912228,0.5878578046408537,0.5481012003737485
202506161436,93,Adversary,NonVerbal,0.5,0,2,1,0.5,1,-1,1,1,0,0,EN,,,,,,,,,0.0,1.0,-1,1,1,2821,0.5,0.5,0.4965997220229447,0.4138626232893917,0.32388335703796994,0.32356307771292375,0.25877250551562164,0.23751419048330727,0.25855541615681626,0.2888379566303224,0.31269356462482567
202506161436,95,Adversary,NonVerbal,0.5,0,2,1,1.0,1,-1,1,1,0,0,EN,,,,,,,,,0.0,1.0,-1,1,1,2822,0.5,0.5,0.4899319958999387,0.4091958929883101,0.3158771865278166,0.2726101516139257,0.27015328108899617,0.30977092986029425,0.41234723637924026,0.4694162294845865,0.46808666651372566
202506161436,96,Adversary,NonVerbal,0.5,1,2,1,1.0,1,-1,1,1,0,0,EN,,,,,,,,,0.0,1.0,-1,1,1,2823,0.5,0.5,0.49512840874914693,0.4196672365665969,0.3349617897954873,0.32940503119759296,0.3457142561763423,0.36164343785610753,0.36266425510700856,0.393175146301997,0.40999075618542413
202506161436,97,Partner,NonVerbal,0.5,0,2,1,0.0,0,1,1,1,1,1,EN,,,,,,,,,1.0,0.0,-1,0,1,2824,0.5,0.5,0.5182819831538162,0.5993605399080327,0.697432370035589,0.7293579729344568,0.7295984840741522,0.7149942543403123,0.722355720578259,0.7261726924023548,0.7307127688998077
202506161436,98,Partner,NonVerbal,0.5,1,2,1,0.0,0,-1,-1,1,0,1,EN,,,,,,,,,0.0,1.0,-1,1,1,2825,0.5,0.5,0.47893055973346205,0.4260869139254483,0.3539290357123018,0.45393160037146585,0.3877880628869452,0.5162663313306026,0.7584228667969429,0.8994602365831771,0.9582025948083466
202506161436,99,Partner,NonVerbal,0.5,0,2,1,0.5,0,1,1,1,0,0,EN,,,,,,,,,1.0,0.0,-1,1,1,2826,0.5,0.5,0.4578354758627741,0.42064282762643473,0.406053927339745,0.39414260222454645,0.37947422720925506,0.36777964215359804,0.3563683561621988,0.3482763746494171,0.3338888353279629
202506161436,100,Partner,NonVerbal,0.5,1,2,1,0.5,0,1,1,1,1,1,EN,,,,,,,,,1.0,0.0,-1,0,1,2827,0.5,0.5,0.5004057531092113,0.586543437860527,0.6902872609436426,0.7430770133780821,0.7603039851204391,0.7656339373246638,0.7707447688077506,0.7731537054120162,0.7741927352193769
202506161436,101,Partner,NonVerbal,0.5,0,2,1,1.0,0,1,1,1,1,1,EN,,,,,,,,,1.0,0.0,-1,0,1,2828,0.5,0.5,0.5435767980912474,0.5831999682113501,0.6088417410014858,0.6213161548079792,0.6278353879878206,0.6442842690238363,0.6606681273878136,0.6811245610510558,0.6999514479928
202506161436,103,Partner,NonVerbal,0.5,0,2,1,0.0,1,1,1,1,1,1,EN,,,,,,,,,1.0,0.0,-1,0,1,2829,0.5,0.5,0.5184018618692652,0.5995084187408849,0.6938526028257294,0.7243103037454903,0.700121547248298,0.6820308755445367,0.6915773488049144,0.6964983461027404,0.697128218620508
202506161436,104,Partner,NonVerbal,0.5,1,2,1,0.0,1,1,1,1,0,0,EN,,,,,,,,,1.0,0.0,-1,1,1,2830,0.5,0.5,0.4791582197410477,0.39610461735019936,0.3836999659425459,0.34377499907376824,0.32746032380469114,0.35514255519992305,0.34880208737598806,0.3514413713163975,0.36615936948152583
202506161436,105,Partner,NonVerbal,0.5,0,2,1,0.5,1,1,1,1,0,0,EN,,,,,,,,,1.0,0.0,-1,1,1,2831,0.5,0.5,0.4586747847480479,0.37053139063429774,0.30029441153338493,0.281237763847052,0.2869993645814881,0.2891734783800496,0.2861475953917086,0.2859689505389396,0.2883491882870415
202506161436,106,Partner,NonVerbal,0.5,1,2,1,0.5,1,1,1,1,0,0,EN,,,,,,,,,1.0,0.0,-1,1,1,2832,0.5,0.5,0.4900349503874574,0.4009155623961749,0.4760836988757852,0.39036835345966164,0.3829362887659384,0.38720975638308985,0.3874271083269522,0.3887341764622446,0.3931635076206195
202506161436,107,Partner,NonVerbal,0.5,0,2,1,1.0,1,1,1,1,0,0,EN,,,,,,,,,1.0,0.0,-1,1,1,2833,0.5,0.5,0.45737007972817023,0.41956532426977,0.38983142100364526,0.37202635107278714,0.37139224353662953,0.3727145624425713,0.3686334779861216,0.3644193346469093,0.3651631760061691
202506161436,108,Partner,NonVerbal,0.5,1,2,1,1.0,1,1,1,1,0,0,EN,,,,,,,,,1.0,0.0,-1,1,1,2834,0.5,0.5,0.4575837843098165,0.3652355150480325,0.3145784195203022,0.2905965664580716,0.25003493918638475,0.22304372828210206,0.4142273695647541,0.5318488858822836,0.5242505236289583
202506161436,109,Adversary,NonVerbal,0.5,0,2,1,0.0,0,-1,1,1,1,1,EN,,,,,,,,,0.0,1.0,-1,0,1,2835,0.5,0.5,0.5007618143998377,0.5387047410275236,0.6322703406111798,0.6481265564770772,0.6329657749174218,0.5814139373230301,0.5131725019841776,0.4415795793990151,0.44296374509068404
202506161436,111,Adversary,NonVerbal,0.5,0,2,1,0.5,0,-1,1,1,0,0,EN,,,,,,,,,0.0,1.0,-1,1,1,2836,0.5,0.5,0.49648503656789383,0.41616023879700986,0.31868812246536554,0.26467935433649703,0.23899865344548127,0.24459723058898905,0.2861760172561932,0.4708862122303383,0.6371418541618111
202506161436,112,Adversary,NonVerbal,0.5,1,2,1,0.5,0,1,-1,1,0,1,EN,,,,,,,,,1.0,0.0,-1,1,1,2837,0.5,0.5,0.49832992480232924,0.5804158934961356,0.6374256366611543,0.7878676758611853,0.7499355776278199,0.629310886731926,0.6193957413058158,0.5423497204846207,0.5105954524585019
202506161436,113,Adversary,NonVerbal,0.5,0,2,1,1.0,0,0,0,1,1,-1,EN,,,,,,,,,0.0,0.0,-1,0,1,2838,0.5,0.5,0.511369840263947,0.5225036195617666,0.5819070788458002,0.6142751566996538,0.5933951277910984,0.5438294486818372,0.4787681665762647,0.4690452074361127,0.42213781937018563
202506161436,114,Adversary,NonVerbal,0.5,1,2,1,1.0,0,-1,1,1,1,1,EN,,,,,,,,,0.0,1.0,-1,0,1,2839,0.5,0.5,0.5056111574357001,0.5642410499701954,0.6536378666121746,0.6827879286525282,0.7322552583938622,0.75281876306105,0.7499780632049013,0.7575616950524477,0.768859213905231
202506161436,117,Adversary,NonVerbal,0.5,0,2,1,0.5,1,0,0,1,1,-1,EN,,,,,,,,,0.0,0.0,-1,0,1,2840,0.5,0.5,0.5037000180092548,0.5876980894428367,0.6810345877117097,0.712928493211954,0.7043751332455873,0.6574508827054845,0.5851037777631265,0.5025084380499191,0.4415895366989139
202506161436,118,Adversary,NonVerbal,0.5,1,2,1,0.5,1,1,-1,1,1,0,EN,,,,,,,,,1.0,0.0,-1,0,1,2841,0.5,0.5,0.502244765448519,0.3711101971812814,0.2958124967349657,0.17486143791435535,0.3653281145926127,0.3948276553145446,0.3623854616149742,0.4823320284123571,0.47648705992221824
202506161436,119,Adversary,NonVerbal,0.5,0,2,1,1.0,1,-1,1,1,1,1,EN,,,,,,,,,0.0,1.0,-1,0,1,2842,0.5,0.5,0.5114036105980279,0.5958092516621909,0.6837786792581049,0.6806484483567677,0.727959705965684,0.749506285911887,0.7461746265399218,0.7006326474496067,0.6285528550111673
202506161436,120,Adversary,NonVerbal,0.5,1,2,1,1.0,1,-1,1,1,1,1,EN,,,,,,,,,0.0,1.0,-1,0,1,2843,0.5,0.5,0.5053898828933262,0.5896775189324037,0.6668271569063062,0.6959493744705655,0.7045214009358115,0.7098419409304836,0.7176760482217263,0.7256481978426874,0.7340275034831449
202506161436,121,Partner,NonVerbal,0.5,0,2,1,0.0,0,1,1,1,0,0,EN,,,,,,,,,1.0,0.0,-1,1,1,2844,0.5,0.5,0.48293873472458676,0.4059229205173239,0.3071115432166937,0.2744068434095213,0.27655196718600417,0.2782092794626316,0.2792740302281485,0.2799819480669165,0.28106985495729114
202506161436,123,Partner,NonVerbal,0.5,0,2,1,0.5,0,1,1,1,0,0,EN,,,,,,,,,1.0,0.0,-1,1,1,2845,0.5,0.5,0.4574166542217336,0.4201937097811785,0.3473111231745632,0.3068890463272884,0.33439006774115015,0.35511797931445815,0.3929847931453331,0.43061475637233304,0.438667415139888
202506161436,124,Partner,NonVerbal,0.5,1,2,1,0.5,0,1,1,1,1,1,EN,,,,,,,,,1.0,0.0,-1,0,1,2846,0.5,0.5,0.5007866018044055,0.521611793982952,0.589065425947796,0.6309119445539667,0.6344174215987991,0.6242804491386534,0.6341528560215547,0.6233767508636642,0.6247821484825214
202506161436,126,Partner,NonVerbal,0.5,1,2,1,1.0,0,1,1,1,0,0,EN,,,,,,,,,1.0,0.0,-1,1,1,2847,0.5,0.5,0.4800689646576502,0.45473960666158414,0.39935269439692594,0.3305209177893726,0.3061164110164888,0.31017354548302434,0.3398380857855347,0.37221686693674133,0.38532983330890735
202506161436,127,Partner,NonVerbal,0.5,0,2,1,0.0,1,1,1,1,0,0,EN,,,,,,,,,1.0,0.0,-1,1,1,2848,0.5,0.5,0.4827129325684407,0.465522339124502,0.398761014946143,0.3612553024904418,0.3703397798150128,0.37853969391081466,0.4081142653152354,0.4409372143466911,0.4507898904949303
202506161436,128,Partner,NonVerbal,0.5,1,2,1,0.0,1,0,0,1,0,-1,EN,,,,,,,,,0.0,0.0,-1,1,1,2849,0.5,0.5,0.4790282895952117,0.4185285052217941,0.3343343807423433,0.30156536986158006,0.3001692974810855,0.3261781828784915,0.46127451858769336,0.3980619854612679,0.467230571778111
202506161436,129,Partner,NonVerbal,0.5,0,2,1,0.5,1,1,1,1,1,1,EN,,,,,,,,,1.0,0.0,-1,0,1,2850,0.5,0.5,0.5432697508529887,0.6315093513235148,0.6824617866541263,0.6789494615835892,0.6748305835287388,0.7189043128771546,0.7342044080525821,0.7331089361361932,0.6902947665102347
202506161436,130,Partner,NonVerbal,0.5,1,2,1,0.5,1,1,1,1,0,0,EN,,,,,,,,,1.0,0.0,-1,1,1,2851,0.5,0.5,0.45787704608899404,0.42018176336712026,0.35520863499518623,0.43923964052938336,0.371694695230158,0.3700878151402886,0.32957404529003476,0.2636272272512504,0.22132973653987323
202506161436,132,Partner,NonVerbal,0.5,1,2,1,1.0,1,1,1,1,0,0,EN,,,,,,,,,1.0,0.0,-1,1,1,2852,0.5,0.5,0.45808918895827394,0.36630393493260366,0.29294996623865377,0.2443762975677293,0.21892290524786842,0.2180132548689535,0.2006442268721283,0.17548387573317079,0.17981516245842172
202506161436,133,Adversary,NonVerbal,0.5,0,2,1,0.0,0,-1,1,1,0,0,EN,,,,,,,,,0.0,1.0,-1,1,1,2853,0.5,0.5,0.4993370309677112,0.49869250709425883,0.43755305050547644,0.3973533878020037,0.3405026321345252,0.3068478543600661,0.31497028285810963,0.29220001623398967,0.3102078951962376
202506161436,134,Adversary,NonVerbal,0.5,1,2,1,0.0,0,0,0,1,0,-1,EN,,,,,,,,,0.0,0.0,-1,1,1,2854,0.5,0.5,0.49968164334680076,0.6417493138848605,0.8049090355462185,0.8813254798448603,0.7338599468200204,0.6677412903077957,0.6490877650414241,0.48564002776206183,0.2900526642098827
202506161436,135,Adversary,NonVerbal,0.5,0,2,1,0.5,0,-1,1,1,0,0,EN,,,,,,,,,0.0,1.0,-1,1,1,2855,0.5,0.5,0.49646833520849665,0.41035677757801825,0.30618299774942065,0.2758393372167199,0.2792142569335013,0.2802003137091615,0.2698894432671299,0.238167891560103,0.2380941971112555
202506161436,136,Adversary,NonVerbal,0.5,1,2,1,0.5,0,1,-1,1,1,0,EN,,,,,,,,,1.0,0.0,-1,0,1,2856,0.5,0.5,0.5018079857134049,0.3638338543496845,0.26430690410989705,0.26939352223822915,0.28859832093411714,0.20542545366209908,0.29160421925254204,0.2304208443165462,0.38627270240374245
202506161436,137,Adversary,NonVerbal,0.5,0,2,1,1.0,0,-1,1,1,1,1,EN,,,,,,,,,0.0,1.0,-1,0,1,2857,0.5,0.5,0.5113925216061276,0.5225326401152219,0.6045052408966046,0.6599048812164281,0.5171822845678052,0.44162514806429015,0.5389436463058074,0.5943084999965622,0.6225988349316762
202506161436,138,Adversary,NonVerbal,0.5,1,2,1,1.0,0,-1,1,1,0,0,EN,,,,,,,,,0.0,1.0,-1,1,1,2858,0.5,0.5,0.4963477229889164,0.43862863140338515,0.34313446928623687,0.2726020811176293,0.23212397148432737,0.2034772278127933,0.21380311050225873,0.19092519569188338,0.17149483642275104
202506161436,139,Adversary,NonVerbal,0.5,0,2,1,0.0,1,-1,1,1,1,1,EN,,,,,,,,,0.0,1.0,-1,1,1,2859,0.5,0.5,0.5007526692148638,0.5015841829255896,0.5866182167178523,0.6310270628525095,0.6829466982990376,0.716674650337622,0.7165530741408589,0.6758822954162158,0.5815655919124786
202506161436,140,Adversary,NonVerbal,0.5,1,2,1,0.0,1,1,-1,1,1,0,EN,,,,,,,,,1.0,0.0,-1,0,1,2860,0.5,0.5,0.5004019985591526,0.47629475778758057,0.4587885753125635,0.37295909369315466,0.41150261181979253,0.4579603996077354,0.4463675894628516,0.43737413323239244,0.4712140249096497
202506161436,141,Adversary,NonVerbal,0.5,0,2,1,0.5,1,-1,1,1,0,0,EN,,,,,,,,,0.0,1.0,-1,1,1,2861,0.5,0.5,0.49636663941933495,0.4930209088851836,0.42662744934368957,0.35120919230057374,0.47624378457208383,0.6333314602487704,0.5144462405233834,0.5027081360067028,0.4385405940566791
202506161436,142,Adversary,NonVerbal,0.5,1,2,1,0.5,1,0,0,1,1,-1,EN,,,,,,,,,0.0,0.0,-1,0,1,2862,0.5,0.5,0.5000393212904823,0.47701198732179295,0.42181518138231827,0.3995883129455766,0.4486920487617937,0.5341287450036469,0.625361780603557,0.7109344491087228,0.6396425962387348
202506161436,143,Adversary,NonVerbal,0.5,0,2,1,1.0,1,-1,1,1,1,1,EN,,,,,,,,,0.0,1.0,-1,0,1,2863,0.5,0.5,0.5109896334656951,0.5938381851156158,0.6827423878220108,0.7133501289863273,0.5464997217944784,0.37054359232670886,0.5007301865701616,0.5353556815426554,0.5589960513004661
202506161436,144,Adversary,NonVerbal,0.5,1,2,1,1.0,1,1,-1,1,0,1,EN,,,,,,,,,1.0,0.0,-1,1,1,2864,0.5,0.5,0.4950954154247474,0.48678184511051803,0.4030966347694953,0.48431159157136816,0.5778782508235147,0.6751428314453043,0.6153212071768577,0.569213486375428,0.533280018033133
202506161436,145,Partner,NonVerbal,0.5,0,2,1,0.0,0,1,1,1,1,1,EN,,,,,,,,,1.0,0.0,-1,0,1,2865,0.5,0.5,0.5185420349136516,0.5987167506051752,0.6717646206587553,0.6862202279442889,0.6839723338660715,0.6825740239100082,0.686796349096165,0.7065552092489888,0.733455672804429
202506161436,146,Partner,NonVerbal,0.5,1,2,1,0.0,0,1,1,1,1,1,EN,,,,,,,,,1.0,0.0,-1,0,1,2866,0.5,0.5,0.5226141624173957,0.5400588055740057,0.5773910663156036,0.6470153729653662,0.6888204068508766,0.673250853132243,0.6842576315572988,0.6796861664377443,0.6511038896309903
202506161436,149,Partner,NonVerbal,0.5,0,2,1,1.0,0,1,1,1,0,0,EN,,,,,,,,,1.0,0.0,-1,1,1,2867,0.5,0.5,0.45738682947835246,0.4195827947698677,0.3479292502511402,0.3031273762635494,0.303591020250688,0.3059668369746388,0.3030671481047979,0.29868244954769774,0.2963693951891382
202506161436,150,Partner,NonVerbal,0.5,1,2,1,1.0,0,1,1,1,0,0,EN,,,,,,,,,1.0,0.0,-1,1,1,2868,0.5,0.5,0.45805212482842234,0.3665580450923762,0.2966890242800484,0.2746134985907144,0.2769456800364577,0.2564577506199016,0.231484109805409,0.24127619619129326,0.2867569411051972
202506161436,151,Partner,NonVerbal,0.5,0,2,1,0.0,1,1,1,1,0,0,EN,,,,,,,,,1.0,0.0,-1,1,1,2869,0.5,0.5,0.48251285576565095,0.403891720800192,0.3091326103071644,0.280851700471299,0.30865029122561044,0.341390305144474,0.3605124911800236,0.38857124866260073,0.40731343970855544
202506161436,152,Partner,NonVerbal,0.5,1,2,1,0.0,1,1,1,1,1,1,EN,,,,,,,,,1.0,0.0,-1,0,1,2870,0.5,0.5,0.5222748663497059,0.543264462743405,0.6254429180438807,0.6730304715181514,0.6721027663638972,0.6595376257126652,0.659508625461996,0.6670840447577926,0.659433987191676
202506161436,153,Partner,NonVerbal,0.5,0,2,1,0.5,1,1,1,1,0,0,EN,,,,,,,,,1.0,0.0,-1,1,1,2871,0.5,0.5,0.45783718670899354,0.42068645683475425,0.3554647985806196,0.32170147928326337,0.34172117814858416,0.3544087270833255,0.37182397828597896,0.4126697308997556,0.44143778876795636
202506161436,154,Partner,NonVerbal,0.5,1,2,1,0.5,1,1,1,1,1,1,EN,,,,,,,,,1.0,0.0,-1,0,1,2872,0.5,0.5,0.5434842423756977,0.5826858700142344,0.6202698431808861,0.6441271204772412,0.6513030483175393,0.6443420411389785,0.6476311730517081,0.6499221724344433,0.624654674832381
202506161436,155,Partner,NonVerbal,0.5,0,2,1,1.0,1,1,1,1,0,0,EN,,,,,,,,,1.0,0.0,-1,1,1,2873,0.5,0.5,0.45697696518920633,0.3660187142349034,0.28200907182316776,0.2596245584764966,0.28305377577867596,0.29723566747024527,0.2962022180641017,0.2992946552273219,0.30688148301441415
202506161436,156,Partner,NonVerbal,0.5,1,2,1,1.0,1,1,1,1,0,0,EN,,,,,,,,,1.0,0.0,-1,1,1,2874,0.5,0.5,0.4577057198627621,0.4201255613068866,0.3585251146151671,0.3163466247947448,0.3129857094127825,0.27888814566339365,0.2275974066299843,0.20474428510366516,0.3835985925749664
202506161436,157,Adversary,NonVerbal,0.5,0,2,1,0.0,0,-1,1,1,1,1,EN,,,,,,,,,0.0,1.0,-1,0,1,2875,0.5,0.5,0.5007517865029345,0.5015830093501488,0.5818526638253569,0.6488202763286657,0.6462677196475319,0.6063790539402163,0.5425565257176147,0.47024916377400205,0.46386559113196724
202506161436,160,Adversary,NonVerbal,0.5,1,2,1,0.5,0,1,-1,1,1,0,EN,,,,,,,,,1.0,0.0,-1,1,1,2876,0.5,0.5,0.5006298055841013,0.36579442744045415,0.2907219316153852,0.37027527382619496,0.3635432293391914,0.45904221600105166,0.3392635069693657,0.36069319548941825,0.37888510021240873
202506161436,161,Adversary,NonVerbal,0.5,0,2,1,1.0,0,-1,1,1,1,1,EN,,,,,,,,,0.0,1.0,-1,0,1,2877,0.5,0.5,0.5112274916803855,0.5926872927372117,0.6723314739784163,0.668518474217195,0.6950706737651934,0.6573253460322346,0.591856700305937,0.5127285136009084,0.4344690376115152
202506161436,163,Adversary,NonVerbal,0.5,0,2,1,0.0,1,-1,1,1,1,1,EN,,,,,,,,,0.0,1.0,-1,1,1,2878,0.5,0.5,0.500737127621722,0.5379885791209494,0.6560006050261632,0.6724411745635082,0.7122150941567383,0.713209070085992,0.6846822491391693,0.61851797269255,0.5357903872235961
202506161436,164,Adversary,NonVerbal,0.5,1,2,1,0.0,1,1,-1,1,1,0,EN,,,,,,,,,1.0,0.0,-1,0,1,2879,0.5,0.5,0.5003514416337064,0.36690163075050497,0.29299005874438666,0.36982425891590087,0.2178521029067894,0.15179511065690027,0.195399463964828,0.22728371873818348,0.2648292819168632
202506161436,167,Adversary,NonVerbal,0.5,0,2,1,1.0,1,-1,1,1,0,0,EN,,,,,,,,,0.0,1.0,-1,1,1,2880,0.5,0.5,0.49002084404182494,0.40761616569632586,0.3308246451805031,0.30487293534760557,0.45827566434006217,0.558576102931673,0.514171172517769,0.5204578363682509,0.5034010372593006
202506161436,172,Partner,NonVerbal,0.5,1,2,1,0.5,0,1,1,1,0,0,EN,,,,,,,,,1.0,0.0,-1,1,1,2881,0.5,0.5,0.45772539687778013,0.36537191806224684,0.43367983922322895,0.3577050003829705,0.3460282622690005,0.36465352620701674,0.3393772154114559,0.29246926676683943,0.27625713387472817
202506161436,173,Partner,NonVerbal,0.5,0,2,1,1.0,0,1,1,1,1,1,EN,,,,,,,,,1.0,0.0,-1,0,1,2882,0.5,0.5,0.5438757009352327,0.6325594008430439,0.7112970544461227,0.7370960982945612,0.7133838300991653,0.6965157300103866,0.7126673836666797,0.7236915689267538,0.6952760782955915
202506161436,175,Partner,NonVerbal,0.5,0,2,1,0.0,1,1,1,1,0,0,EN,,,,,,,,,1.0,0.0,-1,1,1,2883,0.5,0.5,0.4824152417867206,0.3990621736336771,0.29953250078123705,0.2713030333100733,0.2761861744574895,0.27685291782366006,0.276972725001323,0.32185001167766925,0.3584415947585352
202506161436,178,Partner,NonVerbal,0.5,1,2,1,0.5,1,-1,-1,1,0,1,EN,,,,,,,,,0.0,1.0,-1,1,1,2884,0.5,0.5,0.45849624759874247,0.3929334697339771,0.34661081563068813,0.39246111755014845,0.47122488708242327,0.40271095628443,0.5337779057108166,0.6347273082456973,0.5957114748477286
202506161436,180,Partner,NonVerbal,0.5,1,2,1,1.0,1,1,1,1,1,1,EN,,,,,,,,,1.0,0.0,-1,0,1,2885,0.5,0.5,0.5184922856912677,0.6050221754754194,0.701927074113393,0.755338167716046,0.7749649209092795,0.7794395914285475,0.7829135128717831,0.7850494901091327,0.786768157306935
202506161436,181,Adversary,NonVerbal,0.5,0,2,1,0.0,0,-1,1,1,1,1,EN,,,,,,,,,0.0,1.0,-1,1,1,2886,0.5,0.5,0.5007380261259843,0.5015307967362681,0.5558400169012894,0.5872117316492187,0.6178232534509788,0.6391064957915819,0.6907962795647196,0.7238740707184238,0.7206018867928897
202506161436,183,Adversary,NonVerbal,0.5,0,2,1,0.5,0,-1,1,1,1,1,EN,,,,,,,,,0.0,1.0,-1,1,1,2887,0.5,0.5,0.503970053119011,0.5847099112690785,0.6807117071656394,0.7187055299316633,0.5507795733831277,0.3724050366480942,0.5610864126198036,0.5849635122552181,0.5934744777477806
202506161436,184,Adversary,NonVerbal,0.5,1,2,1,0.5,0,-1,1,1,0,0,EN,,,,,,,,,0.0,1.0,-1,1,1,2888,0.5,0.5,0.49830422536848423,0.5198329194331041,0.45140899988956185,0.38521756415765485,0.34270217996948754,0.3484550396624054,0.35270063947658586,0.35666563895151815,0.3201097640627365
202506161436,185,Adversary,NonVerbal,0.5,0,2,1,1.0,0,-1,1,1,0,0,EN,,,,,,,,,0.0,1.0,-1,1,1,2889,0.5,0.5,0.489581881545474,0.4805434130009208,0.38590093219268484,0.31309009295319506,0.45774613493248445,0.6248192847755988,0.5797379843520385,0.5567099143843781,0.5307550376294338
202506161436,186,Adversary,NonVerbal,0.5,1,2,1,1.0,0,1,-1,1,0,1,EN,,,,,,,,,1.0,0.0,-1,1,1,2890,0.5,0.5,0.49513742986024345,0.41050325283822325,0.3076980538885003,0.2574109008597209,0.21169556300852643,0.4249974239491136,0.49205443254074666,0.6155601536396641,0.5475169543161696
202506161436,187,Adversary,NonVerbal,0.5,0,2,1,0.0,1,-1,1,1,1,1,EN,,,,,,,,,0.0,1.0,-1,1,1,2891,0.5,0.5,0.5007418352083114,0.5015686777241176,0.5729687097392242,0.6411185445487408,0.5084334147277026,0.40843352643278896,0.44433452154889275,0.6149939024372207,0.634488085734153
202506161436,188,Adversary,NonVerbal,0.5,1,2,1,0.0,1,1,-1,1,1,0,EN,,,,,,,,,1.0,0.0,-1,0,1,2892,0.5,0.5,0.5001908722570003,0.45372492859625324,0.4218937571436736,0.46247472994139477,0.34876982391240047,0.3287638419644581,0.2602601426630699,0.2780973212817227,0.31843602750230954
202506161436,189,Adversary,NonVerbal,0.5,0,2,1,0.5,1,-1,1,1,1,1,EN,,,,,,,,,0.0,1.0,-1,0,1,2893,0.5,0.5,0.5039741052648417,0.5082854959846833,0.5783236236089285,0.6122196092687134,0.6588713855412524,0.6618975943584254,0.626129972118679,0.6287867899886308,0.6333465528537624
202506161436,191,Adversary,NonVerbal,0.5,0,2,1,1.0,1,-1,1,1,0,0,EN,,,,,,,,,0.0,1.0,-1,1,1,2894,0.5,0.5,0.4897537465030269,0.40626342920057984,0.30437234863907037,0.2752593559287137,0.30703017782286496,0.3817437608564766,0.41721225516430327,0.3735232905584657,0.3261991945849871
202506161436,192,Adversary,NonVerbal,0.5,1,2,1,1.0,1,-1,1,1,0,0,EN,,,,,,,,,0.0,1.0,-1,1,1,2895,0.5,0.5,0.49482275855064434,0.4078212820192739,0.3170263995241081,0.2647095700348932,0.2287686933064672,0.21406389851361313,0.20177147036460052,0.18943538269472152,0.24509695618568034
202506161436,193,Partner,NonVerbal,0.5,0,2,1,0.0,0,1,1,1,1,1,EN,,,,,,,,,1.0,0.0,-1,0,1,2896,0.5,0.5,0.5183797487137605,0.5975909043200061,0.6744703165863403,0.693746695063202,0.6942057170117953,0.566669727618583,0.6685754248847722,0.6879054338523372,0.7011580637764597
202506161436,195,Partner,NonVerbal,0.5,0,2,1,0.5,0,1,1,1,0,0,EN,,,,,,,,,1.0,0.0,-1,1,1,2897,0.5,0.5,0.45862504338131044,0.36626334417768214,0.3029887795312127,0.2892257069412629,0.28494532340674555,0.27971668771952835,0.2749256886756688,0.26626083144263196,0.23844298125018953
202506161436,196,Partner,NonVerbal,0.5,1,2,1,0.5,0,1,1,1,0,0,EN,,,,,,,,,1.0,0.0,-1,1,1,2898,0.5,0.5,0.4754911151152094,0.38863955295092995,0.30816371856449803,0.27784784168695376,0.26877783479191103,0.2667431139790788,0.26559287767516393,0.24421306822516345,0.2680573795097768
202506161436,197,Partner,NonVerbal,0.5,0,2,1,1.0,0,1,1,1,0,0,EN,,,,,,,,,1.0,0.0,-1,1,1,2899,0.5,0.5,0.45759490058687324,0.36506685171365233,0.28917553946385777,0.27141108168867456,0.25445300129402815,0.2358979557521249,0.2361145600355596,0.23633947145795778,0.23648271446512195
202506161436,198,Partner,NonVerbal,0.5,1,2,1,1.0,0,1,1,1,1,1,EN,,,,,,,,,1.0,0.0,-1,1,1,2900,0.5,0.5,0.5438225096474116,0.6005690391597854,0.6576185354820782,0.7193908234546321,0.7486534016244153,0.7551048364605947,0.7621657678765129,0.7696292425775426,0.7890098442993669
202506161436,200,Partner,NonVerbal,0.5,1,2,1,0.0,1,1,1,1,1,1,EN,,,,,,,,,1.0,0.0,-1,0,1,2901,0.5,0.5,0.5001667214061297,0.585100488297543,0.6739786273162066,0.697665679520934,0.6965312302007912,0.6789307530495382,0.6543678496904349,0.6912489194920893,0.7179278044645881
202506161436,201,Partner,NonVerbal,0.5,0,2,1,0.5,1,1,1,1,0,0,EN,,,,,,,,,1.0,0.0,-1,1,1,2902,0.5,0.5,0.45874727071373356,0.366575258316587,0.2839509159049346,0.25698886963473716,0.293921153606048,0.3272878207433578,0.3418107870305755,0.37220309402289703,0.44147541521089534
202506161436,202,Partner,NonVerbal,0.5,1,2,1,0.5,1,1,1,1,1,1,EN,,,,,,,,,1.0,0.0,-1,0,1,2903,0.5,0.5,0.5435506502348192,0.633612387782755,0.7016808171418686,0.7213260301205706,0.7260165165305161,0.7251732769066012,0.7168679693825382,0.7096974386880005,0.8104799179812185
202506161436,203,Partner,NonVerbal,0.5,0,2,1,1.0,1,1,1,1,0,0,EN,,,,,,,,,1.0,0.0,-1,1,1,2904,0.5,0.5,0.45782144785742573,0.42020471251150593,0.35612235439455586,0.31837050757882474,0.3238487933724878,0.33303955537365293,0.34002859848771577,0.29888503003656197,0.26696762174839944
202506161436,204,Partner,NonVerbal,0.5,1,2,1,1.0,1,1,1,1,1,1,EN,,,,,,,,,1.0,0.0,-1,0,1,2905,0.5,0.5,0.5443370884494408,0.5844127912684566,0.6100236309996213,0.6242823289342532,0.6296116671322114,0.6505853783092076,0.6494793350851878,0.6829182280925867,0.721613952051823
202506161436,206,Adversary,NonVerbal,0.5,1,2,1,0.0,0,-1,1,1,0,0,EN,,,,,,,,,0.0,1.0,-1,1,1,2906,0.5,0.5,0.499872069087425,0.5099909353609748,0.5446524987532266,0.5629661357734526,0.6289496206208401,0.50934991521119,0.511603367334932,0.4950882322103649,0.4581027994144841
202506161436,207,Adversary,NonVerbal,0.5,0,2,1,0.5,0,-1,1,1,0,0,EN,,,,,,,,,0.0,1.0,-1,1,1,2907,0.5,0.5,0.49637609492378737,0.41106429320208476,0.3337346219922324,0.2922210254044689,0.295402733249104,0.24894382439268847,0.24310438594365147,0.2823151263730091,0.35831506291273585
202506161436,208,Adversary,NonVerbal,0.5,1,2,1,0.5,0,1,-1,1,1,0,EN,,,,,,,,,1.0,0.0,-1,0,1,2908,0.5,0.5,0.5020647227106739,0.41921025341038237,0.3583891719563811,0.2353660613431683,0.12352288679216347,0.3078779236972961,0.38281184166846194,0.4323791326230949,0.35550312138107654
202506161436,209,Adversary,NonVerbal,0.5,0,2,1,1.0,0,-1,1,1,0,0,EN,,,,,,,,,0.0,1.0,-1,1,1,2909,0.5,0.5,0.4898032139816373,0.4808562645794022,0.4082144236645718,0.3676324032802321,0.37801201732042,0.38938134020088794,0.4134661433686917,0.46658326992936927,0.535440549515985
202506161436,210,Adversary,NonVerbal,0.5,1,2,1,1.0,0,-1,1,1,0,0,EN,,,,,,,,,0.0,1.0,-1,1,1,2910,0.5,0.5,0.5000348631048844,0.48075961207320933,0.4704202226359491,0.4726970995465333,0.4557597703428445,0.4097227568594848,0.32671154457623053,0.2769373108175363,0.29720651830422395
202506161436,213,Adversary,NonVerbal,0.5,0,2,1,0.5,1,-1,1,1,0,0,EN,,,,,,,,,0.0,1.0,-1,1,1,2911,0.5,0.5,0.49644873900247255,0.493051221462444,0.42479768952652663,0.387730140736106,0.3543150795316335,0.30822810781545296,0.30955159402752336,0.3539175392737747,0.42507126178343424
202506161436,215,Adversary,NonVerbal,0.5,0,2,1,1.0,1,-1,1,1,1,1,EN,,,,,,,,,0.0,1.0,-1,0,1,2912,0.5,0.5,0.5111746268629477,0.5960992924881287,0.6894269375730974,0.7299505806047999,0.7237361422909085,0.7179740980386325,0.6690889147859903,0.5960285728952609,0.5128304072201749
202506161436,216,Adversary,NonVerbal,0.5,1,2,1,1.0,1,1,-1,1,1,0,EN,,,,,,,,,1.0,0.0,-1,0,1,2913,0.5,0.5,0.5000572894331117,0.5853733272411976,0.6849533159026024,0.722197167729088,0.7066662561559897,0.6569344212371412,0.5790519761497902,0.5458344421073423,0.49343666163919603
202506161436,217,Partner,NonVerbal,0.5,0,2,1,0.0,0,1,1,1,0,0,EN,,,,,,,,,1.0,0.0,-1,1,1,2914,0.5,0.5,0.48252638496311195,0.3988448523714516,0.31958978133152094,0.29888672752344214,0.29714640952893256,0.29824237874093223,0.2932372730235647,0.284573507387326,0.2784149382479417
202506161436,218,Partner,NonVerbal,0.5,1,2,1,0.0,0,1,1,1,1,1,EN,,,,,,,,,1.0,0.0,-1,0,1,2915,0.5,0.5,0.5221095022419083,0.5427935173288446,0.6140446150761277,0.6836995840782136,0.7087257770024405,0.7076698148804003,0.7061177292507159,0.5802423167322655,0.4857185160808594
202506170703,1,Partner,NonVerbal,0.5,0,2,1,0.0,0,-1,-1,0,0,0,EN,,,,,,,,,0.0,1.0,-1,1,1,2916,0.5,0.5,0.48283603336051323,0.46571426005407834,0.3898985768498578,0.34073377836384344,0.3375160405501523,0.335484832782208,0.34175525011381147,0.3485297845875034,0.34781397309066914
202506170703,2,Partner,NonVerbal,0.5,1,2,1,0.0,0,-1,-1,0,0,0,EN,,,,,,,,,0.0,1.0,-1,1,1,2917,0.5,0.5,0.47900197442122666,0.39610019252415957,0.4143214510283005,0.35917741687472077,0.3585610111025287,0.35614139804812694,0.335672778716631,0.3451530783608417,0.38114385275494356
202506170703,6,Partner,NonVerbal,0.5,1,2,1,1.0,0,-1,-1,0,0,0,EN,,,,,,,,,0.0,1.0,-1,1,1,2918,0.5,0.5,0.4579281565667866,0.3664220893848905,0.29350601367590795,0.2762848491083116,0.292082767723018,0.3031915088587553,0.30323590906260856,0.3014951159338502,0.2980983732377059
202506170703,7,Partner,NonVerbal,0.5,0,2,1,0.0,1,-1,-1,0,1,1,EN,,,,,,,,,0.0,1.0,-1,1,1,2919,0.5,0.5,0.5182209667948147,0.5371973053502302,0.5710053133193821,0.5866782896494819,0.586188831297399,0.5855149814944702,0.6022316129387848,0.6142694580440794,0.6102751196952617
202506170703,9,Partner,NonVerbal,0.5,0,2,1,0.5,1,-1,-1,0,0,0,EN,,,,,,,,,0.0,1.0,-1,1,1,2920,0.5,0.5,0.45801093966972706,0.4208506387420896,0.35127521019099706,0.31167562063848936,0.3160021470009769,0.3327809391944733,0.3086854989304361,0.3064031104256558,0.3409074628033715
202506170703,10,Partner,NonVerbal,0.5,1,2,1,0.5,1,-1,-1,0,0,0,EN,,,,,,,,,0.0,1.0,-1,1,1,2921,0.5,0.5,0.4577872706878181,0.38957004024320424,0.4135169984523632,0.3386497250687215,0.414090095921535,0.4929585201147086,0.49382532250227273,0.4934886802285116,0.4927030541559528
202506170703,12,Partner,NonVerbal,0.5,1,2,1,1.0,1,-1,-1,0,0,0,EN,,,,,,,,,0.0,1.0,-1,1,1,2922,0.5,0.5,0.4701538413635645,0.44124653943365805,0.38284078106525055,0.31203092116161085,0.2529713302142986,0.26830478851041095,0.2285837269386083,0.20567551599550365,0.19235957427469638
202506170703,13,Adversary,NonVerbal,0.5,0,2,1,0.0,0,1,-1,0,1,1,EN,,,,,,,,,1.0,0.0,1,0,1,2923,0.5,0.5,0.5007357883248702,0.5367177026281663,0.6619753704454563,0.6804280876439552,0.7194953815376839,0.5514272228822308,0.37278043238002156,0.5124591913290474,0.5158075114572892
202506170703,14,Adversary,NonVerbal,0.5,1,2,1,0.0,0,-1,1,0,1,0,EN,,,,,,,,,0.0,1.0,-1,0,1,2924,0.5,0.5,0.5004007211481964,0.4763113899774013,0.4619593422095401,0.3203755593136889,0.3297176567625813,0.45679872831308016,0.4691526954489204,0.4811267867793431,0.3843603960440924
202506170703,15,Adversary,NonVerbal,0.5,0,2,1,0.5,0,1,-1,0,0,0,EN,,,,,,,,,1.0,0.0,-1,1,1,2925,0.5,0.5,0.4963825869244254,0.4929198263380207,0.43074264182652405,0.3844114399851136,0.40026523120584506,0.41942398062662317,0.4296091702209547,0.4610357089677127,0.5154514531829407
202506170703,16,Adversary,NonVerbal,0.5,1,2,1,0.5,0,0,0,0,0,-1,EN,,,,,,,,,0.0,0.0,-1,1,1,2926,0.5,0.5,0.4982469211331055,0.5199690212043716,0.5370443421424675,0.54425129870935,0.5105988475337645,0.43289694557503156,0.49572774180811136,0.49264084139574205,0.4526336359590858
202506170703,17,Adversary,NonVerbal,0.5,0,2,1,1.0,0,1,-1,0,0,0,EN,,,,,,,,,1.0,0.0,-1,1,1,2927,0.5,0.5,0.4899239582072972,0.40688245547536916,0.3228617829156685,0.32030399567243345,0.2951123168809252,0.27084697815597136,0.23778099550037873,0.24147120036292377,0.28175717154688523
202506170703,19,Adversary,NonVerbal,0.5,0,2,1,0.0,1,1,-1,0,1,1,EN,,,,,,,,,1.0,0.0,-1,0,1,2928,0.5,0.5,0.5007486768189892,0.5015878832964742,0.5343889429797261,0.5591732647982064,0.6162524443062017,0.49974656247745325,0.35571432716085055,0.4808096746979083,0.5585849565667741
202506170703,20,Adversary,NonVerbal,0.5,1,2,1,0.0,1,-1,1,0,0,1,EN,,,,,,,,,0.0,1.0,-1,1,1,2929,0.5,0.5,0.49967971039781167,0.6413972408738154,0.8187207289608811,0.876893498045072,0.9323975109716525,0.7370719846097732,0.6199869432365805,0.5812822303608273,0.5333769400252136
202506170703,21,Adversary,NonVerbal,0.5,0,2,1,0.5,1,1,-1,0,0,0,EN,,,,,,,,,1.0,0.0,-1,1,1,2930,0.5,0.5,0.49638261708738723,0.4118067163794888,0.31482116703196894,0.30394087245705753,0.2863220495825062,0.2999780936689643,0.3145740522124101,0.3076784285698044,0.30467581937052285
202506170703,22,Adversary,NonVerbal,0.5,1,2,1,0.5,1,1,-1,0,1,1,EN,,,,,,,,,1.0,0.0,-1,0,1,2931,0.5,0.5,0.50149927322636,0.483094432734358,0.41886269896324047,0.3772796355624039,0.5339720202702203,0.5353052702218615,0.5201655210449937,0.589516546829001,0.6397608262800036
202506170703,25,Partner,NonVerbal,0.5,0,2,1,0.0,0,1,1,1,0,0,EN,,,,,,,,,1.0,0.0,-1,1,1,2932,0.5,0.5,0.4826298302262144,0.46534924958729046,0.38648257753820464,0.3373437984934321,0.33385139968071076,0.29929804666022913,0.2720498203711021,0.27256725686696387,0.2734943370700597
202506170703,26,Partner,NonVerbal,0.5,1,2,1,0.0,0,1,1,1,0,0,EN,,,,,,,,,1.0,0.0,-1,1,1,2933,0.5,0.5,0.47911172484573455,0.46045344058837684,0.3937217711146045,0.3558859145897883,0.31831188820102024,0.31054148282176963,0.33895002826580783,0.4106209549210298,0.32644081744223874
202506170703,27,Partner,NonVerbal,0.5,0,2,1,0.5,0,1,1,1,1,1,EN,,,,,,,,,1.0,0.0,-1,0,1,2934,0.5,0.5,0.5432572384377277,0.5824655039139032,0.6534978191733444,0.6922738980893313,0.6937327412121681,0.7199482499800606,0.7470715854400166,0.757413403939193,0.5884891522453458
202506170703,28,Partner,NonVerbal,0.5,1,2,1,0.5,0,1,1,1,0,0,EN,,,,,,,,,1.0,0.0,-1,1,1,2935,0.5,0.5,0.45825382108307633,0.3922441723674722,0.32333663830560705,0.2991535767962197,0.3084279779010165,0.3204108219492736,0.38588771867005117,0.43024591955087765,0.4346155052872004
202506170703,29,Partner,NonVerbal,0.5,0,2,1,1.0,0,1,1,1,1,1,EN,,,,,,,,,1.0,0.0,-1,0,1,2936,0.5,0.5,0.543985583527911,0.5838422507309672,0.6099783167550588,0.622905866857562,0.626079868391566,0.6383768175823162,0.657520099140847,0.6740660642130386,0.689903639679739
202506170703,30,Partner,NonVerbal,0.5,1,2,1,1.0,0,1,1,1,0,0,EN,,,,,,,,,1.0,0.0,-1,1,1,2937,0.5,0.5,0.4577448781266547,0.420089306636679,0.36075886083508424,0.3278298790074079,0.3484131807113572,0.3789605444916973,0.3735063859355863,0.3124626084125164,0.28260659396301135
202506170703,32,Partner,NonVerbal,0.5,1,2,1,0.0,1,1,1,1,0,0,EN,,,,,,,,,1.0,0.0,1,1,1,2938,0.5,0.5,0.47871025919778587,0.45966743472033894,0.3845450562909929,0.33865332614959215,0.3409292276306507,0.3474998573685555,0.35258808898635485,0.3578649721399299,0.45179256191499517
202506170703,33,Partner,NonVerbal,0.5,0,2,1,0.5,1,1,1,1,0,0,EN,,,,,,,,,1.0,0.0,-1,1,1,2939,0.5,0.5,0.4586881859324789,0.4217194772599597,0.35153670871060344,0.3132477909538865,0.292534115580107,0.26954287068122146,0.267958831861521,0.2697169838878136,0.24811923477770095
202506170703,35,Partner,NonVerbal,0.5,0,2,1,1.0,1,1,1,1,1,1,EN,,,,,,,,,1.0,0.0,1,0,1,2940,0.5,0.5,0.5450555449122058,0.6335678292240984,0.7029480160429157,0.723702164858643,0.7244726428605522,0.7219369225452331,0.7206137683621145,0.7260821269956688,0.7281256691303819
202506170703,36,Partner,NonVerbal,0.5,1,2,1,1.0,1,1,1,1,1,1,EN,,,,,,,,,1.0,0.0,-1,0,1,2941,0.5,0.5,0.5003269387891833,0.5360371074730448,0.6095263834891228,0.6893896071346635,0.726540533709381,0.7350646686657866,0.7457210161474639,0.7564534319258313,0.7619829993542053
202506170703,37,Adversary,NonVerbal,0.5,0,2,1,0.0,0,-1,1,1,1,1,EN,,,,,,,,,0.0,1.0,-1,0,1,2942,0.5,0.5,0.500736182120606,0.5015347533369912,0.5772417168091629,0.6158529718997737,0.6437796980392293,0.6746381625944835,0.6416250790122617,0.6446513341800024,0.6494159444848611
202506170703,40,Adversary,NonVerbal,0.5,1,2,1,0.5,0,1,-1,1,0,1,EN,,,,,,,,,1.0,0.0,1,1,1,2943,0.5,0.5,0.4981919028084691,0.5801005518683378,0.6395253516042737,0.7822412334136069,0.794917112787854,0.8008864741173595,0.7683877649412771,0.7379023552714803,0.5329019099867587
202506170703,42,Adversary,NonVerbal,0.5,1,2,1,1.0,0,-1,1,1,1,1,EN,,,,,,,,,0.0,1.0,-1,0,1,2944,0.5,0.5,0.5052270852446449,0.5156556938818957,0.6004561522577746,0.6440652205394776,0.649396594001963,0.6596731587669573,0.6791782782908032,0.6905369493254896,0.7128220118276759
202506170703,45,Adversary,NonVerbal,0.5,0,2,1,0.5,1,-1,1,1,0,0,EN,,,,,,,,,0.0,1.0,1,1,1,2945,0.5,0.5,0.4964836201225561,0.4151262878064986,0.3487849499642423,0.3245059404123601,0.31821226531358265,0.34593694106222,0.40071921256206505,0.47626481028298273,0.5574452413397104
202506170703,49,Partner,NonVerbal,0.5,0,2,1,0.0,0,1,1,1,0,0,EN,,,,,,,,,1.0,0.0,1,1,1,2946,0.5,0.5,0.4826290259587935,0.4024178123950517,0.31950897149128843,0.29928566161897263,0.3028040433220197,0.3033185636099975,0.3035357927700039,0.3043733389105303,0.3058323254644044
202506170703,52,Partner,NonVerbal,0.5,1,2,1,0.5,0,1,1,1,0,0,EN,,,,,,,,,1.0,0.0,-1,1,1,2947,0.5,0.5,0.4763107316673915,0.44887255227549516,0.37520454238630735,0.3313223058455196,0.3303681110005312,0.4347724007359907,0.6560026048106276,0.5682909629362742,0.5049226764566977
202506170703,53,Partner,NonVerbal,0.5,0,2,1,1.0,0,-1,-1,1,0,1,EN,,,,,,,,,0.0,1.0,1,1,1,2948,0.5,0.5,0.45742389524876115,0.41960617500252184,0.39622887220998954,0.38472277940072136,0.38355499862813125,0.46171274158338077,0.5679777342393827,0.6218554753343345,0.6540471035890714
202506170703,54,Partner,NonVerbal,0.5,1,2,1,1.0,0,1,1,1,1,1,EN,,,,,,,,,1.0,0.0,-1,0,1,2949,0.5,0.5,0.518562918752672,0.6049198619017118,0.6892245899881373,0.7227308060283927,0.7321150098216505,0.7390330843253741,0.746094160460046,0.7503954924364956,0.7603629264133548
202506171355,1,Partner,NonVerbal,0.5,0,2,1,0.0,0,-1,-1,0,1,1,EN,,,,,,,,,0.0,1.0,-1,0,1,2950,0.5,0.5,0.5179676395665876,0.5970323892092938,0.6702847708063575,0.6858649451745379,0.6900650798348975,0.6965236858580567,0.700907967437537,0.7081642277132569,0.717980046371819
202506171355,2,Partner,NonVerbal,0.5,1,2,1,0.0,0,1,1,0,0,1,EN,,,,,,,,,1.0,0.0,-1,1,1,2951,0.5,0.5,0.47898326265104735,0.39525634583851754,0.4088833711871474,0.4532442468339263,0.5192744915565635,0.5986064585434411,0.6288067652488831,0.5693819650319926,0.5591663238381861
202506171355,3,Partner,NonVerbal,0.5,0,2,1,0.5,0,-1,-1,0,0,0,EN,,,,,,,,,0.0,1.0,-1,1,1,2952,0.5,0.5,0.4594104087230563,0.37081892907624064,0.29906933868409574,0.2832912536757173,0.2991871446794826,0.320069018614697,0.3325476528994719,0.35366494685984984,0.3698649731989532
202506171355,6,Partner,NonVerbal,0.5,1,2,1,1.0,0,-1,-1,0,0,0,EN,,,,,,,,,0.0,1.0,-1,1,1,2953,0.5,0.5,0.4583210934186078,0.42095975120341395,0.35352766866573704,0.31472717545784523,0.4432173317071891,0.4812817681178894,0.4774630002008635,0.5051381220717257,0.5193764388680929
202506171355,9,Partner,NonVerbal,0.5,0,2,1,0.5,1,-1,-1,0,0,0,EN,,,,,,,,,0.0,1.0,-1,1,1,2954,0.5,0.5,0.45939255752983427,0.4227498693210872,0.4062992901285746,0.40165639329611885,0.402373581900454,0.402224815402104,0.3578955583151189,0.29667695371223146,0.27511724433962803
202506171355,10,Partner,NonVerbal,0.5,1,2,1,0.5,1,-1,-1,0,1,1,EN,,,,,,,,,0.0,1.0,-1,0,1,2955,0.5,0.5,0.5125533434474042,0.5379681122454171,0.6142612893623465,0.683203053495967,0.7073228128210264,0.6980711711758514,0.6852608602943427,0.6890603050251574,0.680470632566821
202506171355,12,Partner,NonVerbal,0.5,1,2,1,1.0,1,-1,-1,0,1,1,EN,,,,,,,,,0.0,1.0,-1,0,1,2956,0.5,0.5,0.5437961818549785,0.5836568605974125,0.6418575663922717,0.7113738485108817,0.7427253144960057,0.7474820817411925,0.7468122201974129,0.7468799998694977,0.7250845908700586
202506171355,14,Adversary,NonVerbal,0.5,1,2,1,0.0,0,-1,1,0,1,0,EN,,,,,,,,,0.0,1.0,-1,1,1,2957,0.5,0.5,0.5004251433337269,0.3662514189503597,0.3134540419255703,0.19795004292146953,0.14007678816696467,0.35210227819975953,0.16145568873590166,0.31128277079222,0.40421305212760517
202506171355,16,Adversary,NonVerbal,0.5,1,2,1,0.5,0,-1,1,0,1,0,EN,,,,,,,,,0.0,1.0,1,0,1,2958,0.5,0.5,0.5000454007788253,0.47698877395841716,0.40823508312822243,0.3513804707151018,0.3459494149519924,0.4216877563817148,0.549608370240399,0.48428076495096417,0.47707137725581844
202506171355,21,Adversary,NonVerbal,0.5,0,2,1,0.5,1,1,-1,0,1,1,EN,,,,,,,,,1.0,0.0,-1,0,1,2959,0.5,0.5,0.5038665541937166,0.5081479196199592,0.5960601991835345,0.6854723719178952,0.7209831482527906,0.7116744086634396,0.710731423536096,0.7016312108041939,0.6556757133464519
202506171355,23,Adversary,NonVerbal,0.5,0,2,1,1.0,1,1,-1,0,0,0,EN,,,,,,,,,1.0,0.0,-1,1,1,2960,0.5,0.5,0.4897419601801289,0.48074622504017916,0.3862794726986956,0.3407452961469387,0.3221763166370134,0.46859311543839643,0.6311258709193511,0.4180296374469426,0.32096465918495537
202506171355,24,Adversary,NonVerbal,0.5,1,2,1,1.0,1,1,-1,0,1,1,EN,,,,,,,,,1.0,0.0,-1,0,1,2961,0.5,0.5,0.5054535544942108,0.5361250515365683,0.5650593401971052,0.6046755171597904,0.6269866818948331,0.6265737548001773,0.5892313452855332,0.5508970748904781,0.5459693902750564
202506171355,25,Partner,NonVerbal,0.5,0,2,1,0.0,0,1,1,1,1,1,EN,,,,,,,,,1.0,0.0,-1,0,1,2962,0.5,0.5,0.5181826280325854,0.537277388120302,0.5893467535048904,0.6209102041387898,0.6211277437283372,0.6075895200429063,0.612896358888756,0.6368787123207863,0.6358122273906547
202506171355,26,Partner,NonVerbal,0.5,1,2,1,0.0,0,1,1,1,1,1,EN,,,,,,,,,1.0,0.0,-1,1,1,2963,0.5,0.5,0.5223309506688185,0.6018179016871057,0.6910361377389559,0.7200048384510974,0.7242188782373742,0.7162128932753087,0.7428263934674968,0.7712568567713315,0.6662743180950269
202506171355,27,Partner,NonVerbal,0.5,0,2,1,0.5,0,1,1,1,1,1,EN,,,,,,,,,1.0,0.0,-1,0,1,2964,0.5,0.5,0.543100040706574,0.5821517795461002,0.6538086916478294,0.7006810901928022,0.6937970694552028,0.6887506907118942,0.6967856183863116,0.7015809126005824,0.6891049604185524
202506171355,28,Partner,NonVerbal,0.5,1,2,1,0.5,0,1,1,1,0,0,EN,,,,,,,,,1.0,0.0,-1,1,1,2965,0.5,0.5,0.45866547272153346,0.39343790811132173,0.3313268036318985,0.3017662314837488,0.30172614834807854,0.3057807938218617,0.3536540651084007,0.401263803585563,0.35737459772437297
202506171355,29,Partner,NonVerbal,0.5,0,2,1,1.0,0,1,1,1,1,1,EN,,,,,,,,,1.0,0.0,-1,0,1,2966,0.5,0.5,0.5438245051599715,0.6325415726548629,0.7140237825925868,0.7424218148212108,0.7425814126535902,0.6698316794324378,0.6875191804829892,0.7204965096924386,0.578934304408884
202506171355,30,Partner,NonVerbal,0.5,1,2,1,1.0,0,1,1,1,0,0,EN,,,,,,,,,1.0,0.0,-1,1,1,2967,0.5,0.5,0.4584552683528767,0.42124589885352626,0.39048622799327687,0.37813242179999773,0.38476101077646846,0.38745521608490674,0.3887374262759717,0.3895583553357657,0.3900401180957948
202506171355,31,Partner,NonVerbal,0.5,0,2,1,0.0,1,1,1,1,0,0,EN,,,,,,,,,1.0,0.0,-1,1,1,2968,0.5,0.5,0.4826919187785011,0.46539364124282373,0.4345915163440051,0.4202105218643151,0.4112974343582697,0.4180188921948259,0.44638257288974925,0.4454714651798491,0.44416109001706333
202506171355,33,Partner,NonVerbal,0.5,0,2,1,0.5,1,1,1,1,0,0,EN,,,,,,,,,1.0,0.0,-1,1,1,2969,0.5,0.5,0.45908121935519663,0.4222732102527928,0.3979058089705469,0.3850913006020433,0.38509339751870714,0.38607321042673787,0.3850972577769473,0.3821410599347472,0.378402169580635
202506171355,35,Partner,NonVerbal,0.5,0,2,1,1.0,1,1,1,1,0,0,EN,,,,,,,,,1.0,0.0,-1,1,1,2970,0.5,0.5,0.4572182179399331,0.4193166437963351,0.36185353636722434,0.3305129865601579,0.3354463981099079,0.35792907218111014,0.3833831719243356,0.3916485161494694,0.3943519483468595
202506171355,36,Partner,NonVerbal,0.5,1,2,1,1.0,1,1,1,1,0,0,EN,,,,,,,,,1.0,0.0,-1,1,1,2971,0.5,0.5,0.4578380474283333,0.3651200270141809,0.2903345870405867,0.2449928297627533,0.2304809680618219,0.2612583490185242,0.28549537005231385,0.27980519508083734,0.27201776135832206
202506171355,37,Adversary,NonVerbal,0.5,0,2,1,0.0,0,-1,1,1,1,1,EN,,,,,,,,,0.0,1.0,-1,0,1,2972,0.5,0.5,0.5007412854588645,0.5015691373257197,0.5509905255864058,0.5794867244818123,0.6423594791163262,0.6460038993213758,0.6131907324816104,0.5508558216492021,0.47640951508827706
202506171355,39,Adversary,NonVerbal,0.5,0,2,1,0.5,0,-1,1,1,1,1,EN,,,,,,,,,0.0,1.0,-1,0,1,2973,0.5,0.5,0.5039779402461594,0.5883445173337022,0.6702859351183365,0.6925196051865101,0.6786605862878441,0.6290723161551737,0.5572445942070975,0.47752396891416904,0.46975766618437265
202506171355,40,Adversary,NonVerbal,0.5,1,2,1,0.5,0,1,-1,1,1,0,EN,,,,,,,,,1.0,0.0,-1,0,1,2974,0.5,0.5,0.500016031066211,0.4766434628421774,0.45617104729520985,0.4769785217312583,0.570761488142905,0.6776211287925175,0.7077206543063936,0.6228059689175808,0.44340805817392137
202506171355,42,Adversary,NonVerbal,0.5,1,2,1,1.0,0,-1,1,1,1,1,EN,,,,,,,,,0.0,1.0,-1,0,1,2975,0.5,0.5,0.5000362413615699,0.5036807858075406,0.5795547457458071,0.6286477508776009,0.6305476865874391,0.6326147682637083,0.6285323199562541,0.6244752625621028,0.5973981245481733
202506171355,44,Adversary,NonVerbal,0.5,1,2,1,0.0,1,-1,1,1,1,1,EN,,,,,,,,,0.0,1.0,-1,1,1,2976,0.5,0.5,0.5000037400709796,0.4767963696985897,0.4202208644791991,0.37501354375748736,0.390495052549726,0.5099167558606716,0.6141211679795187,0.5490427662516714,0.6158370680579581
202506171355,46,Adversary,NonVerbal,0.5,1,2,1,0.5,1,-1,1,1,1,1,EN,,,,,,,,,0.0,1.0,-1,1,1,2977,0.5,0.5,0.50212733346523,0.41905764989599725,0.3567342661386216,0.4037035713902905,0.3744689558615393,0.5294970809010813,0.631683884870866,0.6272061244079801,0.60562507520005
202506171355,47,Adversary,NonVerbal,0.5,0,2,1,1.0,1,-1,1,1,0,0,EN,,,,,,,,,0.0,1.0,-1,1,1,2978,0.5,0.5,0.48968821589501493,0.4804873661336433,0.4004501606382466,0.35939429970909037,0.389407307353087,0.4484817923524214,0.5223436097656579,0.5323988328992204,0.5380184230709032
202506171355,48,Adversary,NonVerbal,0.5,1,2,1,1.0,1,1,-1,1,0,1,EN,,,,,,,,,1.0,0.0,-1,1,1,2979,0.5,0.5,0.4948429459575275,0.48611652805247624,0.4066298016093545,0.4753678897111577,0.5185760489377196,0.7483210181278771,0.8437261802086361,0.7802118106344403,0.5771166466688814
202506171355,50,Partner,NonVerbal,0.5,1,2,1,0.0,0,1,1,1,1,1,EN,,,,,,,,,1.0,0.0,-1,0,1,2980,0.5,0.5,0.5227490004061405,0.6019511542423747,0.6881622087095971,0.7156525985564607,0.7201456118999796,0.7092050823491748,0.7059686130306865,0.7091035581069497,0.7133463860578553
202506171355,51,Partner,NonVerbal,0.5,0,2,1,0.5,0,1,1,1,1,1,EN,,,,,,,,,1.0,0.0,-1,0,1,2981,0.5,0.5,0.5432564020447159,0.5823332379872322,0.6306531758817847,0.660818763977151,0.7023633223690626,0.7332867599840975,0.7294141991637454,0.7073420466265562,0.6733631204147581
202506171355,52,Partner,NonVerbal,0.5,1,2,1,0.5,0,1,1,1,1,1,EN,,,,,,,,,1.0,0.0,-1,0,1,2982,0.5,0.5,0.5436175565473861,0.6152112069434672,0.6784920721852635,0.7276983806280813,0.7489162612058621,0.7692990683541602,0.7920717613663678,0.7991578414749894,0.8000809774997943
202506171355,53,Partner,NonVerbal,0.5,0,2,1,1.0,0,1,1,1,1,1,EN,,,,,,,,,1.0,0.0,-1,1,1,2983,0.5,0.5,0.5440089358448388,0.6349408671467984,0.7090848853499472,0.7311964208934159,0.7301192285465404,0.7227468231905853,0.7057516797152367,0.709273221571173,0.7082025809258593
202506171355,54,Partner,NonVerbal,0.5,1,2,1,1.0,0,1,1,1,0,0,EN,,,,,,,,,1.0,0.0,-1,1,1,2984,0.5,0.5,0.45786965931747897,0.3655973725909623,0.2941790921597102,0.2586757564907846,0.24066736028350208,0.23460619077904077,0.2306905169738225,0.22542289824500594,0.20738437004771298
202506171355,55,Partner,NonVerbal,0.5,0,2,1,0.0,1,1,1,1,1,1,EN,,,,,,,,,1.0,0.0,-1,0,1,2985,0.5,0.5,0.5183489750672287,0.5373742642569577,0.6181695002119387,0.666238295413289,0.6679593899652992,0.6247720926924851,0.6533510952084326,0.6629250973447903,0.6734480671179165
202506171355,56,Partner,NonVerbal,0.5,1,2,1,0.0,1,1,1,1,0,0,EN,,,,,,,,,1.0,0.0,-1,1,1,2986,0.5,0.5,0.4790477637380594,0.44610160442012825,0.3791175270670512,0.4341340363147301,0.3867499941468828,0.3894371111198062,0.39020816266193503,0.3906840137439055,0.4071676531887977
202506171641,1,Partner,NonVerbal,0.5,0,2,1,0.0,0,-1,-1,0,1,1,EN,,,,,,,,,0.0,1.0,1,1,1,2987,0.5,0.5,0.5185140785946181,0.5377082416870259,0.5844360342779055,0.610229734075741,0.6114487490592404,0.6112693403215662,0.612159705492062,0.6188619879776268,0.6379067826730997
202506171641,2,Partner,NonVerbal,0.5,1,2,1,0.0,0,-1,-1,0,0,0,EN,,,,,,,,,0.0,1.0,1,1,1,2988,0.5,0.5,0.4788030755827264,0.42270627879800404,0.33562034780442834,0.2964920778544955,0.29158103220036574,0.28514834106900316,0.2842310883808906,0.278884712766952,0.27182093955754727
202506171641,3,Partner,NonVerbal,0.5,0,2,1,0.5,0,-1,-1,0,1,1,EN,,,,,,,,,0.0,1.0,-1,1,1,2989,0.5,0.5,0.5432572459816437,0.5823703487892286,0.6482399991057711,0.6890477970021691,0.6962193955370314,0.68192220988242,0.6573806481367358,0.679067050499046,0.6939352115078393
202506171641,4,Partner,NonVerbal,0.5,1,2,1,0.5,0,-1,-1,0,0,0,EN,,,,,,,,,0.0,1.0,1,1,1,2990,0.5,0.5,0.4576692117616733,0.41995261641751175,0.357200366109299,0.31459012220687943,0.3080287102592399,0.3013432129278272,0.2745839223702136,0.22876774829236504,0.1950526773990082
202506171641,6,Partner,NonVerbal,0.5,1,2,1,1.0,0,-1,-1,0,0,0,EN,,,,,,,,,0.0,1.0,1,1,1,2991,0.5,0.5,0.45780706498936785,0.4202188694999713,0.3477855226074797,0.27293008042892614,0.23294618094916245,0.21003932080595045,0.19653225684996622,0.186009782120966,0.1815216860619849
202506171641,7,Partner,NonVerbal,0.5,0,2,1,0.0,1,-1,-1,0,1,1,EN,,,,,,,,,0.0,1.0,1,1,1,2992,0.5,0.5,0.518288793617063,0.597965442239082,0.6868777339738281,0.7131476889914522,0.691372560772351,0.6751148168747682,0.6824983899660292,0.6895601032279755,0.7032970362945895
202506171641,9,Partner,NonVerbal,0.5,0,2,1,0.5,1,-1,-1,0,1,1,EN,,,,,,,,,0.0,1.0,1,1,1,2993,0.5,0.5,0.5430577097131587,0.6331082497471407,0.6948690439187085,0.7086893830915741,0.7089738277827169,0.6979294115389173,0.6960182344535785,0.7113082742072213,0.7244315807292676
202506171641,10,Partner,NonVerbal,0.5,1,2,1,0.5,1,-1,-1,0,1,1,EN,,,,,,,,,0.0,1.0,1,1,1,2994,0.5,0.5,0.5442765882840305,0.6350007015663014,0.7071988307222639,0.7299521110933921,0.734322688652272,0.7318629728847396,0.7358495672267129,0.738744947805329,0.6819864067457254
202506171641,11,Partner,NonVerbal,0.5,0,2,1,1.0,1,-1,-1,0,0,0,EN,,,,,,,,,0.0,1.0,1,1,1,2995,0.5,0.5,0.45780047133695556,0.36704088713409316,0.3097888006265881,0.3039855709013328,0.308409277500551,0.3090434220263063,0.35307350606986787,0.39036241229083,0.39302416300363086
202506171641,12,Partner,NonVerbal,0.5,1,2,1,1.0,1,-1,-1,0,0,0,EN,,,,,,,,,0.0,1.0,1,1,1,2996,0.5,0.5,0.48002090820496646,0.3916157771116447,0.31921535476651075,0.2947399264518881,0.2867339155849194,0.28317922950189794,0.27391522389562845,0.25708971424065785,0.24747702769579077
202506171641,13,Adversary,NonVerbal,0.5,0,2,1,0.0,0,1,-1,0,1,1,EN,,,,,,,,,1.0,0.0,-1,1,1,2997,0.5,0.5,0.5007377094318957,0.5368577447005767,0.6593780359874031,0.7064645915481472,0.5438797625058802,0.37001254284092633,0.5083754507332526,0.5681868013640271,0.5291407251609346
202506171641,14,Adversary,NonVerbal,0.5,1,2,1,0.0,0,1,-1,0,1,1,EN,,,,,,,,,1.0,0.0,1,1,1,2998,0.5,0.5,0.5003919977684264,0.47716108134473967,0.4074574587033794,0.3591175665316043,0.492946272424235,0.6199504501208294,0.5816741059892038,0.6428410395217841,0.6340948686231291
202506171641,15,Adversary,NonVerbal,0.5,0,2,1,0.5,0,1,-1,0,0,0,EN,,,,,,,,,1.0,0.0,-1,1,1,2999,0.5,0.5,0.496421151908368,0.4930713603546085,0.4062064506066468,0.35192934906365086,0.37687162712062344,0.39305769398269036,0.40561478814541546,0.38054804412647053,0.316536158372531
202506171641,16,Adversary,NonVerbal,0.5,1,2,1,0.5,0,-1,1,0,1,0,EN,,,,,,,,,0.0,1.0,1,1,1,3000,0.5,0.5,0.5000370991211234,0.36387360850957007,0.28302342744699754,0.17528845361567555,0.07788631944549959,0.2466748055779229,0.3241349795081584,0.41235209101852205,0.45286929928095043
202506171641,17,Adversary,NonVerbal,0.5,0,2,1,1.0,0,1,-1,0,0,0,EN,,,,,,,,,1.0,0.0,1,1,1,3001,0.5,0.5,0.4899454580078748,0.4130945819115991,0.3315527015967097,0.30867014712945756,0.32834972578090715,0.3123172555861912,0.2932400427759531,0.2716536271480665,0.2670733648310934
202506171641,18,Adversary,NonVerbal,0.5,1,2,1,1.0,0,1,-1,0,1,1,EN,,,,,,,,,1.0,0.0,1,1,1,3002,0.5,0.5,0.5062717884547868,0.5893102955783925,0.6813756925995895,0.7033024797742018,0.7105280302918894,0.7205755802872843,0.7139027305654442,0.7261885154375707,0.7280042172352796
202506171641,20,Adversary,NonVerbal,0.5,1,2,1,0.0,1,-1,1,0,0,1,EN,,,,,,,,,0.0,1.0,1,1,1,3003,0.5,0.5,0.4996855277073467,0.5209722624362051,0.537558796080871,0.7067935611450101,0.6157741145438129,0.5719343676940668,0.5452884835275316,0.7128218059566765,0.7046398215632648
202506171641,22,Adversary,NonVerbal,0.5,1,2,1,0.5,1,-1,1,0,1,0,EN,,,,,,,,,0.0,1.0,1,1,1,3004,0.5,0.5,0.5021321069734326,0.37023374272278575,0.2968929654678611,0.4023978818355668,0.2973283762961306,0.3569332473589342,0.27344583555112156,0.16100056204560978,0.1016063541306792
202506171641,23,Adversary,NonVerbal,0.5,0,2,1,1.0,1,1,-1,0,1,1,EN,,,,,,,,,1.0,0.0,1,1,1,3005,0.5,0.5,0.5110871670074798,0.5937579243533503,0.6837394314387091,0.6937681812588046,0.7038087442377154,0.7087250780525022,0.7042850521559411,0.73845441554503,0.7352481740311227
202506171641,24,Adversary,NonVerbal,0.5,1,2,1,1.0,1,1,-1,0,0,0,EN,,,,,,,,,1.0,0.0,1,1,1,3006,0.5,0.5,0.49517863743317597,0.4687973522969,0.39823294311652047,0.46729530694277743,0.4535984815170231,0.46099774841679525,0.42272281641182946,0.42889758894378277,0.5691702205485059
202506171641,25,Partner,NonVerbal,0.5,0,2,1,0.0,0,1,1,1,0,0,EN,,,,,,,,,1.0,0.0,1,1,1,3007,0.5,0.5,0.4826499146144365,0.4045880707743846,0.31530822148283466,0.2921995531400817,0.29812770477639317,0.3004743278392732,0.333835428092237,0.40910134739619336,0.42656494396708694
202506171641,27,Partner,NonVerbal,0.5,0,2,1,0.5,0,1,1,1,0,0,EN,,,,,,,,,1.0,0.0,1,1,1,3008,0.5,0.5,0.4585395709900772,0.4215712493595849,0.35713491253543683,0.3192577995416512,0.32230527326409103,0.32331041985116277,0.3384042805632621,0.3637376136643918,0.3750350233597614
202506171641,28,Partner,NonVerbal,0.5,1,2,1,0.5,0,1,1,1,0,0,EN,,,,,,,,,1.0,0.0,-1,1,1,3009,0.5,0.5,0.45853571927079906,0.36991900642652875,0.44550949599330286,0.38460557616880253,0.4173213635795168,0.45049051485155267,0.4674193305376644,0.47115850007327426,0.4707206295547614
202506171641,29,Partner,NonVerbal,0.5,0,2,1,1.0,0,1,1,1,1,1,EN,,,,,,,,,1.0,0.0,-1,1,1,3010,0.5,0.5,0.5440121964809661,0.6347459848856495,0.6975954784438833,0.7117711088505384,0.7093986707051954,0.7076957010514937,0.7066055120376941,0.7058884979122523,0.6637483453407341
202506171641,30,Partner,NonVerbal,0.5,1,2,1,1.0,0,1,1,1,0,0,EN,,,,,,,,,1.0,0.0,1,1,1,3011,0.5,0.5,0.4904649512251922,0.4667376071368085,0.38384291771690027,0.30209614023032977,0.2502820180684421,0.23094249499601385,0.23288936924297715,0.2345486637401477,0.2365560391522272
202506171641,31,Partner,NonVerbal,0.5,0,2,1,0.0,1,1,1,1,0,0,EN,,,,,,,,,1.0,0.0,1,1,1,3012,0.5,0.5,0.4826515485874795,0.46543381024851604,0.400077670422559,0.3642896736938384,0.3255029862636147,0.29372835275299036,0.2945714779181155,0.29498901336059596,0.2783313096753227
202506171641,32,Partner,NonVerbal,0.5,1,2,1,0.0,1,1,1,1,0,0,EN,,,,,,,,,1.0,0.0,1,1,1,3013,0.5,0.5,0.4788757375946634,0.4253918101508919,0.3505742863863103,0.3184113681582965,0.3127964701167097,0.31354830869811684,0.3097754294461276,0.3214759724165824,0.31660495748779804
202506171641,34,Partner,NonVerbal,0.5,1,2,1,0.5,1,1,1,1,0,0,EN,,,,,,,,,1.0,0.0,-1,1,1,3014,0.5,0.5,0.4584089969039125,0.390562043320787,0.32232359221384277,0.2842424921907763,0.27151108074972463,0.2787843645375082,0.27502612621561984,0.26865550402041916,0.35653623141315166
202506171641,35,Partner,NonVerbal,0.5,0,2,1,1.0,1,1,1,1,0,0,EN,,,,,,,,,1.0,0.0,1,1,1,3015,0.5,0.5,0.4576089186417207,0.365979698462563,0.28687052423813486,0.27011561329256917,0.2909413350617641,0.3368957065192965,0.3930809102923833,0.42328415505872286,0.4395981827192697
202506171641,36,Partner,NonVerbal,0.5,1,2,1,1.0,1,1,1,1,0,0,EN,,,,,,,,,1.0,0.0,-1,1,1,3016,0.5,0.5,0.4587232055537584,0.3779526686644814,0.2917100363795299,0.2570159683548443,0.2413209684724584,0.22842118776650336,0.22457346196445258,0.22465992539841534,0.2532597027348484
202506171641,37,Adversary,NonVerbal,0.5,0,2,1,0.0,0,0,0,1,1,-1,EN,,,,,,,,,0.0,0.0,-1,1,1,3017,0.5,0.5,0.5007661683652563,0.5380467539657868,0.6452193520348576,0.6941147130092313,0.6970825933182397,0.6449702863912075,0.5674959750019233,0.48327101791381694,0.41780844951213525
202506171641,38,Adversary,NonVerbal,0.5,1,2,1,0.0,0,1,-1,1,1,0,EN,,,,,,,,,1.0,0.0,1,1,1,3018,0.5,0.5,0.500405161935174,0.476353845072339,0.4605087890454848,0.38970167487486373,0.20943203393812823,0.3519702519883491,0.39630983816074056,0.4503889301935273,0.3122856746811788
202506171641,40,Adversary,NonVerbal,0.5,1,2,1,0.5,0,1,-1,1,1,0,EN,,,,,,,,,1.0,0.0,1,0,1,3019,0.5,0.5,0.5021358593282781,0.4126548310654446,0.3512951455755041,0.3135156351388752,0.18334462715636254,0.16398843994438217,0.32595887446151883,0.4078479942118541,0.4596140952381741
202506171641,41,Adversary,NonVerbal,0.5,0,2,1,1.0,0,-1,1,1,0,0,EN,,,,,,,,,0.0,1.0,1,1,1,3020,0.5,0.5,0.4899256093160213,0.4078348923148232,0.3179605872599276,0.3140236175956147,0.26407646134418844,0.23131366681667295,0.41321613829143283,0.6110063253547473,0.5661763442002583
202506171641,44,Adversary,NonVerbal,0.5,1,2,1,0.0,1,1,-1,1,1,0,EN,,,,,,,,,1.0,0.0,-1,1,1,3021,0.5,0.5,0.5003843761426852,0.36938196151273756,0.3012231633217975,0.26104209634523795,0.3090052501466983,0.4594009368260755,0.4167378760863188,0.4747433101126942,0.45772721133662786
202506171641,45,Adversary,NonVerbal,0.5,0,2,1,0.5,1,-1,1,1,1,1,EN,,,,,,,,,0.0,1.0,1,0,1,3022,0.5,0.5,0.503945039854618,0.508216618250222,0.5535838259846692,0.5768112173252758,0.6329212216267572,0.6343028537371593,0.59753044331386,0.5363421880194512,0.4649952098025746
202506171641,46,Adversary,NonVerbal,0.5,1,2,1,0.5,1,1,-1,1,0,1,EN,,,,,,,,,1.0,0.0,1,1,1,3023,0.5,0.5,0.5000162946145448,0.521782700977463,0.5303769724431912,0.6454887034286293,0.6182037211699271,0.5976998564873838,0.5474165000493411,0.5257830964603549,0.5053619383679172
202506171641,48,Adversary,NonVerbal,0.5,1,2,1,1.0,1,-1,1,1,1,1,EN,,,,,,,,,0.0,1.0,1,1,1,3024,0.5,0.5,0.5054068302638599,0.5883812279379079,0.6895196124662716,0.7213643674635292,0.7155191635345304,0.6918512520884015,0.6761085096028477,0.6572647175196757,0.6382651638573205
202506171641,49,Partner,NonVerbal,0.5,0,2,1,0.0,0,1,1,1,0,0,EN,,,,,,,,,1.0,0.0,-1,1,1,3025,0.5,0.5,0.482446274080147,0.3995081165290298,0.3014299132849009,0.27500672075636184,0.28050330230430354,0.3094463915662722,0.3623965424841695,0.40922135744023175,0.4269413311374905
202506171641,50,Partner,NonVerbal,0.5,1,2,1,0.0,0,1,1,1,1,1,EN,,,,,,,,,1.0,0.0,1,1,1,3026,0.5,0.5,0.5215443581992681,0.6045473936812893,0.6668399256534132,0.6743444017763947,0.6805785469763279,0.6735983976231934,0.6880932627032819,0.6889249771257743,0.6735165164968904
202506171641,51,Partner,NonVerbal,0.5,0,2,1,0.5,0,1,1,1,0,0,EN,,,,,,,,,1.0,0.0,1,1,1,3027,0.5,0.5,0.4589374798636501,0.3669120388234632,0.28350367335887283,0.2624170718816942,0.2749729986843321,0.280798771096655,0.2809360491848674,0.2969751413948716,0.31196258291401463
202506171641,52,Partner,NonVerbal,0.5,1,2,1,0.5,0,1,1,1,0,0,EN,,,,,,,,,1.0,0.0,-1,1,1,3028,0.5,0.5,0.4586831136354611,0.41122162485645564,0.3579737330790499,0.3323678735992462,0.3360563223730221,0.3382971618229226,0.34135686155418565,0.3492568127493193,0.3550916550794597
202506171641,53,Partner,NonVerbal,0.5,0,2,1,1.0,0,1,1,1,1,1,EN,,,,,,,,,1.0,0.0,1,1,1,3029,0.5,0.5,0.5441862583041556,0.5839035185266516,0.6442657413063599,0.6817456354257216,0.682469879310947,0.6775084236205688,0.6718111753054945,0.6714086456962791,0.6710738785859589
202506171641,55,Partner,NonVerbal,0.5,0,2,1,0.0,1,1,1,1,1,1,EN,,,,,,,,,1.0,0.0,1,1,1,3030,0.5,0.5,0.5184063431636692,0.6009627670876311,0.6794991249339868,0.6965688233468698,0.6983063092636004,0.6938219390503018,0.695213489990628,0.7036663194805978,0.7030164330892226
202506171641,57,Partner,NonVerbal,0.5,0,2,1,0.5,1,1,1,1,0,0,EN,,,,,,,,,1.0,0.0,1,1,1,3031,0.5,0.5,0.45807208257409676,0.42090740931928244,0.361444313951448,0.3241546065791612,0.3484323921682075,0.41749119592803946,0.45806479711159326,0.470516377180869,0.4711134550726131
202506171641,58,Partner,NonVerbal,0.5,1,2,1,0.5,1,1,1,1,0,0,EN,,,,,,,,,1.0,0.0,1,1,1,3032,0.5,0.5,0.45848474900398006,0.39289764906690583,0.3326242451738768,0.4150328542981565,0.3670231579312319,0.3723058626085734,0.3724514281376424,0.4375820721509482,0.4704094918773966
202506171641,59,Partner,NonVerbal,0.5,0,2,1,1.0,1,1,1,1,0,0,EN,,,,,,,,,1.0,0.0,-1,1,1,3033,0.5,0.5,0.457399389378266,0.36660264809282916,0.323264955594333,0.315993191434284,0.2960935084973891,0.28319002131192084,0.2798868672485549,0.2786062967213016,0.2741038187777765
202506171641,60,Partner,NonVerbal,0.5,1,2,1,1.0,1,1,1,1,1,1,EN,,,,,,,,,1.0,0.0,-1,1,1,3034,0.5,0.5,0.5441113935841231,0.6135285892982282,0.6809665934123179,0.6629244781307112,0.5826808866348487,0.5384229038922055,0.5219189376120654,0.5143704604187943,0.49185053847467974
202506171641,62,Adversary,NonVerbal,0.5,1,2,1,0.0,0,-1,1,1,0,0,EN,,,,,,,,,0.0,1.0,1,1,1,3035,0.5,0.5,0.4997728548838772,0.521410065154432,0.5657004905065397,0.5836063553807646,0.5535806125785736,0.4282145885269611,0.4988322808492283,0.47896657098413664,0.466930586558012
202506171641,63,Adversary,NonVerbal,0.5,0,2,1,0.5,0,-1,1,1,1,1,EN,,,,,,,,,0.0,1.0,1,1,1,3036,0.5,0.5,0.5040444046581842,0.508381146698879,0.5640768693626357,0.6281302189633651,0.5067894840543226,0.35490955302261923,0.4914931299618141,0.5299331799462766,0.6037558991778152
202506171641,64,Adversary,NonVerbal,0.5,1,2,1,0.5,0,1,-1,1,0,1,EN,,,,,,,,,1.0,0.0,1,1,1,3037,0.5,0.5,0.4983471328601374,0.6337578337047779,0.8218879449514974,0.7395727227072036,0.7237196632945652,0.695989308182801,0.6020037389135892,0.5954482804298775,0.5665855549036777
202506171641,65,Adversary,NonVerbal,0.5,0,2,1,1.0,0,-1,1,1,0,0,EN,,,,,,,,,0.0,1.0,1,1,1,3038,0.5,0.5,0.48994602595562337,0.4810097704008752,0.41404540887587876,0.3918169638154262,0.34696816751525933,0.35281621526185936,0.3416266101265914,0.32315129985988633,0.36946832487916936
202506171641,66,Adversary,NonVerbal,0.5,1,2,1,1.0,0,-1,1,1,0,0,EN,,,,,,,,,0.0,1.0,1,1,1,3039,0.5,0.5,0.49912802462453293,0.490523303855008,0.4052343819397009,0.31655619801828544,0.29322431185665754,0.2832943565741236,0.36499715321145043,0.47834231184519,0.5326086436600963
202506171641,68,Adversary,NonVerbal,0.5,1,2,1,0.0,1,1,-1,1,1,0,EN,,,,,,,,,1.0,0.0,1,1,1,3040,0.5,0.5,0.50041488242896,0.36888916304042113,0.3089772771936054,0.3165771841862138,0.19829797321253562,0.18398049737900787,0.24028869135489528,0.2890015457357681,0.4138941766915612
202506171641,69,Adversary,NonVerbal,0.5,0,2,1,0.5,1,-1,1,1,1,1,EN,,,,,,,,,0.0,1.0,1,1,1,3041,0.5,0.5,0.5039779064087161,0.5846861040700994,0.6617260793349581,0.653930741417777,0.6757877100920743,0.6994245194022988,0.5390417645341741,0.3676367982113147,0.4178222832736768
202506171641,70,Adversary,NonVerbal,0.5,1,2,1,0.5,1,1,-1,1,0,1,EN,,,,,,,,,1.0,0.0,-1,1,1,3042,0.5,0.5,0.4982924027335004,0.6409691104381962,0.8474636768758583,0.9320929247581273,0.7606076026356225,0.6052542148744626,0.6078239035370637,0.7125084714074846,0.6757944481864926
202506171641,71,Adversary,NonVerbal,0.5,0,2,1,1.0,1,-1,1,1,0,0,EN,,,,,,,,,0.0,1.0,1,1,1,3043,0.5,0.5,0.4898191666989896,0.48103172947145456,0.4100113366310591,0.3611097918195,0.36944666959390515,0.4124072734365109,0.47908105428008674,0.5552351196813587,0.5554861730923681
202506171641,72,Adversary,NonVerbal,0.5,1,2,1,1.0,1,-1,1,1,1,1,EN,,,,,,,,,0.0,1.0,1,1,1,3044,0.5,0.5,0.5017754093870108,0.5108975991967752,0.5700866776882069,0.6342927639524266,0.6592644215740803,0.702261210138188,0.7420989489023596,0.7532510917369104,0.7589806763636583
202506171641,73,Partner,NonVerbal,0.5,0,2,1,0.0,0,-1,-1,1,1,0,EN,,,,,,,,,0.0,1.0,-1,0,1,3045,0.5,0.5,0.5183563032187245,0.6013249244889856,0.7002776714674952,0.7323501996849296,0.7321345585589376,0.7268569039362478,0.7213347511320283,0.5628277538646121,0.3986640016467685
202506171641,74,Partner,NonVerbal,0.5,1,2,1,0.0,0,-1,-1,1,0,1,EN,,,,,,,,,0.0,1.0,1,1,1,3046,0.5,0.5,0.4785256419329706,0.45980863532018634,0.3863280012191238,0.3459135592998518,0.44820578616647094,0.46780769732385963,0.5057775988746597,0.514213098210908,0.5188509966845719
202506171641,75,Partner,NonVerbal,0.5,0,2,1,0.5,0,1,1,1,0,0,EN,,,,,,,,,1.0,0.0,1,1,1,3047,0.5,0.5,0.45858004801376956,0.3663271887751119,0.29201281940936336,0.2737561989235695,0.2922222669518417,0.30556367288290864,0.3064702428037839,0.28913665224099694,0.26035898105681565
202506171641,76,Partner,NonVerbal,0.5,1,2,1,0.5,0,1,1,1,1,1,EN,,,,,,,,,1.0,0.0,-1,1,1,3048,0.5,0.5,0.5445068330176266,0.6344725911166204,0.6940004619366366,0.7074081919105555,0.7372542979537889,0.7404993420299772,0.7523728393729503,0.6821936894631541,0.6598973344063352
202506171641,79,Partner,NonVerbal,0.5,0,2,1,0.0,1,1,1,1,0,0,EN,,,,,,,,,1.0,0.0,1,1,1,3049,0.5,0.5,0.4826654627897919,0.4654144610304979,0.41609521127929344,0.3908357727349849,0.40243240056084234,0.41038915808623616,0.4120654724495085,0.4178311164953091,0.42221456396092505
202506171641,80,Partner,NonVerbal,0.5,1,2,1,0.0,1,1,1,1,1,1,EN,,,,,,,,,1.0,0.0,-1,1,1,3050,0.5,0.5,0.5221145364299129,0.6012096333713063,0.67013508333174,0.6846492841556149,0.675102805650994,0.6853689886309919,0.6827919570266145,0.6680919716902776,0.7170282259299525
202506171641,81,Partner,NonVerbal,0.5,0,2,1,0.5,1,1,1,1,1,1,EN,,,,,,,,,1.0,0.0,1,1,1,3051,0.5,0.5,0.5431412257805658,0.5822158203643086,0.6457879958241639,0.6840651382198161,0.6836836522731363,0.6764808182612262,0.6687404458549068,0.6665167040145096,0.6590634401547917
202506171641,82,Partner,NonVerbal,0.5,1,2,1,0.5,1,1,1,1,0,0,EN,,,,,,,,,1.0,0.0,-1,1,1,3052,0.5,0.5,0.4583524695700904,0.3907998394034912,0.3242122769762285,0.29630018185992024,0.2950487033039758,0.29252784277863897,0.28722485971555334,0.2841812115246156,0.28417990576535324
202506171641,83,Partner,NonVerbal,0.5,0,2,1,1.0,1,1,1,1,1,1,EN,,,,,,,,,1.0,0.0,-1,1,1,3053,0.5,0.5,0.5440098106961713,0.5838328037826586,0.6458590039407524,0.683026379058733,0.682546501999045,0.6795441415877523,0.6915095331344069,0.7050399795327669,0.7068490702838572
202506171641,84,Partner,NonVerbal,0.5,1,2,1,1.0,1,1,1,1,1,1,EN,,,,,,,,,1.0,0.0,1,1,1,3054,0.5,0.5,0.5433584380446885,0.582821024752086,0.6241363146187526,0.6510708745537076,0.653981776557825,0.6617619904436628,0.7053472816216307,0.7424494467691125,0.7378434550407921
202506171641,86,Adversary,NonVerbal,0.5,1,2,1,0.0,0,1,-1,1,1,0,EN,,,,,,,,,1.0,0.0,1,1,1,3055,0.5,0.5,0.5000035235820061,0.3647825109117483,0.2882123415665727,0.20714754040949113,0.29805631835334695,0.3674892457859547,0.40195869498732156,0.4612650732110914,0.4533563211129927
202506171641,87,Adversary,NonVerbal,0.5,0,2,1,0.5,0,-1,1,1,0,0,EN,,,,,,,,,0.0,1.0,1,1,1,3056,0.5,0.5,0.49629654252020017,0.4124159147279613,0.31726654502500284,0.27698647945773053,0.4407576584152429,0.621623491405805,0.5754962557476161,0.5406313196407172,0.5225076183156474
202506171641,88,Adversary,NonVerbal,0.5,1,2,1,0.5,0,1,-1,1,0,1,EN,,,,,,,,,1.0,0.0,-1,1,1,3057,0.5,0.5,0.4982640344774711,0.6411365150554624,0.8304883120116671,0.8711415416459047,0.8446441449487759,0.7894002754668097,0.665888081926456,0.511580267386831,0.49410952879239983
202506171641,89,Adversary,NonVerbal,0.5,0,2,1,1.0,0,-1,1,1,0,0,EN,,,,,,,,,0.0,1.0,1,1,1,3058,0.5,0.5,0.4899047478711954,0.4811296366520865,0.3903632837067062,0.33119811934159915,0.33976607064796166,0.38340931055487765,0.33750579353080257,0.38270867066561887,0.3963203318788266
202506171641,90,Adversary,NonVerbal,0.5,1,2,1,1.0,0,-1,1,1,0,0,EN,,,,,,,,,0.0,1.0,1,1,1,3059,0.5,0.5,0.4951785562128927,0.48708313242104406,0.4724575959217807,0.35616165128904287,0.3215497160084865,0.3206380534310073,0.32177369769181796,0.32342452622502366,0.3216662261352252
202506171641,92,Adversary,NonVerbal,0.5,1,2,1,0.0,1,-1,1,1,1,1,EN,,,,,,,,,0.0,1.0,1,1,1,3060,0.5,0.5,0.5003967443037393,0.4764986592905417,0.4151817386756694,0.37838841735106665,0.5048978377745014,0.511476001683288,0.5049769608337535,0.5181025799060573,0.5192804168356662
202506171641,93,Adversary,NonVerbal,0.5,0,2,1,0.5,1,-1,1,1,0,0,EN,,,,,,,,,0.0,1.0,1,1,1,3061,0.5,0.5,0.4964523705030612,0.41551593611349247,0.32901136382369944,0.2818101877219744,0.23923370426170296,0.20510879517223976,0.18979159898002348,0.3975079186216056,0.5204456645382326
202506171641,94,Adversary,NonVerbal,0.5,1,2,1,0.5,1,1,-1,1,0,1,EN,,,,,,,,,1.0,0.0,1,1,1,3062,0.5,0.5,0.49901620585569384,0.5149264056061138,0.5343151647000653,0.6337451929800085,0.6237441142528087,0.4692999034429166,0.46839508980534744,0.5090774205958482,0.5472888909436678
202506171641,95,Adversary,NonVerbal,0.5,0,2,1,1.0,1,-1,1,1,0,0,EN,,,,,,,,,0.0,1.0,1,1,1,3063,0.5,0.5,0.49006228727299334,0.40979530726671204,0.33076824140566435,0.29999379207839044,0.3170177074081347,0.3405210663056211,0.34053374911974016,0.35841443119715094,0.3082838215978177
202506171641,97,Partner,NonVerbal,0.5,0,2,1,0.0,0,1,1,1,0,0,EN,,,,,,,,,1.0,0.0,1,1,1,3064,0.5,0.5,0.48261264473970833,0.46533756306717905,0.3837350756393332,0.337888658978077,0.34064106753855217,0.35651256696496214,0.3293278041589807,0.2921905287814202,0.28907657396756764
202506171641,99,Partner,NonVerbal,0.5,0,2,1,0.5,0,1,1,1,0,0,EN,,,,,,,,,1.0,0.0,-1,1,1,3065,0.5,0.5,0.4584778327570375,0.4215100739951842,0.39830221494357815,0.38690380467769486,0.38258357989652714,0.36855779913931447,0.35217997289167813,0.33921133058242164,0.2951258366237576
202506171641,100,Partner,NonVerbal,0.5,1,2,1,0.5,0,1,1,1,0,0,EN,,,,,,,,,1.0,0.0,-1,1,1,3066,0.5,0.5,0.45809571565169316,0.36643694278014804,0.46098780179731536,0.5123619840830662,0.5897273420178029,0.5135240887989908,0.45432052606902257,0.34590749273930244,0.363023578775211
202506171641,101,Partner,NonVerbal,0.5,0,2,1,1.0,0,1,1,1,0,0,EN,,,,,,,,,1.0,0.0,1,1,1,3067,0.5,0.5,0.4578470731376,0.3673092208075959,0.28578018386729676,0.2630107836696975,0.26901083769816314,0.2730777464941199,0.30228153929002144,0.38391153223147517,0.42593852434397844
202506171641,102,Partner,NonVerbal,0.5,1,2,1,1.0,0,1,1,1,1,1,EN,,,,,,,,,1.0,0.0,1,1,1,3068,0.5,0.5,0.5437566523432852,0.6336417263707089,0.7105302468319384,0.7370540770636443,0.7413462469910752,0.7467266728810305,0.7508377271681665,0.7536617358957486,0.7560610455801281
202506171641,104,Partner,NonVerbal,0.5,1,2,1,0.0,1,1,1,1,1,1,EN,,,,,,,,,1.0,0.0,-1,1,1,3069,0.5,0.5,0.5228579225580771,0.544081724515738,0.5192091467424539,0.553238863673959,0.5441359589311527,0.5433700705866197,0.6109872784585657,0.6621937535920089,0.5342036664354507
202506171641,106,Partner,NonVerbal,0.5,1,2,1,0.5,1,1,1,1,0,0,EN,,,,,,,,,1.0,0.0,1,1,1,3070,0.5,0.5,0.45804249081388554,0.3663629843750515,0.44719654376967116,0.3367247044509685,0.30987563844211985,0.4123054285581554,0.41745489665303753,0.352709979067119,0.32630181310608136
202506171641,107,Partner,NonVerbal,0.5,0,2,1,1.0,1,1,1,1,0,0,EN,,,,,,,,,1.0,0.0,1,1,1,3071,0.5,0.5,0.45781036353892585,0.4201140952946725,0.3587655465511678,0.3239786747219139,0.2903366660332429,0.27946744892372744,0.29373070969351905,0.28964690919629293,0.28760834869116436
202506171641,108,Partner,NonVerbal,0.5,1,2,1,1.0,1,1,1,1,1,1,EN,,,,,,,,,1.0,0.0,-1,1,1,3072,0.5,0.5,0.5443067878152622,0.6337489358224226,0.6987547003953861,0.7174111407119996,0.7193070349848946,0.7236350473647134,0.7327156691460311,0.7399704439510353,0.7634981658266493
202506171641,110,Adversary,NonVerbal,0.5,1,2,1,0.0,0,1,-1,1,1,0,EN,,,,,,,,,1.0,0.0,1,1,1,3073,0.5,0.5,0.5001049979464917,0.3628613569683654,0.2985880598491338,0.2932816660362179,0.19073671136509332,0.13736116669028672,0.1923942213587289,0.2970979798053308,0.36796282159303884
202506171641,112,Adversary,NonVerbal,0.5,1,2,1,0.5,0,1,-1,1,1,0,EN,,,,,,,,,1.0,0.0,1,1,1,3074,0.5,0.5,0.5020826464360014,0.47786548507680815,0.4619498125566279,0.4653486897325273,0.5001233180334425,0.48648247208096124,0.47634758016865947,0.6133823730132089,0.41577417666498934
202506171641,114,Adversary,NonVerbal,0.5,1,2,1,1.0,0,-1,1,1,0,0,EN,,,,,,,,,0.0,1.0,-1,1,1,3075,0.5,0.5,0.49514334423743284,0.46849202150355324,0.37372569152638696,0.324919029732934,0.47647563381523583,0.6355076815075377,0.48022360278337667,0.5169309822639249,0.522910525013868
202506172224,1,Partner,NonVerbal,0.5,0,2,1,0.0,0,-1,-1,0,0,0,EN,,,,,,,,,0.0,1.0,-1,1,1,3076,0.5,0.5,0.48250618772785814,0.40681039132096686,0.309241743607201,0.2816407763625487,0.2970298876465965,0.313316931300805,0.347442101319299,0.3824033619641685,0.39409718571918695
202506172224,3,Partner,NonVerbal,0.5,0,2,1,0.5,0,-1,-1,0,0,0,EN,,,,,,,,,0.0,1.0,-1,1,1,3077,0.5,0.5,0.4591318315099929,0.3667926772732558,0.29305697647250345,0.2742332363911934,0.28074088513023837,0.28424665521931763,0.28461908494958826,0.28536852416109537,0.2854546894862171
202506172224,4,Partner,NonVerbal,0.5,1,2,1,0.5,0,-1,-1,0,0,0,EN,,,,,,,,,0.0,1.0,-1,1,1,3078,0.5,0.5,0.4588557497151631,0.42160973489450354,0.38034525487098186,0.3981384213682921,0.37320814064023616,0.32228881855637825,0.27215367933874124,0.25024829107269775,0.28877330955060254
202506172224,5,Partner,NonVerbal,0.5,0,2,1,1.0,0,-1,-1,0,0,0,EN,,,,,,,,,0.0,1.0,-1,1,1,3079,0.5,0.5,0.45723892505527614,0.419372179360354,0.36983585423987303,0.34253382031180385,0.3469307263813775,0.34797503789522743,0.34882098986025084,0.34931378265124097,0.35065712607706095
202506172224,7,Partner,NonVerbal,0.5,0,2,1,0.0,1,-1,-1,0,0,0,EN,,,,,,,,,0.0,1.0,-1,1,1,3080,0.5,0.5,0.4825096822789876,0.4011258892993417,0.30341481915278573,0.2743527384353091,0.27747898368614965,0.29429704072069984,0.27795445321250645,0.29963014582709824,0.35745089956436826
202506172224,8,Partner,NonVerbal,0.5,1,2,1,0.0,1,0,0,0,0,-1,EN,,,,,,,,,0.0,0.0,-1,1,1,3081,0.5,0.5,0.5004066198080249,0.4458993879391459,0.3526831357121199,0.36257204122558295,0.4155798534727664,0.568490942902905,0.5072113712666962,0.5766177475576633,0.6586402239372419
202506172224,10,Partner,NonVerbal,0.5,1,2,1,0.5,1,-1,-1,0,0,0,EN,,,,,,,,,0.0,1.0,-1,1,1,3082,0.5,0.5,0.5003547521801666,0.48578428675533347,0.4573839326611057,0.44893731440177803,0.5669212744965256,0.42419055426364954,0.4019939663226679,0.3994152676627816,0.5401994305886454
202506172224,12,Partner,NonVerbal,0.5,1,2,1,1.0,1,-1,-1,0,1,1,EN,,,,,,,,,0.0,1.0,-1,0,1,3083,0.5,0.5,0.5117970522929554,0.5980090463907592,0.6779010340295565,0.7319379157337295,0.7757402653683733,0.8054161682031427,0.8195638965909237,0.8228244074154398,0.8267059239528369
202506172224,13,Adversary,NonVerbal,0.5,0,2,1,0.0,0,1,-1,0,1,1,EN,,,,,,,,,1.0,0.0,-1,1,1,3084,0.5,0.5,0.5007557835403479,0.5373415144279907,0.6415992174833813,0.6855759422859473,0.5365814707784411,0.3660342855535267,0.5115756051226938,0.5104859759605336,0.5293934458123085
202506172224,14,Adversary,NonVerbal,0.5,1,2,1,0.0,0,-1,1,0,1,0,EN,,,,,,,,,0.0,1.0,-1,0,1,3085,0.5,0.5,0.500162254671661,0.42532571581999445,0.3785378032357195,0.26889992081973646,0.35722734414973106,0.18838658612867143,0.3315878385560333,0.34774201690218837,0.44180451400632037
202506172224,16,Adversary,NonVerbal,0.5,1,2,1,0.5,0,1,-1,0,0,0,EN,,,,,,,,,1.0,0.0,-1,1,1,3086,0.5,0.5,0.49831879762628345,0.519759364551655,0.5437615866370007,0.6121464941950248,0.5052471435895671,0.6210284169058614,0.5866483287167416,0.3473404681409895,0.2071754284448567
202506172224,17,Adversary,NonVerbal,0.5,0,2,1,1.0,0,1,-1,0,0,0,EN,,,,,,,,,1.0,0.0,-1,1,1,3087,0.5,0.5,0.49007906271098695,0.4812466098187681,0.4115118565454824,0.34612400706567736,0.3351422717090398,0.353326388100929,0.3719414035525071,0.40786174725176594,0.474924506650357
202506172224,18,Adversary,NonVerbal,0.5,1,2,1,1.0,0,0,0,0,0,-1,EN,,,,,,,,,0.0,0.0,-1,1,1,3088,0.5,0.5,0.49513541941880973,0.48658852707661504,0.39008691043728083,0.44222223114333176,0.3323882371985063,0.2858701523300177,0.41014507368063247,0.4817880196138372,0.6165263547925718
202506172224,20,Adversary,NonVerbal,0.5,1,2,1,0.0,1,1,-1,0,1,1,EN,,,,,,,,,1.0,0.0,-1,0,1,3089,0.5,0.5,0.5005289222492705,0.47731997699739426,0.45885370222852123,0.4680486326928165,0.40766030428030015,0.6173725391548471,0.7059893695330397,0.7199003917633233,0.7313315622885457
202506172224,21,Adversary,NonVerbal,0.5,0,2,1,0.5,1,1,-1,0,1,1,EN,,,,,,,,,1.0,0.0,-1,0,1,3090,0.5,0.5,0.5038409779662097,0.5082436116348247,0.5954806009966707,0.6339255758964204,0.648663014301695,0.6965207486938488,0.5420332124895751,0.36872323703344967,0.5114890428842416
202506172224,22,Adversary,NonVerbal,0.5,1,2,1,0.5,1,-1,1,0,1,0,EN,,,,,,,,,0.0,1.0,-1,0,1,3091,0.5,0.5,0.5005178250942871,0.3649454792372962,0.2929942549730142,0.15932983082868357,0.07481393098185643,0.2732594146954204,0.3391295493830186,0.36732608040239206,0.4726567838524386
202506172224,23,Adversary,NonVerbal,0.5,0,2,1,1.0,1,1,-1,0,0,0,EN,,,,,,,,,1.0,0.0,-1,1,1,3092,0.5,0.5,0.49001273561493536,0.4077048308314731,0.3261253513666011,0.30869448874764827,0.28661370017155385,0.3330027561416949,0.42270176570986784,0.5359684642220824,0.5536279364683206
202506172224,24,Adversary,NonVerbal,0.5,1,2,1,1.0,1,1,-1,0,1,1,EN,,,,,,,,,1.0,0.0,-1,0,1,3093,0.5,0.5,0.5053148771388819,0.5154040588637204,0.6056329115247101,0.652698888951675,0.6488214678895193,0.6742528953121105,0.6807778950312372,0.6910609973204878,0.702250195687799
202506172224,26,Partner,NonVerbal,0.5,1,2,1,0.0,0,1,1,1,0,0,EN,,,,,,,,,1.0,0.0,-1,1,1,3094,0.5,0.5,0.4788622064460364,0.3952026828122621,0.3815501333754336,0.3550040298789365,0.34728189858572095,0.34132740954648727,0.37024881216310623,0.35758819110723733,0.3105922691284665
202506172224,27,Partner,NonVerbal,0.5,0,2,1,0.5,0,1,1,1,1,1,EN,,,,,,,,,1.0,0.0,-1,0,1,3095,0.5,0.5,0.5431953128024807,0.6338172192035653,0.6935600540917997,0.7049008158932727,0.7211988557331326,0.7154666406177201,0.707139840631928,0.7195494242041299,0.6793861681317337
202506172224,28,Partner,NonVerbal,0.5,1,2,1,0.5,0,1,1,1,1,1,EN,,,,,,,,,1.0,0.0,-1,0,1,3096,0.5,0.5,0.5431656200122151,0.5828144476916682,0.6507305772174214,0.6933682181755826,0.6970417661740784,0.6779524398828936,0.680885378760135,0.6001751878205319,0.6453236259344225
202506172224,29,Partner,NonVerbal,0.5,0,2,1,1.0,0,1,1,1,1,1,EN,,,,,,,,,1.0,0.0,-1,0,1,3097,0.5,0.5,0.5440585240441185,0.5838788597277935,0.646752617288054,0.6851224386964593,0.665491508597979,0.6535023295659639,0.6606015618420169,0.6635012314198088,0.6621853929449839
202506172224,30,Partner,NonVerbal,0.5,1,2,1,1.0,0,1,1,1,1,1,EN,,,,,,,,,1.0,0.0,-1,0,1,3098,0.5,0.5,0.501025596591615,0.5899823102662297,0.6916292266246882,0.7254680488512705,0.7305447710182692,0.7363371942050018,0.7610839397866092,0.7959595710312004,0.8073638681432406
202506172224,32,Partner,NonVerbal,0.5,1,2,1,0.0,1,1,1,1,1,1,EN,,,,,,,,,1.0,0.0,-1,0,1,3099,0.5,0.5,0.5221533471977472,0.6019044139907362,0.673267480004692,0.7015951778191969,0.7125721772998053,0.716583082819662,0.7135358836936333,0.7067233977172033,0.7052978342806229
202506172224,33,Partner,NonVerbal,0.5,0,2,1,0.5,1,1,1,1,0,0,EN,,,,,,,,,1.0,0.0,-1,1,1,3100,0.5,0.5,0.458519239197456,0.42153753308990793,0.35034570611680754,0.3105433380490934,0.31543693219726704,0.32214808536813566,0.3527775322284989,0.3786544459134094,0.38937979398274675
202506172224,34,Partner,NonVerbal,0.5,1,2,1,0.5,1,1,1,1,0,0,EN,,,,,,,,,1.0,0.0,-1,-1,1,3101,0.5,0.5,0.4577167777949546,0.41998666339377755,0.3966768766914546,0.46637809909872596,0.4134738186766979,0.42965731248946837,0.3754497182803172,0.3045578229004988,0.2785109417446442
202506172224,35,Partner,NonVerbal,0.5,0,2,1,1.0,1,1,1,1,1,1,EN,,,,,,,,,1.0,0.0,1,1,1,3102,0.5,0.5,0.5439683814790668,0.5837141037685049,0.6459892216469144,0.6849954257742583,0.6860460445773613,0.6693895429549224,0.6872362493601821,0.6975584473184018,0.7033001366016772
202506172224,36,Partner,NonVerbal,0.5,1,2,1,1.0,1,1,1,1,0,0,EN,,,,,,,,,1.0,0.0,-1,1,1,3103,0.5,0.5,0.48952898211647516,0.4055745409208177,0.3143139150189225,0.289415526671083,0.37683906472429085,0.4239038271630693,0.42510336762015055,0.43689774228838435,0.4520564152640971
202506172224,37,Adversary,NonVerbal,0.5,0,2,1,0.0,0,-1,1,1,0,0,EN,,,,,,,,,0.0,1.0,-1,-1,1,3104,0.5,0.5,0.499317253157533,0.4986524761649414,0.42855865751909505,0.3272012430125634,0.31424572146626795,0.31355638006324976,0.3131258171372581,0.25966332225527067,0.2607708409140213
202506172224,38,Adversary,NonVerbal,0.5,1,2,1,0.0,0,1,-1,1,0,1,EN,,,,,,,,,1.0,0.0,-1,1,1,3105,0.5,0.5,0.4996773027741359,0.6414085549803086,0.808957918836896,0.7461936134386489,0.7873226530520948,0.7844967317816995,0.8494081504975414,0.7560329853671368,0.7117739471574162
202506172224,39,Adversary,NonVerbal,0.5,0,2,1,0.5,0,-1,1,1,1,1,EN,,,,,,,,,0.0,1.0,-1,0,1,3106,0.5,0.5,0.5039883607224942,0.5082974249213773,0.5534957473603648,0.5876238683755309,0.5748639351834348,0.5325636830544794,0.4739157275357143,0.4669080902657274,0.46350020236395106
202506172224,40,Adversary,NonVerbal,0.5,1,2,1,0.5,0,1,-1,1,0,1,EN,,,,,,,,,1.0,0.0,-1,1,1,3107,0.5,0.5,0.498312430055108,0.5757219665954516,0.7303214383333948,0.7220135287091453,0.6803414105336637,0.6395625260624891,0.5800576768076566,0.5858218191545781,0.5773800143875519
202506172224,42,Adversary,NonVerbal,0.5,1,2,1,1.0,0,-1,1,1,0,0,EN,,,,,,,,,0.0,1.0,-1,1,1,3108,0.5,0.5,0.494845541486786,0.4861577067167539,0.4694900123985514,0.37805528838429037,0.3108559758210093,0.29091934528656144,0.26542491575470517,0.2667145921528121,0.43617559378370907
202506172224,45,Adversary,NonVerbal,0.5,0,2,1,0.5,1,-1,1,1,0,0,EN,,,,,,,,,0.0,1.0,-1,1,1,3109,0.5,0.5,0.49649071151562174,0.49315932205698976,0.4595948189649953,0.4421403322157788,0.349312126766216,0.47024954373784084,0.6365806831448072,0.5839496853430578,0.43923990202175117
202506172224,48,Adversary,NonVerbal,0.5,1,2,1,1.0,1,-1,1,1,0,0,EN,,,,,,,,,0.0,1.0,-1,1,1,3110,0.5,0.5,0.49511381039852964,0.4868333332728817,0.4703782697463286,0.438431514264796,0.39693860443648815,0.3609265815967419,0.3679553704264453,0.4052352605951434,0.33032786340571624
202506172224,49,Partner,NonVerbal,0.5,0,2,1,0.0,0,1,1,1,0,0,EN,,,,,,,,,1.0,0.0,-1,1,1,3111,0.5,0.5,0.48262702330846446,0.4654447512752173,0.3831140769681201,0.3365508208781964,0.3060433285827422,0.27405835703080655,0.2684133887263801,0.26871596513385465,0.41177774567657077
202506172224,50,Partner,NonVerbal,0.5,1,2,1,0.0,0,-1,-1,1,1,0,EN,,,,,,,,,0.0,1.0,-1,0,1,3112,0.5,0.5,0.5002495426371839,0.5205585355817907,0.42133564765944254,0.43998232788681135,0.343611009672352,0.3541872161239645,0.36135241541507046,0.4104617477751059,0.3995481654868491
202506172224,51,Partner,NonVerbal,0.5,0,2,1,0.5,0,1,1,1,0,0,EN,,,,,,,,,1.0,0.0,-1,-1,1,3113,0.5,0.5,0.45829733890409324,0.38265954244535966,0.30518109808086574,0.27889726625945305,0.2848350569898658,0.2870982109392596,0.30442558693439226,0.28717424153686405,0.2610387849600026
202506172224,52,Partner,NonVerbal,0.5,1,2,1,0.5,0,1,1,1,1,1,EN,,,,,,,,,1.0,0.0,-1,0,1,3114,0.5,0.5,0.5439783832431466,0.6152576899682659,0.6656102823314811,0.6810185390902317,0.6815885189343742,0.6864719955274723,0.6808061131858674,0.6887711817518907,0.6804493791171821
202506172224,53,Partner,NonVerbal,0.5,0,2,1,1.0,0,1,1,1,0,0,EN,,,,,,,,,1.0,0.0,-1,1,1,3115,0.5,0.5,0.45724490222953207,0.36816534955836694,0.2926486028271742,0.27157988764787516,0.27514319225453415,0.29712743677618525,0.2874366760517388,0.260026657856406,0.258116159332438
202506172224,54,Partner,NonVerbal,0.5,1,2,1,1.0,0,1,1,1,1,1,EN,,,,,,,,,1.0,0.0,-1,1,1,3116,0.5,0.5,0.5434352317538776,0.6329842668689106,0.7071000875386436,0.731229066607864,0.736690200735249,0.7419335341921344,0.7457824509885881,0.7510593502350545,0.7551865378899467
202506172224,55,Partner,NonVerbal,0.5,0,2,1,0.0,1,1,1,1,1,1,EN,,,,,,,,,1.0,0.0,-1,0,1,3117,0.5,0.5,0.5182542419574191,0.5373197338982426,0.6278061138094961,0.6828042638959503,0.6850950201836137,0.6840661729049594,0.6881401186007678,0.7015677350269215,0.7135649902986682
202506172224,56,Partner,NonVerbal,0.5,1,2,1,0.0,1,1,1,1,0,0,EN,,,,,,,,,1.0,0.0,-1,1,1,3118,0.5,0.5,0.47911254474272147,0.39579506313463053,0.30005719089034183,0.26115400329728267,0.3599527392293141,0.40505037951308126,0.39558186131732165,0.39815462182050265,0.40136657556514793
202506172224,57,Partner,NonVerbal,0.5,0,2,1,0.5,1,1,1,1,1,1,EN,,,,,,,,,1.0,0.0,-1,0,1,3119,0.5,0.5,0.5431273001272418,0.6333568236563699,0.6955010291821431,0.7089010593089768,0.711935401286783,0.7214544939312972,0.7329866678275703,0.7426365262269701,0.7485762131251282
202506172224,58,Partner,NonVerbal,0.5,1,2,1,0.5,1,1,1,1,0,0,EN,,,,,,,,,1.0,0.0,-1,1,1,3120,0.5,0.5,0.4582005393013576,0.4209603726058462,0.38386119500430493,0.504037749618527,0.5191384782515147,0.44755169718402543,0.5261098715878745,0.6012343721201524,0.5621331493502602
202506172224,59,Partner,NonVerbal,0.5,0,2,1,1.0,1,1,1,1,0,0,EN,,,,,,,,,1.0,0.0,-1,1,1,3121,0.5,0.5,0.45712755488009205,0.41923791874992133,0.3468098781884074,0.30368399903441007,0.2763496362098646,0.2533316904901991,0.25337435485532084,0.25341892411343947,0.2915069198754517
202506172224,60,Partner,NonVerbal,0.5,1,2,1,1.0,1,-1,-1,1,0,1,EN,,,,,,,,,0.0,1.0,-1,1,1,3122,0.5,0.5,0.45774382406229613,0.4200669701843182,0.37020703987935266,0.34495714774692554,0.4141113492162766,0.4886282855071452,0.5070797359444853,0.5093721623611234,0.5122770377479434
202506172224,62,Adversary,NonVerbal,0.5,1,2,1,0.0,0,1,-1,1,1,0,EN,,,,,,,,,1.0,0.0,-1,0,1,3123,0.5,0.5,0.5002861485444512,0.47734859757277937,0.4226339483168576,0.3899039633986547,0.4936860213209409,0.4752556546453263,0.4585954932644616,0.4366118194683073,0.4547496918195706
202506172224,63,Adversary,NonVerbal,0.5,0,2,1,0.5,0,-1,1,1,0,0,EN,,,,,,,,,0.0,1.0,-1,1,1,3124,0.5,0.5,0.4964667446928071,0.49315410074681776,0.4312236525852258,0.40143775361564044,0.33819026731048546,0.3225743201040965,0.31837115391590143,0.3175422706975051,0.47452197184288464
202506172224,64,Adversary,NonVerbal,0.5,1,2,1,0.5,0,-1,1,1,1,1,EN,,,,,,,,,0.0,1.0,-1,1,1,3125,0.5,0.5,0.5020786240640747,0.47782828623664464,0.45544369307765414,0.39072771711947174,0.3333357381012849,0.4861479063868007,0.5664498347793362,0.643090496824668,0.6796111403377777
202506172224,65,Adversary,NonVerbal,0.5,0,2,1,1.0,0,-1,1,1,1,1,EN,,,,,,,,,0.0,1.0,-1,0,1,3126,0.5,0.5,0.5112868035498691,0.5935444428695631,0.6642760254583981,0.6553133101320477,0.6677408181556969,0.6887755770368442,0.7148634820004997,0.5475093545055768,0.37140602026961084
202506172224,66,Adversary,NonVerbal,0.5,1,2,1,1.0,0,-1,1,1,0,0,EN,,,,,,,,,0.0,1.0,-1,1,1,3127,0.5,0.5,0.4970040896172344,0.48780034990461707,0.4777244894143742,0.3838490480934862,0.3279263018276089,0.31452116979802963,0.4511964522640605,0.44479648194935534,0.4538192117400626
202506202123,2,Partner,NonVerbal,0.5,1,2,1,0.0,0,-1,-1,0,0,0,EN,,,,,,,,,0.0,1.0,1,-1,1,3128,0.5,0.5,0.47892571154333685,0.4600181019140525,0.38937988201316065,0.34436519663214293,0.33638406862683595,0.32742844732134807,0.34138085390191325,0.3090301745411971,0.2589713618078551
202506202123,3,Partner,NonVerbal,0.5,0,2,1,0.5,0,-1,-1,0,1,1,EN,,,,,,,,,0.0,1.0,0,1,1,3129,0.5,0.5,0.5431584836014371,0.6345914344491771,0.7060392779124312,0.725156904434874,0.7235827798492211,0.7038195202704054,0.687366569820633,0.6967949670451369,0.7032388509075773
202506202123,4,Partner,NonVerbal,0.5,1,2,1,0.5,0,-1,-1,0,1,1,EN,,,,,,,,,0.0,1.0,1,1,1,3130,0.5,0.5,0.5431785062757954,0.6325234316640138,0.6973118193876086,0.7421037635042329,0.7659636264194765,0.7578660146522408,0.7505599757213727,0.7451334406201793,0.7446698890479501
202506202123,6,Partner,NonVerbal,0.5,1,2,1,1.0,0,-1,-1,0,1,1,EN,,,,,,,,,0.0,1.0,1,1,1,3131,0.5,0.5,0.5432846708229166,0.5827301333375418,0.64891660887302,0.6908881709380738,0.6968150636512633,0.7082345731123167,0.7176753884790056,0.7223278328108617,0.7263901186899713
202506202123,7,Adversary,NonVerbal,0.5,0,2,1,0.0,0,1,-1,0,1,1,EN,,,,,,,,,1.0,0.0,0,0,1,3132,0.5,0.5,0.5007705211284645,0.5394498812172323,0.6545203029968406,0.6598094028523083,0.7073118493205728,0.7034791975815501,0.6661452667851597,0.5954288945846736,0.5116262228208996
202506202123,10,Adversary,NonVerbal,0.5,1,2,1,0.5,0,-1,1,0,1,0,EN,,,,,,,,,0.0,1.0,1,0,1,3133,0.5,0.5,0.5019063986739086,0.478133122994374,0.4554490631698552,0.331687567227825,0.40849209904428224,0.4284304977175148,0.4645077536243025,0.4511892273483631,0.4708475359098711
202506202123,11,Adversary,NonVerbal,0.5,0,2,1,1.0,0,-1,1,0,0,1,EN,,,,,,,,,0.0,1.0,-1,1,1,3134,0.5,0.5,0.4898077345337117,0.48082551583578814,0.4193008517566014,0.3578997551735785,0.4805128137557689,0.5723284553121086,0.5718891440835284,0.5717282353480699,0.5707441452372838
202506202123,12,Adversary,NonVerbal,0.5,1,2,1,1.0,0,1,-1,0,0,0,EN,,,,,,,,,1.0,0.0,-1,1,1,3135,0.5,0.5,0.49510166288298907,0.4869051764925901,0.4705076006087094,0.414427898225774,0.39337752813808413,0.3981027359115148,0.36573914627434506,0.3341832259335768,0.316224034915781
202506202123,13,Partner,NonVerbal,0.5,0,2,1,0.0,0,1,1,1,1,1,EN,,,,,,,,,1.0,0.0,-1,0,1,3136,0.5,0.5,0.5185515142888731,0.6005091626306602,0.6859909842289161,0.7105648142282546,0.7109102333104061,0.7115239216343777,0.71254607122238,0.7172854322598233,0.7159796056644596
202506202123,16,Partner,NonVerbal,0.5,1,2,1,0.5,0,1,1,1,0,0,EN,,,,,,,,,1.0,0.0,-1,1,1,3137,0.5,0.5,0.4582379100931082,0.4210663161555787,0.34891176920137545,0.39843604393575643,0.3373668936481401,0.32150707191754885,0.2964258024595598,0.2663155330707074,0.28881525385689366
202506202123,17,Partner,NonVerbal,0.5,0,2,1,1.0,0,1,1,1,1,1,EN,,,,,,,,,1.0,0.0,-1,1,1,3138,0.5,0.5,0.5443362372883459,0.6356214117448316,0.7172989645072784,0.7451837147271816,0.7455132653635076,0.6756023377710442,0.6912114805832431,0.6662842519283063,0.646229313570178
202506202123,18,Partner,NonVerbal,0.5,1,2,1,1.0,0,1,1,1,0,0,EN,,,,,,,,,1.0,0.0,1,-1,1,3139,0.5,0.5,0.45794236919606846,0.42042420491315446,0.3676156785589417,0.2935490826084337,0.25898579792609266,0.2559616882833838,0.23625519919819768,0.23570145944126536,0.2506351754151642
202506202123,20,Adversary,NonVerbal,0.5,1,2,1,0.0,0,0,0,1,0,-1,EN,,,,,,,,,0.0,0.0,1,1,1,3140,0.5,0.5,0.4996680821529302,0.577179306687561,0.6261179354458796,0.764376833342131,0.6186424656878152,0.6118295084624179,0.5237956842731673,0.47445963075094144,0.3943699631007202
202506202123,21,Adversary,NonVerbal,0.5,0,2,1,0.5,0,-1,1,1,0,0,EN,,,,,,,,,0.0,1.0,-1,1,1,3141,0.5,0.5,0.4965584483504204,0.4932238562239129,0.4450095103018154,0.41893456314866223,0.357873504860573,0.32064249840753467,0.3310016263869003,0.2812944474894428,0.2924411771261341
202506202123,22,Adversary,NonVerbal,0.5,1,2,1,0.5,0,0,0,1,1,-1,EN,,,,,,,,,0.0,0.0,1,1,1,3142,0.5,0.5,0.5005676332697067,0.47740037182571954,0.40833783120575684,0.3703465273724332,0.40043765758297123,0.37578081301417093,0.39166529406712314,0.41064009030212173,0.5258208843288906
202506202123,24,Adversary,NonVerbal,0.5,1,2,1,1.0,0,-1,1,1,0,0,EN,,,,,,,,,0.0,1.0,1,1,1,3143,0.5,0.5,0.49510829317934824,0.4867104781656733,0.49375866631406395,0.433103084419855,0.3275582299444388,0.2677068674634319,0.2872573086067071,0.3002803741372826,0.3296612838400192
202506202123,25,Partner,NonVerbal,0.5,0,2,1,0.0,0,0,0,1,0,-1,EN,,,,,,,,,0.0,0.0,1,1,1,3144,0.5,0.5,0.48267199671656946,0.46537801934691153,0.44634417747712024,0.42956676930682086,0.4160640906036406,0.40889255209077163,0.40098418791455004,0.4049667853336169,0.4710529316436549
202506202123,26,Partner,NonVerbal,0.5,1,2,1,0.0,0,1,1,1,1,1,EN,,,,,,,,,1.0,0.0,1,0,1,3145,0.5,0.5,0.5218759491484802,0.5423924876693951,0.6262493932277098,0.676112959334426,0.6770651394990167,0.666390046737541,0.6677889716260872,0.6634058993336596,0.6573124905048182
202506202123,28,Partner,NonVerbal,0.5,1,2,1,0.5,0,1,1,1,0,0,EN,,,,,,,,,1.0,0.0,1,1,1,3146,0.5,0.5,0.4576632172704711,0.42036486987722116,0.34913209703031306,0.304130124921478,0.30301851834489546,0.32845188830535665,0.3844095277812577,0.3634503683906966,0.3236199658444516
202506202123,29,Partner,NonVerbal,0.5,0,2,1,1.0,0,1,1,1,1,1,EN,,,,,,,,,1.0,0.0,1,0,1,3147,0.5,0.5,0.544078438490589,0.6358551254312854,0.7122915059877554,0.7342254498678756,0.7571230433160964,0.7150682935666709,0.6749921645130005,0.6968367405176569,0.5609308318337776
202506202123,30,Partner,NonVerbal,0.5,1,2,1,1.0,0,1,1,1,1,1,EN,,,,,,,,,1.0,0.0,-1,0,1,3148,0.5,0.5,0.543463553525532,0.6329328452825955,0.7005372953226073,0.7473927105115702,0.768776189263696,0.7690643541159278,0.7706803150120006,0.7741372042796195,0.7793146951776242
202506202123,31,Adversary,NonVerbal,0.5,0,2,1,0.0,0,-1,1,1,1,1,EN,,,,,,,,,0.0,1.0,-1,1,1,3149,0.5,0.5,0.5007643111505156,0.5015775722689898,0.5693939746838668,0.641739521938127,0.5122097768805962,0.35730219219758963,0.49862279312645486,0.5297513345382872,0.5970693424707674
202506202123,32,Adversary,NonVerbal,0.5,1,2,1,0.0,0,1,-1,1,1,0,EN,,,,,,,,,1.0,0.0,-1,1,1,3150,0.5,0.5,0.5003519919232664,0.3673376820274195,0.3047902955871629,0.17929137946532614,0.3615016117429053,0.4006358922656022,0.4650117552238545,0.4588362446093271,0.471977172548554
202506202123,33,Adversary,NonVerbal,0.5,0,2,1,0.5,0,-1,1,1,0,0,EN,,,,,,,,,0.0,1.0,-1,1,1,3151,0.5,0.5,0.49648624287393367,0.4155853281930794,0.325447492113567,0.2957103598326945,0.3087410716813884,0.3315256399771687,0.35878121025283866,0.3646980329215388,0.34946928895896173
202506202123,34,Adversary,NonVerbal,0.5,1,2,1,0.5,0,1,-1,1,0,1,EN,,,,,,,,,1.0,0.0,0,1,1,3152,0.5,0.5,0.49825727877615267,0.636630736945884,0.8313644938250392,0.9262623988629667,0.7793515841818958,0.6608249888171752,0.5678154741308553,0.5887398816601667,0.6816532573474088
202506202123,35,Adversary,NonVerbal,0.5,0,2,1,1.0,0,-1,1,1,0,0,EN,,,,,,,,,0.0,1.0,1,1,1,3153,0.5,0.5,0.48996149912232745,0.48118262582751753,0.4216458603190734,0.3502725948406623,0.47319952795304077,0.6364788944790604,0.48684921978582446,0.4863236824719982,0.42047912327218756
202506202123,36,Adversary,NonVerbal,0.5,1,2,1,1.0,0,-1,1,1,0,0,EN,,,,,,,,,0.0,1.0,-1,1,1,3154,0.5,0.5,0.5000972784654437,0.46716861990502556,0.4217305552549393,0.36247485896777,0.34115061624853715,0.4053346120539635,0.4675647150263268,0.48695316348275464,0.49934314756836473
202506202123,37,Partner,NonVerbal,0.5,0,2,1,0.0,0,1,1,1,1,1,EN,,,,,,,,,1.0,0.0,-1,0,1,3155,0.5,0.5,0.5181144194299071,0.5971118336666326,0.6674095160388545,0.6806375674489504,0.678963272593833,0.6778572110730133,0.6763880400910699,0.6798955815385297,0.6916518737049802
202506202123,38,Partner,NonVerbal,0.5,1,2,1,0.0,0,1,1,1,0,0,EN,,,,,,,,,1.0,0.0,-1,1,1,3156,0.5,0.5,0.4790252178707923,0.42497808784461394,0.334491845806591,0.40210041884160663,0.30970548896148015,0.27476672083886866,0.2658593640714345,0.23747116765351395,0.26526193753462124
202506202123,40,Partner,NonVerbal,0.5,1,2,1,0.5,0,1,1,1,1,1,EN,,,,,,,,,1.0,0.0,1,0,1,3157,0.5,0.5,0.543713196612749,0.5836855742243954,0.6319703898920407,0.6627920308188953,0.6714419567354443,0.6681242095937928,0.6852717244012558,0.6582353649657412,0.6653892437866816
202506202123,41,Partner,NonVerbal,0.5,0,2,1,1.0,0,1,1,1,1,1,EN,,,,,,,,,1.0,0.0,-1,-1,1,3158,0.5,0.5,0.5438662965171109,0.6324887677338721,0.7022776294271593,0.7224206624841384,0.7249731566559524,0.7329140878050437,0.7392057166283369,0.7431546120856003,0.7493348939389449
202506202123,42,Partner,NonVerbal,0.5,1,2,1,1.0,0,1,1,1,1,1,EN,,,,,,,,,1.0,0.0,1,0,1,3159,0.5,0.5,0.5440029827897642,0.6168048426383136,0.6885695158100338,0.718512442745665,0.7235866651932011,0.7292888691140826,0.7371272606422131,0.7444655054225319,0.7664976587112095
202506202123,43,Adversary,NonVerbal,0.5,0,2,1,0.0,0,-1,1,1,1,1,EN,,,,,,,,,0.0,1.0,1,1,1,3160,0.5,0.5,0.5007562294028718,0.5327686582874436,0.6548626054758191,0.6856859005412316,0.652024658843483,0.584771926346105,0.505019693113832,0.42692134288278033,0.43192693073112376
202506202123,44,Adversary,NonVerbal,0.5,1,2,1,0.0,0,1,-1,1,0,1,EN,,,,,,,,,1.0,0.0,-1,1,1,3161,0.5,0.5,0.5000087966983813,0.5220621815667601,0.5286989159314147,0.5872276559617335,0.5399087616260746,0.6600716883724345,0.7280901506497023,0.7012833502097091,0.5572050018838293
202506202123,45,Adversary,NonVerbal,0.5,0,2,1,0.5,0,-1,1,1,0,0,EN,,,,,,,,,0.0,1.0,1,1,1,3162,0.5,0.5,0.4965791086475938,0.41505844481775594,0.31248901900781334,0.28957511699179844,0.4610692280748639,0.5610972907806564,0.4956782570269864,0.41787115560681576,0.38118908614708746
202506202123,46,Adversary,NonVerbal,0.5,1,2,1,0.5,0,-1,1,1,0,0,EN,,,,,,,,,0.0,1.0,1,1,1,3163,0.5,0.5,0.4981240963610692,0.6416264716989765,0.8399054527093596,0.7980341895200532,0.7613013280273283,0.715819206536362,0.5542093712278934,0.4066508671385769,0.3303325803127952
202506202123,47,Adversary,NonVerbal,0.5,0,2,1,1.0,0,-1,1,1,0,0,EN,,,,,,,,,0.0,1.0,-1,1,1,3164,0.5,0.5,0.4901088734330944,0.48142994001915707,0.40215944634232914,0.33572955073547395,0.3291453925565726,0.3715035607357425,0.4489880919686575,0.543063374567657,0.5533005724082616
202506202123,49,Partner,NonVerbal,0.5,0,2,1,0.0,0,1,1,1,0,0,EN,,,,,,,,,1.0,0.0,-1,1,1,3165,0.5,0.5,0.48275751283194435,0.46554733768773987,0.3871079747886941,0.34284502684703616,0.31413016855006143,0.2805394576956914,0.26663745439819597,0.25876749907460084,0.2567517660378786
202506202123,51,Partner,NonVerbal,0.5,0,2,1,0.5,0,1,1,1,0,0,EN,,,,,,,,,1.0,0.0,-1,1,1,3166,0.5,0.5,0.4585921567591962,0.4217241737503961,0.38299521733995723,0.3468071099671575,0.33555026130974647,0.3364283498146621,0.3066925879844069,0.3317110016425218,0.3788837485797407
202506202123,52,Partner,NonVerbal,0.5,1,2,1,0.5,0,1,1,1,0,0,EN,,,,,,,,,1.0,0.0,1,1,1,3167,0.5,0.5,0.47564106626545427,0.4504284579682175,0.36698660286175905,0.316893203671441,0.31062243311730625,0.2968452748437408,0.2841441955341957,0.2755996378210168,0.3261515480012523
202506202123,54,Partner,NonVerbal,0.5,1,2,1,1.0,0,1,1,1,0,0,EN,,,,,,,,,1.0,0.0,-1,1,1,3168,0.5,0.5,0.45801836226748444,0.3920189274725767,0.3250274979222355,0.2660986284928927,0.26498860262800394,0.2586424533716422,0.22492044638661593,0.21152938073863908,0.20184542788881996
202506202123,57,Adversary,NonVerbal,0.5,0,2,1,0.5,0,-1,1,1,0,0,EN,,,,,,,,,0.0,1.0,1,1,1,3169,0.5,0.5,0.49643576735981265,0.4931101325058305,0.4541633417596124,0.43084429413570446,0.3665218478699589,0.34639959548252314,0.34091830033906856,0.33841980215203504,0.33703070784933853
202506202123,58,Adversary,NonVerbal,0.5,1,2,1,0.5,0,1,-1,1,1,0,EN,,,,,,,,,1.0,0.0,1,0,1,3170,0.5,0.5,0.5007975438715061,0.3636136554086728,0.29225519891113344,0.17049787141811307,0.2628858642789716,0.3609764770882332,0.4463302671818048,0.4737029643367801,0.4799827743789153
202506202123,59,Adversary,NonVerbal,0.5,0,2,1,1.0,0,-1,1,1,1,1,EN,,,,,,,,,0.0,1.0,-1,1,1,3171,0.5,0.5,0.5110607711345619,0.5220697783481248,0.5762756700311774,0.5984081452142971,0.6092886099848509,0.6472782539120269,0.6990972874597527,0.7105560779977587,0.6865321585248867
202506202123,60,Adversary,NonVerbal,0.5,1,2,1,1.0,0,-1,1,1,0,0,EN,,,,,,,,,0.0,1.0,0,1,1,3172,0.5,0.5,0.4949386090804989,0.48646142887734634,0.4681351079015681,0.3940163611473078,0.37812673107562195,0.37740096697747255,0.3486843190827027,0.34074125300733377,0.2753483713295104
202506202123,61,Adversary,NonVerbal,0.5,0,2,1,0.0,0,1,-1,1,1,0,EN,,,,,,,,,1.0,0.0,-1,0,1,3173,0.5,0.5,0.518673519911572,0.5991133294027053,0.689061524536454,0.7166054778758953,0.717073910306732,0.6810091421711169,0.7057692089847641,0.718115448767425,0.7288680660530595
202506202123,61,Partner,NonVerbal,0.5,0,2,1,0.0,0,1,1,1,1,1,EN,,,,,,,,,1.0,0.0,-1,0,1,3174,0.5,0.5,0.518673519911572,0.5991133294027053,0.689061524536454,0.7166054778758953,0.717073910306732,0.6810091421711169,0.7057692089847641,0.718115448767425,0.7288680660530595
202506202123,62,Partner,NonVerbal,0.5,1,2,1,0.0,0,-1,-1,1,1,0,EN,,,,,,,,,0.0,1.0,-1,0,1,3175,0.5,0.5,0.5217244060579757,0.5420946442905458,0.4786229495256506,0.48449901563799563,0.4867682569737468,0.4462997027777265,0.3504024208338934,0.272281083188689,0.2635679568426244
202506202123,63,Partner,NonVerbal,0.5,0,2,1,0.5,0,1,1,1,0,0,EN,,,,,,,,,1.0,0.0,-1,1,1,3176,0.5,0.5,0.4583887867979534,0.3692576453848857,0.29276546341869225,0.26959868037668194,0.2715290089144451,0.27338275379109095,0.2756873280365522,0.25901893072031296,0.38870225995024266
202506202123,64,Partner,NonVerbal,0.5,1,2,1,0.5,0,1,1,1,1,1,EN,,,,,,,,,1.0,0.0,1,0,1,3177,0.5,0.5,0.5429827779165837,0.6326291206067525,0.6968425617426749,0.7134989605240073,0.7181279801995268,0.7151661902458556,0.7242225566592714,0.7326280352683191,0.7287814377381103
202506202123,66,Partner,NonVerbal,0.5,1,2,1,1.0,0,1,1,1,1,1,EN,,,,,,,,,1.0,0.0,-1,0,1,3178,0.5,0.5,0.5267339347877161,0.5547509026773415,0.6189159781211773,0.6586418930849597,0.6611024530141003,0.6613510543847373,0.6511573047374868,0.6747710865775296,0.7009215415580453
202506202123,67,Adversary,NonVerbal,0.5,0,2,1,0.0,0,-1,1,1,1,1,EN,,,,,,,,,0.0,1.0,-1,1,1,3179,0.5,0.5,0.5007685329569634,0.5374597604516929,0.6369985100221555,0.6835608549639902,0.5357708615427946,0.36549790943299443,0.5071643720679282,0.503487621059987,0.5958304968438425
202506202123,68,Adversary,NonVerbal,0.5,1,2,1,0.0,0,1,-1,1,0,1,EN,,,,,,,,,1.0,0.0,-1,1,1,3180,0.5,0.5,0.49968589397572266,0.5213054689826293,0.5360034029241186,0.7754651740190944,0.8030884815920728,0.8208504785821761,0.8129672391352901,0.8173267329263784,0.7410452452133839
202506202123,69,Adversary,NonVerbal,0.5,0,2,1,0.5,0,-1,1,1,1,1,EN,,,,,,,,,0.0,1.0,-1,1,1,3181,0.5,0.5,0.5040475354372554,0.5892751798299473,0.6658135805321451,0.6538351730142459,0.7069054923544223,0.7277150709704184,0.7359395695335186,0.5547590862726666,0.3733669043686088
202506202123,72,Adversary,NonVerbal,0.5,1,2,1,1.0,0,1,-1,1,0,1,EN,,,,,,,,,1.0,0.0,1,1,1,3182,0.5,0.5,0.49472145914690274,0.48586784209890926,0.4345375447027312,0.4944501727900832,0.559358947693452,0.7636339575122439,0.7911210390481324,0.7340967792653809,0.6803605723859213
202506202123,73,Partner,NonVerbal,0.5,0,2,1,0.0,0,1,1,1,0,0,EN,,,,,,,,,1.0,0.0,1,1,1,3183,0.5,0.5,0.4828003722511462,0.4026863643419543,0.3193206839426357,0.28735589535121997,0.25918791251188017,0.24197738644741862,0.3017883132352378,0.3559224727364384,0.3624718312061398
202506202123,74,Partner,NonVerbal,0.5,1,2,1,0.0,0,1,1,1,0,0,EN,,,,,,,,,1.0,0.0,-1,1,1,3184,0.5,0.5,0.4788046757049703,0.4249437755574642,0.36071107243120465,0.3294496616343529,0.32076663464762467,0.31661439178939793,0.29612338543496064,0.25009865098330214,0.22245622872090187
202506202123,75,Partner,NonVerbal,0.5,0,2,1,0.5,0,1,1,1,0,0,EN,,,,,,,,,1.0,0.0,-1,1,1,3185,0.5,0.5,0.45904963919245656,0.3704123878846723,0.3173372850273465,0.31330430043692603,0.32576853894970337,0.3360878452375196,0.3380517454400079,0.3397054980439338,0.34025609705360815
202506202123,76,Partner,NonVerbal,0.5,1,2,1,0.5,0,1,1,1,0,0,EN,,,,,,,,,1.0,0.0,-1,-1,1,3186,0.5,0.5,0.45847265203279985,0.36848724762220436,0.39831542311586593,0.3664767998222242,0.3721466259359111,0.46792733117845825,0.47958410747628816,0.4799122193792857,0.48056164463505857
202506202123,77,Partner,NonVerbal,0.5,0,2,1,1.0,0,1,1,1,1,1,EN,,,,,,,,,1.0,0.0,0,1,1,3187,0.5,0.5,0.5441552838512267,0.5841713094576334,0.6285782833392021,0.6552677335153322,0.6559402023259372,0.6361268224105304,0.6471316287007456,0.6460421162165119,0.6255677174288946
202506202123,78,Partner,NonVerbal,0.5,1,2,1,1.0,0,1,1,1,1,1,EN,,,,,,,,,1.0,0.0,-1,0,1,3188,0.5,0.5,0.5436863813940547,0.5838308684368337,0.6534422065648087,0.6964768377049103,0.701791154455089,0.7092272148767397,0.7185410152491265,0.7242491770619438,0.7279391457235541
202506202123,79,Adversary,NonVerbal,0.5,0,2,1,0.0,0,-1,1,1,1,1,EN,,,,,,,,,0.0,1.0,1,1,1,3189,0.5,0.5,0.5007731263442803,0.5382252367542502,0.6658236361775118,0.676646883946873,0.6907899904640536,0.7006184089833825,0.7012845304091289,0.6858729399892216,0.6896360862728449
202506202123,80,Adversary,NonVerbal,0.5,1,2,1,0.0,0,-1,1,1,1,1,EN,,,,,,,,,0.0,1.0,-1,1,1,3190,0.5,0.5,0.5000041211726669,0.3660545675406088,0.2993471350655893,0.4311877772481954,0.4313289641656094,0.4656073607779321,0.4913125495080905,0.5802715333895276,0.6534184927511777
202506202123,81,Adversary,NonVerbal,0.5,0,2,1,0.5,0,-1,1,1,0,0,EN,,,,,,,,,0.0,1.0,-1,1,1,3191,0.5,0.5,0.4965003699530316,0.4132484194895562,0.32048464045764935,0.2993451221253704,0.26726953202707654,0.2726160517576717,0.31453576508281156,0.31167068797636127,0.4357779243214258
202506202123,82,Adversary,NonVerbal,0.5,1,2,1,0.5,0,1,-1,1,0,1,EN,,,,,,,,,1.0,0.0,1,1,1,3192,0.5,0.5,0.4983169144628114,0.6400443020432418,0.806585947080477,0.8317624955370441,0.7597256088282631,0.7087282474076434,0.6546031547665228,0.6420390097413509,0.6311169648434067
202506202123,83,Adversary,NonVerbal,0.5,0,2,1,1.0,0,-1,1,1,1,1,EN,,,,,,,,,0.0,1.0,-1,1,1,3193,0.5,0.5,0.5113978543419913,0.5225253578638955,0.5987929127653325,0.6512653207066799,0.646141264406016,0.6052477464690804,0.5402444307480578,0.46635590460048176,0.46149579962744053
202506202123,84,Adversary,NonVerbal,0.5,1,2,1,1.0,0,-1,1,1,0,0,EN,,,,,,,,,0.0,1.0,-1,1,1,3194,0.5,0.5,0.49510656628302036,0.4096963446975716,0.3387003872936783,0.2993264770599545,0.2595695268789956,0.24799055524339228,0.20953934226719936,0.24271202549771836,0.27465090512648777
202506202123,85,Partner,NonVerbal,0.5,0,2,1,0.0,0,1,1,1,0,0,EN,,,,,,,,,1.0,0.0,-1,1,1,3195,0.5,0.5,0.482637411696031,0.46548945843437456,0.3885372880563398,0.34704833357590964,0.3531128922894536,0.3546294465008876,0.3546512340836977,0.3546730186563718,0.3547033109116106
202506202123,86,Partner,NonVerbal,0.5,1,2,1,0.0,0,1,1,1,0,0,EN,,,,,,,,,1.0,0.0,0,1,1,3196,0.5,0.5,0.47900662810634853,0.39585540693704685,0.435428552116471,0.36201238692297316,0.4889287933353251,0.5800510891191007,0.5793863442894109,0.5084341536925335,0.4583874907049688
202506202123,87,Partner,NonVerbal,0.5,0,2,1,0.5,0,1,1,1,1,1,EN,,,,,,,,,1.0,0.0,-1,1,1,3197,0.5,0.5,0.5437560201576271,0.5832918333258179,0.6547599298709861,0.6981831312970312,0.6987956445809237,0.686575885062138,0.6768940180705113,0.6833225386886341,0.6850432716439525
202506202123,89,Partner,NonVerbal,0.5,0,2,1,1.0,0,1,1,1,1,1,EN,,,,,,,,,1.0,0.0,-1,0,1,3198,0.5,0.5,0.5443061908246796,0.5843607959286635,0.6535546518047689,0.6950279484963673,0.694886522975127,0.6646106359755802,0.6819886481325073,0.6895306978266663,0.6665802128845375
202506202123,90,Partner,NonVerbal,0.5,1,2,1,1.0,0,1,1,1,1,1,EN,,,,,,,,,1.0,0.0,-1,0,1,3199,0.5,0.5,0.5007275046923486,0.521530314976401,0.558200836191605,0.5782629366692911,0.5911099776352119,0.6123381021878667,0.6303153866855036,0.6376737946924513,0.6488419286885344
202506202123,91,Adversary,NonVerbal,0.5,0,2,1,0.0,0,-1,1,1,1,1,EN,,,,,,,,,0.0,1.0,-1,1,1,3200,0.5,0.5,0.5007305953975786,0.5374927116434653,0.6460076619420985,0.6688173144090468,0.7183172210727697,0.7392626597139855,0.717073032807528,0.6547368568146935,0.5723033475974268
202506202123,93,Adversary,NonVerbal,0.5,0,2,1,0.5,0,-1,1,1,0,0,EN,,,,,,,,,0.0,1.0,1,1,1,3201,0.5,0.5,0.49639307687172646,0.4100083399946292,0.3280369810256455,0.3338541369414495,0.35545114098414193,0.3317648449852746,0.3312358948671806,0.2739661283649433,0.4367593823784635
202506202123,94,Adversary,NonVerbal,0.5,1,2,1,0.5,0,-1,1,1,0,0,EN,,,,,,,,,0.0,1.0,-1,1,1,3202,0.5,0.5,0.4981904694812163,0.5266468378981026,0.5869007449663564,0.6104393454731806,0.46581991109648563,0.42149107813220554,0.37983156624472114,0.3588792347695428,0.33563410980076197
202506210616,1,Partner,NonVerbal,0.5,0,2,1,0.0,0,-1,-1,0,1,1,EN,,,,,,,,,0.0,1.0,-1,0,1,3203,0.5,0.5,0.5185595132206957,0.6005991380701946,0.6915409789410236,0.7181859636402631,0.7171525409689818,0.6173800044732731,0.6572195642797056,0.7037237832312804,0.7200892603734078
202506210616,2,Partner,NonVerbal,0.5,1,2,1,0.0,0,-1,-1,0,0,0,EN,,,,,,,,,0.0,1.0,-1,1,1,3204,0.5,0.5,0.4789645141897318,0.4601182642456386,0.3844318207698065,0.44717862417034276,0.38715953496528016,0.38900915780809603,0.442888718615978,0.4887254285575664,0.4984357227580443
202506210616,3,Partner,NonVerbal,0.5,0,2,1,0.5,0,-1,-1,0,1,1,EN,,,,,,,,,0.0,1.0,-1,-1,1,3205,0.5,0.5,0.5432015569605061,0.582510055030354,0.6083689394369777,0.6208617910575448,0.6199882024731596,0.6196802331581706,0.6281278342433091,0.6321829473916779,0.6278505345848258
202506210616,4,Partner,NonVerbal,0.5,1,2,1,0.5,0,-1,-1,0,1,1,EN,,,,,,,,,0.0,1.0,-1,1,1,3206,0.5,0.5,0.5269825244018735,0.55155837584956,0.6275301173794753,0.6754563961665252,0.6829462984287592,0.6906858848282421,0.6875580017497831,0.6758543832671701,0.6711705877551232
202506210616,5,Partner,NonVerbal,0.5,0,2,1,1.0,0,-1,-1,0,0,0,EN,,,,,,,,,0.0,1.0,-1,1,1,3207,0.5,0.5,0.4574184022614022,0.4196599796219747,0.3732287215898776,0.3497673124260173,0.35913012280058415,0.36422491472088603,0.3660627922596768,0.3660731793143228,0.36608247962947155
202506210616,6,Partner,NonVerbal,0.5,1,2,1,1.0,0,-1,-1,0,0,0,EN,,,,,,,,,0.0,1.0,-1,1,1,3208,0.5,0.5,0.4592773131387058,0.3676540078688229,0.30990335584871725,0.29922770463404247,0.2936257831224738,0.28729319134671655,0.27909195244082324,0.2662583046579996,0.25970669379177086
202506210616,8,Adversary,NonVerbal,0.5,1,2,1,0.0,0,-1,1,0,0,1,EN,,,,,,,,,0.0,1.0,-1,1,1,3209,0.5,0.5,0.49967318472657934,0.5211088513625958,0.5368849352029013,0.7239743408652751,0.6232632344414656,0.5808265833811053,0.5396355701709862,0.7655882620824279,0.6399914529575714
202506210616,9,Adversary,NonVerbal,0.5,0,2,1,0.5,0,1,-1,0,1,1,EN,,,,,,,,,1.0,0.0,-1,0,1,3210,0.5,0.5,0.5040661155566979,0.5083897108888248,0.5804626236570671,0.6531139885983906,0.6645268689165671,0.6379820667498249,0.5824800491977923,0.510228576349894,0.43508375838474367
202506210616,10,Adversary,NonVerbal,0.5,1,2,1,0.5,0,-1,1,0,0,1,EN,,,,,,,,,0.0,1.0,-1,1,1,3211,0.5,0.5,0.49829712184146974,0.5198779617142489,0.5427677989183323,0.6570899219775896,0.722169847782278,0.7325449888568876,0.7741575310963046,0.6751744765382428,0.7010984120186272
202506210616,11,Adversary,NonVerbal,0.5,0,2,1,1.0,0,0,0,0,1,-1,EN,,,,,,,,,0.0,0.0,-1,0,1,3212,0.5,0.5,0.5113976913653855,0.5224463697659458,0.6097977467031898,0.6685061828009463,0.6641713688863178,0.6243784964262794,0.5612940820079236,0.48758878190310423,0.4308048859225314
202506210616,12,Adversary,NonVerbal,0.5,1,2,1,1.0,0,1,-1,0,0,0,EN,,,,,,,,,1.0,0.0,-1,1,1,3213,0.5,0.5,0.4951530205344069,0.487002195100206,0.47067474085729527,0.4459971507132781,0.4452388946338528,0.4540716903088053,0.4483264640158947,0.46523088801290735,0.47151504448283443
202506210616,13,Partner,NonVerbal,0.5,0,2,1,0.0,0,1,1,1,1,1,EN,,,,,,,,,1.0,0.0,-1,-1,1,3214,0.5,0.5,0.5184862568754292,0.5376430167789021,0.5848927050077254,0.611091558842193,0.6108571012692682,0.6064071480068278,0.6026246533758922,0.6016228779934365,0.6079694170114214
202506210616,14,Partner,NonVerbal,0.5,1,2,1,0.0,0,0,0,1,1,-1,EN,,,,,,,,,0.0,0.0,-1,-1,1,3215,0.5,0.5,0.5217595976562184,0.5554297879800554,0.6410156375411931,0.6869341113583299,0.6934760346580235,0.6896601147816953,0.6716931199986989,0.5440903535750395,0.32196844290089616
202506210616,15,Partner,NonVerbal,0.5,0,2,1,0.5,0,1,1,1,1,1,EN,,,,,,,,,1.0,0.0,-1,1,1,3216,0.5,0.5,0.5432359943726545,0.6335162413578507,0.7043410912771378,0.723206325247223,0.721714776781033,0.6224900089861254,0.6874302309609445,0.6979876651845918,0.6785966020325305
202506210616,16,Partner,NonVerbal,0.5,1,2,1,0.5,0,1,1,1,1,1,EN,,,,,,,,,1.0,0.0,-1,0,1,3217,0.5,0.5,0.5430357880388368,0.5823157864276794,0.6334298427104067,0.6659979027967341,0.6741141835751328,0.6664649000526708,0.6674046778869879,0.658329046179849,0.6865830024087101
202506210616,17,Partner,NonVerbal,0.5,0,2,1,1.0,0,1,1,1,1,1,EN,,,,,,,,,1.0,0.0,-1,-1,1,3218,0.5,0.5,0.54382263815763,0.5835687470518216,0.6333547818257632,0.6635277091288984,0.6631047497404647,0.6575691036653402,0.6725292253788385,0.6902705310116902,0.6885528711816882
202506210616,21,Adversary,NonVerbal,0.5,0,2,1,0.5,0,-1,1,1,1,1,EN,,,,,,,,,0.0,1.0,-1,0,1,3219,0.5,0.5,0.5040800256554,0.5890096384543728,0.6664385029943887,0.6583991092646134,0.6852510090564954,0.6462019774283025,0.5818702545498958,0.5048979902003067,0.4296060932700193
202506210616,22,Adversary,NonVerbal,0.5,1,2,1,0.5,0,1,-1,1,0,1,EN,,,,,,,,,1.0,0.0,-1,1,1,3220,0.5,0.5,0.4982670558362261,0.5199558398545089,0.5792018534406406,0.6145643475893388,0.4952637352957587,0.6040147763943923,0.556946729779842,0.5362107920444339,0.5069196681307561
202506210616,23,Adversary,NonVerbal,0.5,0,2,1,1.0,0,-1,1,1,0,0,EN,,,,,,,,,0.0,1.0,-1,1,1,3221,0.5,0.5,0.4900464606043472,0.40730374072930603,0.31332536297819485,0.27846858159122134,0.28727191800089774,0.331729605305748,0.4039596269057954,0.4500372416018492,0.4613391409950645
202506210616,24,Adversary,NonVerbal,0.5,1,2,1,1.0,0,1,-1,1,0,1,EN,,,,,,,,,1.0,0.0,-1,1,1,3222,0.5,0.5,0.4951214702926307,0.408542063189271,0.31966754080840415,0.3928230294278666,0.3071509295015216,0.3927956037875413,0.47921860320259735,0.49599702152635244,0.5507919486274518
202506210616,25,Partner,NonVerbal,0.5,0,2,1,0.0,0,1,1,1,0,0,EN,,,,,,,,,1.0,0.0,-1,1,1,3223,0.5,0.5,0.48274809258931006,0.40349645876970386,0.3186929762508971,0.29701732908772593,0.27651903393076555,0.25516565488560305,0.2561711153877792,0.25749279017887194,0.40813911881654485
202506210616,27,Partner,NonVerbal,0.5,0,2,1,0.5,0,1,1,1,1,1,EN,,,,,,,,,1.0,0.0,-1,0,1,3224,0.5,0.5,0.5426705741439298,0.5817870981656065,0.6070087228590741,0.618917078815867,0.6264948697619575,0.6802842502633037,0.735572982378234,0.754947353122358,0.7591801828163831
202506210616,28,Partner,NonVerbal,0.5,1,2,1,0.5,0,1,1,1,0,0,EN,,,,,,,,,1.0,0.0,-1,1,1,3225,0.5,0.5,0.45787099293358746,0.42045837280946735,0.375676116130481,0.3518290372689324,0.3578719656804278,0.35888697235654277,0.3843449496942853,0.3742912510075263,0.3778798039965065
202506210616,31,Adversary,NonVerbal,0.5,0,2,1,0.0,0,-1,1,1,0,0,EN,,,,,,,,,0.0,1.0,-1,1,1,3226,0.5,0.5,0.4993231552426517,0.4606742130101705,0.37095297223257656,0.37371164793860434,0.3258180545931578,0.3395453562595513,0.32407533579573194,0.3093596086226474,0.2880370648568809
202506210616,32,Adversary,NonVerbal,0.5,1,2,1,0.0,0,1,-1,1,1,0,EN,,,,,,,,,1.0,0.0,-1,-1,1,3227,0.5,0.5,0.5003682639603094,0.4766921097331288,0.4627644568730292,0.2588300677835308,0.39342036334400504,0.3707724675850358,0.4265842842230805,0.4574634481574101,0.46686672639836274
202506210616,34,Adversary,NonVerbal,0.5,1,2,1,0.5,0,1,-1,1,0,1,EN,,,,,,,,,1.0,0.0,-1,1,1,3228,0.5,0.5,0.49832482848841064,0.6333845392123925,0.8444271117925469,0.7931875301876353,0.6842110228910312,0.6106398917641925,0.5775080010574228,0.5080380735157406,0.6671591284746755
202506210616,35,Adversary,NonVerbal,0.5,0,2,1,1.0,0,-1,1,1,0,0,EN,,,,,,,,,0.0,1.0,-1,1,1,3229,0.5,0.5,0.4899630347649293,0.4074234600099575,0.31408547067343834,0.3030892962306827,0.26021003170996887,0.23938346387920037,0.2764644350654052,0.41764130105298564,0.48013014488684763
202506210616,38,Partner,NonVerbal,0.5,1,2,1,0.0,0,1,1,1,1,1,EN,,,,,,,,,1.0,0.0,-1,0,1,3230,0.5,0.5,0.5221458196270031,0.5808094477700457,0.6554441096767055,0.6837423464706675,0.6896828987525673,0.6827380030216487,0.6833457016067432,0.6658315960733519,0.7084252905045668
202506210616,39,Partner,NonVerbal,0.5,0,2,1,0.5,0,1,1,1,1,1,EN,,,,,,,,,1.0,0.0,-1,-1,1,3231,0.5,0.5,0.5428190674672957,0.6310752387872156,0.6988777342734714,0.7173769015134419,0.7168928263143375,0.5914469784613209,0.6831243160984094,0.7046881432511121,0.6682052375372151
202506210616,40,Partner,NonVerbal,0.5,1,2,1,0.5,0,1,1,1,1,1,EN,,,,,,,,,1.0,0.0,-1,-1,1,3232,0.5,0.5,0.5436031440788863,0.6335390177580965,0.7165479168066021,0.7461777402037616,0.7466863871244136,0.7515141418403147,0.7388259964843262,0.7417363260246733,0.6851197029800867
202506210616,41,Partner,NonVerbal,0.5,0,2,1,1.0,0,1,1,1,1,1,EN,,,,,,,,,1.0,0.0,-1,0,1,3233,0.5,0.5,0.5442854862195731,0.6353087857997888,0.7129678284411122,0.7382864336585161,0.738480682752362,0.571621094116138,0.6980977764133289,0.7132088981282425,0.5648527750362038
202506210616,43,Adversary,NonVerbal,0.5,0,2,1,0.0,0,1,-1,1,0,1,EN,,,,,,,,,1.0,0.0,-1,1,1,3234,0.5,0.5,0.4992723984259702,0.49859978595856563,0.4178215783403641,0.32501453228736343,0.45990081630691376,0.5592666017763857,0.5570678671957133,0.54765597720321,0.5318903944757061
202506210616,44,Adversary,NonVerbal,0.5,1,2,1,0.0,0,1,-1,1,1,0,EN,,,,,,,,,1.0,0.0,-1,0,1,3235,0.5,0.5,0.5000071514760561,0.476951960997004,0.417541550729518,0.3832849067244763,0.2753149131538848,0.36560966900167635,0.43489597855622353,0.26084839849586544,0.3903012675990487
202506210616,45,Adversary,NonVerbal,0.5,0,2,1,0.5,0,-1,1,1,1,1,EN,,,,,,,,,0.0,1.0,-1,-1,1,3236,0.5,0.5,0.5040511036598497,0.5852623571192933,0.6886553595598878,0.7275953016951947,0.7202419166819747,0.690924437904426,0.6305713729081042,0.5520136362360141,0.4708541519658701
202506210616,46,Adversary,NonVerbal,0.5,1,2,1,0.5,0,1,-1,1,1,0,EN,,,,,,,,,1.0,0.0,-1,0,1,3237,0.5,0.5,0.5019271076258586,0.35839143703753096,0.29082322712228553,0.38295382852921644,0.21096442119541775,0.3758586491750196,0.23518874389429031,0.2719060724877453,0.35119722813499527
202506210616,47,Adversary,NonVerbal,0.5,0,2,1,1.0,0,-1,1,1,0,0,EN,,,,,,,,,0.0,1.0,-1,1,1,3238,0.5,0.5,0.49016744453717226,0.4813312441269519,0.4133449869648222,0.36470167749023125,0.4944871836252988,0.5887640392818044,0.44313176454912356,0.44368319815520596,0.4443413964909044
202506210616,49,Partner,NonVerbal,0.5,0,2,1,0.0,0,1,1,1,1,1,EN,,,,,,,,,1.0,0.0,-1,0,1,3239,0.5,0.5,0.5185461092136625,0.537699379649376,0.6107014075809949,0.6550352950482514,0.6949376388864869,0.717297907122892,0.7096221964711816,0.7094743371477554,0.612970881427874
202506210616,50,Partner,NonVerbal,0.5,1,2,1,0.0,0,1,1,1,1,1,EN,,,,,,,,,1.0,0.0,-1,-1,1,3240,0.5,0.5,0.5224228864295365,0.6035861191121074,0.6972669573509186,0.7290071248419976,0.729904710894732,0.7262236126727389,0.7236227678821177,0.6459019527040263,0.6314696122912096
202506210616,51,Partner,NonVerbal,0.5,0,2,1,0.5,0,1,1,1,1,1,EN,,,,,,,,,1.0,0.0,-1,0,1,3241,0.5,0.5,0.543524267791859,0.633848905393355,0.7087004914335513,0.7320829319311304,0.7321414098681618,0.7253820970305439,0.7183651596656474,0.7029478972111601,0.5279964498878614
202506210616,52,Partner,NonVerbal,0.5,1,2,1,0.5,0,1,1,1,1,1,EN,,,,,,,,,1.0,0.0,-1,-1,1,3242,0.5,0.5,0.5429162016864704,0.6129067702020795,0.6676046385875407,0.6864649201155402,0.6879697830833044,0.6928406369472935,0.6698294372190153,0.670755358006417,0.6672358358071679
202506210616,55,Adversary,NonVerbal,0.5,0,2,1,0.0,0,-1,1,1,1,1,EN,,,,,,,,,0.0,1.0,-1,-1,1,3243,0.5,0.5,0.5007505228144002,0.5387698532017076,0.6532484862170245,0.6603660955335544,0.6911770680867525,0.6675398250204516,0.6065333443652349,0.5295189828473608,0.4516331740403196
202506210616,57,Adversary,NonVerbal,0.5,0,2,1,0.5,0,-1,1,1,1,1,EN,,,,,,,,,0.0,1.0,-1,0,1,3244,0.5,0.5,0.5041279897227701,0.5885054212780155,0.6838254815109484,0.721302308512958,0.7176882126428904,0.6757504680292143,0.605789254618882,0.5223082346938938,0.44029188045753154
202506210616,58,Adversary,NonVerbal,0.5,1,2,1,0.5,0,1,-1,1,1,0,EN,,,,,,,,,1.0,0.0,-1,-1,1,3245,0.5,0.5,0.5019177266986005,0.41757154654656375,0.3549773641715973,0.3424873708417379,0.25496153034047986,0.23243648699940572,0.29621958388942343,0.3947037466982951,0.47505127892270693
202506210616,59,Adversary,NonVerbal,0.5,0,2,1,1.0,0,-1,1,1,0,0,EN,,,,,,,,,0.0,1.0,-1,1,1,3246,0.5,0.5,0.49010736312491365,0.4813088069229399,0.4208953290118855,0.3914731611130535,0.3820647508883297,0.31870992376595547,0.3259724931278181,0.3147790816619226,0.38579039022779243
202506210616,61,Partner,NonVerbal,0.5,0,2,1,0.0,0,1,1,1,1,1,EN,,,,,,,,,1.0,0.0,-1,0,1,3247,0.5,0.5,0.5179389080768516,0.6005916789721396,0.677499795817887,0.6946040845593076,0.697342211602608,0.699847504899938,0.7004032059940748,0.7036012270979163,0.6775710588679726
202506210616,62,Partner,NonVerbal,0.5,1,2,1,0.0,0,0,0,1,0,-1,EN,,,,,,,,,0.0,0.0,-1,1,1,3248,0.5,0.5,0.47899201615570275,0.4001579555676943,0.39586074913679625,0.3754777856347771,0.4135498094806069,0.4365946808471264,0.4102454040753933,0.4865724683695942,0.4973793170207883
202506210616,63,Partner,NonVerbal,0.5,0,2,1,0.5,0,1,1,1,0,0,EN,,,,,,,,,1.0,0.0,-1,1,1,3249,0.5,0.5,0.45867273420994703,0.36859188260909104,0.2980127245536672,0.2830488005313274,0.28836785599890724,0.28914565684841215,0.29051721357165605,0.2614428595912487,0.23777177204430783
202506210616,64,Partner,NonVerbal,0.5,1,2,1,0.5,0,1,1,1,0,0,EN,,,,,,,,,1.0,0.0,-1,1,1,3250,0.5,0.5,0.482105153981474,0.45873552589860045,0.3935966755160686,0.3513227947559446,0.34875739216250934,0.3793397694154225,0.32866219308150724,0.26837838458418634,0.3140340189519586
202506210616,65,Partner,NonVerbal,0.5,0,2,1,1.0,0,1,1,1,0,0,EN,,,,,,,,,1.0,0.0,-1,1,1,3251,0.5,0.5,0.45786533970371174,0.36751640015644677,0.29077199588330954,0.27182957529104157,0.2924064551977111,0.28944072075354044,0.2842257268456772,0.3063947780371691,0.3188126181523436
202506210616,66,Partner,NonVerbal,0.5,1,2,1,1.0,0,1,1,1,0,0,EN,,,,,,,,,1.0,0.0,-1,1,1,3252,0.5,0.5,0.458163459857141,0.3928822839083288,0.3260538407924523,0.2881580529417059,0.2788599825830677,0.29818483105354426,0.3384044125555927,0.34918928487360307,0.36039213671905335
202506210616,67,Adversary,NonVerbal,0.5,0,2,1,0.0,0,-1,1,1,1,1,EN,,,,,,,,,0.0,1.0,-1,0,1,3253,0.5,0.5,0.5007674696684314,0.539043821530467,0.6451065664733736,0.6827839581168031,0.6807790353103105,0.6429121959826078,0.5770445114100803,0.4991264285085759,0.5243252832986028
202506210616,68,Adversary,NonVerbal,0.5,1,2,1,0.0,0,1,-1,1,0,1,EN,,,,,,,,,1.0,0.0,-1,1,1,3254,0.5,0.5,0.49966435678665594,0.5787678675917196,0.6332811640734535,0.7739531265041302,0.6277309669922625,0.6620011132965427,0.7181566596260652,0.650936195508586,0.6438905338553852
202506210616,69,Adversary,NonVerbal,0.5,0,2,1,0.5,0,-1,1,1,0,0,EN,,,,,,,,,0.0,1.0,-1,1,1,3255,0.5,0.5,0.49657147244225686,0.493238493099271,0.41871202697207677,0.3446137832431239,0.33695441618183797,0.34764143537568704,0.3485169812332582,0.3209393579663649,0.31102407908923835
202506210616,70,Adversary,NonVerbal,0.5,1,2,1,0.5,0,0,0,1,1,-1,EN,,,,,,,,,0.0,0.0,-1,0,1,3256,0.5,0.5,0.5022111750809656,0.4778677604292308,0.4088912260331263,0.3579350170012,0.3718576207023931,0.328563406889093,0.46757401511399255,0.5658380767346034,0.6784406642402984
202506210616,71,Adversary,NonVerbal,0.5,0,2,1,1.0,0,-1,1,1,1,1,EN,,,,,,,,,0.0,1.0,-1,0,1,3257,0.5,0.5,0.5113524737004366,0.5931685946767156,0.6648310388350211,0.7004277520656802,0.7082894992258603,0.6814437804828005,0.6252863097834259,0.5502693968737,0.4701645462323695
202506210616,72,Adversary,NonVerbal,0.5,1,2,1,1.0,0,-1,1,1,0,0,EN,,,,,,,,,0.0,1.0,-1,1,1,3258,0.5,0.5,0.4947849196823696,0.407821615564631,0.30839540582471153,0.365785127785773,0.29300142367814225,0.3753076474081895,0.3040907256672768,0.2738869424404039,0.2891704966695473
202506210616,73,Partner,NonVerbal,0.5,0,2,1,0.0,0,1,1,1,1,1,EN,,,,,,,,,1.0,0.0,-1,1,1,3259,0.5,0.5,0.5184312695802687,0.5974006405092162,0.6814480282488617,0.7056378251033572,0.7060512364870739,0.6996857713854802,0.6930846173965169,0.683015278613299,0.6261299808157159
202506210616,74,Partner,NonVerbal,0.5,1,2,1,0.0,0,1,1,1,0,0,EN,,,,,,,,,1.0,0.0,-1,1,1,3260,0.5,0.5,0.47857864768106906,0.39468820108142016,0.4110109706595983,0.3764468503690236,0.3880175523406157,0.3945663196032548,0.41090434678409515,0.4306019272011485,0.4461788917171826
202506210616,75,Partner,NonVerbal,0.5,0,2,1,0.5,0,1,1,1,0,0,EN,,,,,,,,,1.0,0.0,-1,1,1,3261,0.5,0.5,0.45868839388800003,0.3700212833816244,0.29713588788683537,0.2719616149392278,0.266239238462764,0.25525320434969734,0.247378196296116,0.24715633710926507,0.2746806850952434
202506210616,76,Partner,NonVerbal,0.5,1,2,1,0.5,0,1,1,1,0,0,EN,,,,,,,,,1.0,0.0,-1,1,1,3262,0.5,0.5,0.500248900278596,0.4112561191436215,0.3107030460671051,0.3652827826811238,0.33436709031322676,0.46556062720788755,0.3903477348154464,0.5254851562546984,0.4938547660979033
202506210616,77,Partner,NonVerbal,0.5,0,2,1,1.0,0,1,1,1,0,0,EN,,,,,,,,,1.0,0.0,-1,1,1,3263,0.5,0.5,0.45818218576994507,0.42071916202231285,0.3766744893115919,0.35344688583892203,0.36331820026682804,0.3736129477533553,0.39765117520338117,0.3626817761146216,0.3231090010004934
202506210616,78,Partner,NonVerbal,0.5,1,2,1,1.0,0,1,1,1,0,0,EN,,,,,,,,,1.0,0.0,-1,1,1,3264,0.5,0.5,0.4568918489014119,0.3648346158024218,0.28764081377536554,0.2496092682453625,0.2376135912202787,0.23010242400945852,0.2225486360505577,0.22065105114494227,0.22079329396481517
202506210616,80,Adversary,NonVerbal,0.5,1,2,1,0.0,0,-1,1,1,0,0,EN,,,,,,,,,0.0,1.0,-1,1,1,3265,0.5,0.5,0.49963039761339306,0.6409885159238385,0.8522245683772304,0.7267395170880536,0.7133770830636971,0.5296323701173679,0.47618774046910495,0.3735821035760764,0.29365772434208554
202506210616,81,Adversary,NonVerbal,0.5,0,2,1,0.5,0,-1,1,1,1,1,EN,,,,,,,,,0.0,1.0,-1,0,1,3266,0.5,0.5,0.503991612349258,0.5864930205992969,0.6735826458386913,0.6987537582066421,0.6677596413743133,0.629403373373447,0.6867588343620779,0.6910351150744827,0.7107674867136505
202506210616,83,Adversary,NonVerbal,0.5,0,2,1,1.0,0,-1,1,1,1,1,EN,,,,,,,,,0.0,1.0,-1,-1,1,3267,0.5,0.5,0.5113991269393976,0.5225094928090571,0.6095959600910521,0.6602731509446075,0.6423765707046816,0.5923368341852945,0.6166712893884911,0.6324931068547384,0.6576630548968824
202506210616,84,Adversary,NonVerbal,0.5,1,2,1,1.0,0,-1,1,1,0,0,EN,,,,,,,,,0.0,1.0,-1,1,1,3268,0.5,0.5,0.49693253042912433,0.4854480846712392,0.471794028270421,0.3669638473394431,0.3100226396335215,0.28272223768130206,0.25810844496412055,0.2264451266977178,0.21147332419577572
202506210616,85,Partner,NonVerbal,0.5,0,2,1,0.0,0,1,1,1,1,1,EN,,,,,,,,,1.0,0.0,-1,-1,1,3269,0.5,0.5,0.5183729801301894,0.5375862238193511,0.5712171601169868,0.5866586126329922,0.5863111797931327,0.5859915624547775,0.5853575067042491,0.5875121924445235,0.5692094628153401
202506210616,88,Partner,NonVerbal,0.5,1,2,1,0.5,0,1,1,1,1,1,EN,,,,,,,,,1.0,0.0,-1,0,1,3270,0.5,0.5,0.54314481752721,0.6113666502336952,0.6803427325738984,0.7101601987555484,0.7137023496385044,0.7428085590235812,0.7644762111245289,0.7704902774497179,0.7501723693751423
202506210616,90,Partner,NonVerbal,0.5,1,2,1,1.0,0,1,1,1,0,0,EN,,,,,,,,,1.0,0.0,-1,1,1,3271,0.5,0.5,0.45771192432415203,0.36557694741296826,0.2873443575981085,0.26687356824466063,0.2748128025835749,0.3714826037858179,0.43624088790554005,0.44944393817139155,0.4533741380793472
202506210616,92,Adversary,NonVerbal,0.5,1,2,1,0.0,0,1,-1,1,0,1,EN,,,,,,,,,1.0,0.0,-1,1,1,3272,0.5,0.5,0.49965019835118696,0.6433522264284763,0.8286875145412348,0.9088024551571973,0.7492981855280111,0.6680774929133088,0.5949558186246319,0.7779594486587377,0.8971343286022284
202506210616,94,Adversary,NonVerbal,0.5,1,2,1,0.5,0,-1,1,1,0,0,EN,,,,,,,,,0.0,1.0,-1,1,1,3273,0.5,0.5,0.4981172601268615,0.5152515135078926,0.5363657327991188,0.6715550473486539,0.5895847605288237,0.37723700530901066,0.3771926934174162,0.317881894678571,0.3296952120410753
202506210616,95,Adversary,NonVerbal,0.5,0,2,1,1.0,0,-1,1,1,1,1,EN,,,,,,,,,0.0,1.0,-1,0,1,3274,0.5,0.5,0.5115050580986099,0.5224367475117109,0.5814589996248696,0.6283965736269641,0.5002150132696064,0.35060434533533563,0.5219875366603992,0.5358632436670784,0.6126975191317835
202506210616,96,Adversary,NonVerbal,0.5,1,2,1,1.0,0,-1,1,1,0,0,EN,,,,,,,,,0.0,1.0,-1,1,1,3275,0.5,0.5,0.49292645956110404,0.419461071376525,0.3177124258711671,0.29095928284651906,0.28219070055246387,0.27033593969004543,0.2374038237640642,0.20561487802083867,0.20364478607041903
202506210616,97,Partner,NonVerbal,0.5,0,2,1,0.0,0,1,1,1,1,1,EN,,,,,,,,,1.0,0.0,-1,0,1,3276,0.5,0.5,0.5178708819790067,0.5358348798533804,0.6020400467459819,0.6459101685183276,0.6514748907913156,0.6516192940200597,0.6501904642132958,0.647266890980908,0.651864435680946
202506210616,98,Partner,NonVerbal,0.5,1,2,1,0.0,0,1,1,1,1,1,EN,,,,,,,,,1.0,0.0,-1,-1,1,3277,0.5,0.5,0.5238642795530857,0.5445155559078106,0.5796376975274834,0.597075589746706,0.608248346068671,0.6045465552654585,0.622975343015048,0.6245245043378334,0.6152771879201361
202506210616,99,Partner,NonVerbal,0.5,0,2,1,0.5,0,1,1,1,1,1,EN,,,,,,,,,1.0,0.0,-1,0,1,3278,0.5,0.5,0.5588211957956021,0.6329449602139069,0.6967746250809868,0.7134016222837597,0.7106585725612242,0.7089556087915783,0.7056594999374877,0.7027667488413754,0.7020171579668348
202506210616,100,Partner,NonVerbal,0.5,1,2,1,0.5,0,1,1,1,1,1,EN,,,,,,,,,1.0,0.0,-1,-1,1,3279,0.5,0.5,0.5592758488765633,0.6442276299293318,0.7160181085070582,0.7265358686362529,0.7127024467893179,0.6819080659705005,0.7114279575445022,0.7542352622220444,0.7808633064724015
202506210616,101,Partner,NonVerbal,0.5,0,2,1,1.0,0,1,1,1,1,1,EN,,,,,,,,,1.0,0.0,-1,-1,1,3280,0.5,0.5,0.5441759055685349,0.6357166892786108,0.7011824685587229,0.7165336641709495,0.7148430809170129,0.6670156214344772,0.6982898332992903,0.7073259049598483,0.711802579960926
202506210616,102,Partner,NonVerbal,0.5,1,2,1,1.0,0,1,1,1,1,1,EN,,,,,,,,,1.0,0.0,-1,1,1,3281,0.5,0.5,0.5433676692067522,0.6321944314742519,0.7036926062210072,0.7269076892183031,0.7283433816968051,0.7320868291321437,0.7419402182229843,0.7516250221526771,0.7561262525520954
202506210616,103,Adversary,NonVerbal,0.5,0,2,1,0.0,0,-1,1,1,0,0,EN,,,,,,,,,0.0,1.0,-1,1,1,3282,0.5,0.5,0.4993399556074313,0.4617445587328796,0.34643178802513125,0.2998771531541302,0.29906906848113796,0.313968104492418,0.3213152700357821,0.3359979956269252,0.3316469795404935
202506210616,105,Adversary,NonVerbal,0.5,0,2,1,0.5,0,-1,1,1,1,1,EN,,,,,,,,,0.0,1.0,-1,0,1,3283,0.5,0.5,0.5040533546329479,0.5869684797590902,0.6742573290748053,0.6752960634752565,0.7346926731934916,0.7378447320166224,0.7491539274303083,0.6935737399339809,0.5500628355899547
202506210616,106,Adversary,NonVerbal,0.5,1,2,1,0.5,0,1,-1,1,0,1,EN,,,,,,,,,1.0,0.0,-1,1,1,3284,0.5,0.5,0.4983037771851477,0.6398915478735132,0.8065683720886825,0.8956690240655539,0.9452046515964336,0.9312689375927138,0.8967360191342242,0.915574939846867,0.6617934414629332
202506210616,108,Adversary,NonVerbal,0.5,1,2,1,1.0,0,-1,1,1,0,0,EN,,,,,,,,,0.0,1.0,-1,1,1,3285,0.5,0.5,0.4951703678518105,0.4814057457406514,0.46134823326657676,0.35820935110255103,0.3226187020037525,0.3201114179362723,0.2913130266354477,0.2604668451052658,0.25373206464973863
202506210616,109,Partner,NonVerbal,0.5,0,2,1,0.0,0,1,1,1,1,1,EN,,,,,,,,,1.0,0.0,-1,1,1,3286,0.5,0.5,0.5182703921829126,0.5981745395203486,0.6874867639292195,0.7151046579695162,0.6924926121934616,0.671662249163422,0.6801350859235002,0.6830508429834743,0.6810770875151108
202506210616,110,Partner,NonVerbal,0.5,1,2,1,0.0,0,-1,-1,1,0,1,EN,,,,,,,,,0.0,1.0,-1,1,1,3287,0.5,0.5,0.5005198254937664,0.4823576221359359,0.40938798562947565,0.3700665728814291,0.3753685377902666,0.5016881210370518,0.5779225129896474,0.6276538233852268,0.6518731197624801
202506210616,111,Partner,NonVerbal,0.5,0,2,1,0.5,0,1,1,1,1,1,EN,,,,,,,,,1.0,0.0,-1,0,1,3288,0.5,0.5,0.5427763163541397,0.6331423720283398,0.6880123677859291,0.6952432870711098,0.6929878026561123,0.6965611059498441,0.7068222601479852,0.7150203854149636,0.7191227613834036
202506210616,112,Partner,NonVerbal,0.5,1,2,1,0.5,0,1,1,1,0,0,EN,,,,,,,,,1.0,0.0,-1,1,1,3289,0.5,0.5,0.4580506800176475,0.3669402574486157,0.4270831671285231,0.5029609125442353,0.6392258599089121,0.6100820834695287,0.5502057134254873,0.4853728948917473,0.44205056768200335
202506210616,113,Partner,NonVerbal,0.5,0,2,1,1.0,0,1,1,1,1,1,EN,,,,,,,,,1.0,0.0,-1,1,1,3290,0.5,0.5,0.5439122898527544,0.6345932003538803,0.6902336801644455,0.6977463548838326,0.696378885210605,0.6857855199970807,0.6934005030565233,0.7000337150797631,0.707552774781597
202506210616,114,Partner,NonVerbal,0.5,1,2,1,1.0,0,1,1,1,1,1,EN,,,,,,,,,1.0,0.0,-1,1,1,3291,0.5,0.5,0.5434707289646217,0.6341114813388091,0.7116151177565135,0.7375345973441807,0.7588390334102934,0.7916055639792977,0.8165688595170462,0.831314186561075,0.8337723506411594
202506210616,115,Adversary,NonVerbal,0.5,0,2,1,0.0,0,-1,1,1,0,0,EN,,,,,,,,,0.0,1.0,-1,1,1,3292,0.5,0.5,0.4993535970035199,0.4987202035323451,0.41783170068854,0.38237621690481643,0.2965626728830514,0.4454190901456613,0.6221158768166034,0.4874886694489337,0.43959790823968
202506210616,118,Adversary,NonVerbal,0.5,1,2,1,0.5,0,1,-1,1,1,0,EN,,,,,,,,,1.0,0.0,-1,1,1,3293,0.5,0.5,0.5020969460796258,0.4778917423303161,0.42027866987307594,0.3978651453720447,0.35454946696029443,0.3934310574960169,0.4814591687514627,0.46109730913974545,0.5420793116671143
202506210616,120,Adversary,NonVerbal,0.5,1,2,1,1.0,0,-1,1,1,0,0,EN,,,,,,,,,0.0,1.0,-1,1,1,3294,0.5,0.5,0.4951084514550388,0.4866343616596293,0.47084699071593467,0.4351936070941241,0.43095266478676675,0.4268680230228224,0.42114775890616446,0.4301460300072693,0.4574665003880262
202506210616,122,Partner,NonVerbal,0.5,1,2,1,0.0,0,1,1,1,1,1,EN,,,,,,,,,1.0,0.0,-1,0,1,3295,0.5,0.5,0.5058223745207036,0.5923156069432465,0.6873130898529158,0.7167457117647342,0.7167846992306406,0.6839881595813753,0.710599901318644,0.7045092255589963,0.6809952589140779
202506210616,123,Partner,NonVerbal,0.5,0,2,1,0.5,0,1,1,1,1,1,EN,,,,,,,,,1.0,0.0,-1,0,1,3296,0.5,0.5,0.5434127469946837,0.5825938757292316,0.6543485379132903,0.6951831310393669,0.7218547311226765,0.7234478103548918,0.7023594232045003,0.7004597703250736,0.6989421815742597
202506210616,124,Partner,NonVerbal,0.5,1,2,1,0.5,0,1,1,1,1,1,EN,,,,,,,,,1.0,0.0,-1,-1,1,3297,0.5,0.5,0.5431954017345986,0.582655901362505,0.6178520796978549,0.6403666997214452,0.6428511440988468,0.6492331098864959,0.6487068680367305,0.6399769535494545,0.6309722917953678
202506210616,125,Partner,NonVerbal,0.5,0,2,1,1.0,0,1,1,1,0,0,EN,,,,,,,,,1.0,0.0,-1,1,1,3298,0.5,0.5,0.45698451080046704,0.36646262859116907,0.3022825109849589,0.28721464170947125,0.2856530971249334,0.2831740603584514,0.3362417940436408,0.38481770053090986,0.3918198702673414
202506210616,126,Partner,NonVerbal,0.5,1,2,1,1.0,0,1,1,1,1,1,EN,,,,,,,,,1.0,0.0,-1,0,1,3299,0.5,0.5,0.5380469976710808,0.5763239048893585,0.6493471936763129,0.6941911578896777,0.6995866200830466,0.7058225787215959,0.7109974550485462,0.7168068138003306,0.7219142200530481
202506210616,127,Adversary,NonVerbal,0.5,0,2,1,0.0,0,-1,1,1,1,1,EN,,,,,,,,,0.0,1.0,-1,0,1,3300,0.5,0.5,0.5007656182425396,0.5376490069527475,0.640101102439732,0.6451166763245918,0.6910502986511152,0.5366061778746037,0.3663801392736097,0.4176064050023982,0.45194531761302925
202506210616,128,Adversary,NonVerbal,0.5,1,2,1,0.0,0,1,-1,1,1,0,EN,,,,,,,,,1.0,0.0,-1,-1,1,3301,0.5,0.5,0.5003252242664352,0.3608023667248701,0.2925887986967182,0.282100211433707,0.22443160255702546,0.167461704391274,0.26940963181400607,0.155553020961443,0.11176121988730038
202506210616,131,Adversary,NonVerbal,0.5,0,2,1,1.0,0,-1,1,1,1,1,EN,,,,,,,,,0.0,1.0,-1,0,1,3302,0.5,0.5,0.5115590502888886,0.5816461716270495,0.6563390325259223,0.6634708880145325,0.6873728618902106,0.7181286881698786,0.7166278963872071,0.6777852253954761,0.6101774869525483
202506210616,132,Adversary,NonVerbal,0.5,1,2,1,1.0,0,-1,1,1,0,0,EN,,,,,,,,,0.0,1.0,-1,1,1,3303,0.5,0.5,0.49437363915307925,0.48874115003794,0.48264739745554464,0.4430124220497614,0.4307419652598797,0.4309084855498777,0.4309425097606754,0.4309485617102896,0.430952398962232
202506210616,134,Partner,NonVerbal,0.5,1,2,1,0.0,0,1,1,1,0,0,EN,,,,,,,,,1.0,0.0,-1,1,1,3304,0.5,0.5,0.47136459636613903,0.45422244841472253,0.37389932490982813,0.3240731106249147,0.32213382433377347,0.3169385562851012,0.332543787739915,0.3474627513871057,0.35605084125684866
202506210616,135,Partner,NonVerbal,0.5,0,2,1,0.5,0,1,1,1,0,0,EN,,,,,,,,,1.0,0.0,-1,1,1,3305,0.5,0.5,0.4572459016754993,0.4196463889883638,0.40793761353062796,0.40704619119466035,0.390781539318777,0.3633599692643445,0.3487383458563934,0.34695778583175213,0.34652959305048997
202506210616,136,Partner,NonVerbal,0.5,1,2,1,0.5,0,1,1,1,0,0,EN,,,,,,,,,1.0,0.0,-1,1,1,3306,0.5,0.5,0.45169580959770744,0.40932831796446967,0.36500593149796706,0.32545620649807033,0.3337728612409742,0.4017645382347648,0.5058752995186852,0.457049917160814,0.4588574077925542
202506210616,137,Partner,NonVerbal,0.5,0,2,1,1.0,0,0,0,1,0,-1,EN,,,,,,,,,0.0,0.0,-1,1,1,3307,0.5,0.5,0.44249574355912963,0.36008478896344326,0.3101613296848068,0.3122089420123717,0.32554924802903845,0.33074962801678065,0.35896449487760523,0.43460841730544925,0.5146671039955242
202506210616,139,Adversary,NonVerbal,0.5,0,2,1,0.0,0,-1,1,1,1,1,EN,,,,,,,,,0.0,1.0,-1,-1,1,3308,0.5,0.5,0.5007418841518251,0.5380865599194958,0.6495049999353695,0.6906610593793175,0.6887171657636822,0.6523591973067056,0.5839881062142996,0.5036480846571356,0.42558722712191327
202506210616,140,Adversary,NonVerbal,0.5,1,2,1,0.0,0,1,-1,1,0,1,EN,,,,,,,,,1.0,0.0,-1,1,1,3309,0.5,0.5,0.4996832585226133,0.6032312145780029,0.7804019710878978,0.6339431127779146,0.6665933258295501,0.7937070861494399,0.9118378597395096,0.9442512139207694,0.9463209143736123
202506210616,142,Adversary,NonVerbal,0.5,1,2,1,0.5,0,1,-1,1,1,0,EN,,,,,,,,,1.0,0.0,-1,0,1,3310,0.5,0.5,0.501786082481791,0.3660409459696419,0.284250692219347,0.36258347546478753,0.24953993497995688,0.410285183986688,0.2572937193520148,0.28185428291585074,0.34873044252882035
202506210616,145,Partner,NonVerbal,0.5,0,2,1,0.0,0,1,1,1,0,0,EN,,,,,,,,,1.0,0.0,-1,1,1,3311,0.5,0.5,0.48282743933583033,0.4657147652744318,0.39634696290549665,0.35855351692962256,0.36273493313794275,0.36416259673108947,0.38899335217949343,0.4183612768884416,0.4261600436076765
202506210616,147,Partner,NonVerbal,0.5,0,2,1,0.5,0,1,1,1,0,0,EN,,,,,,,,,1.0,0.0,-1,1,1,3312,0.5,0.5,0.4584875603380125,0.4216263315630295,0.3601637198327169,0.3235657755096917,0.34636272356246406,0.38016093857442723,0.3943468703533969,0.40836561061999577,0.41477270916656045
202506210616,148,Partner,NonVerbal,0.5,1,2,1,0.5,0,1,1,1,0,0,EN,,,,,,,,,1.0,0.0,-1,1,1,3313,0.5,0.5,0.500351299218314,0.4977236040599338,0.41364795806387844,0.35483847271372626,0.49518226669463034,0.6376812704943222,0.5376307351380621,0.49595447661335657,0.4280844078398183
202506210616,150,Partner,NonVerbal,0.5,1,2,1,1.0,0,1,1,1,1,1,EN,,,,,,,,,1.0,0.0,-1,-1,1,3314,0.5,0.5,0.5404623518525993,0.6305212362646514,0.705978983806886,0.730787909616315,0.7322262401649553,0.7331828274289596,0.7354561716377462,0.7403607975439683,0.7450233671477707
202506210616,153,Adversary,NonVerbal,0.5,0,2,1,0.5,0,-1,1,1,0,0,EN,,,,,,,,,0.0,1.0,-1,1,1,3315,0.5,0.5,0.49649476159510747,0.4260024724742178,0.3295539642025083,0.29817911018709603,0.3272783746638746,0.3364161323490544,0.3232918678575443,0.3420280409465492,0.3611011927579159
202506210616,155,Adversary,NonVerbal,0.5,0,2,1,1.0,0,-1,1,1,1,1,EN,,,,,,,,,0.0,1.0,-1,1,1,3316,0.5,0.5,0.5114278421229692,0.594596952758534,0.6843770637751394,0.7216687622372514,0.7181889150192529,0.7179328909462465,0.7031383867226828,0.7240139065754267,0.5447751474210673
202506210616,156,Adversary,NonVerbal,0.5,1,2,1,1.0,0,-1,1,1,1,1,EN,,,,,,,,,0.0,1.0,-1,0,1,3317,0.5,0.5,0.5001001625179837,0.5880507363357558,0.6733758116902068,0.6928879517730092,0.6929140620987718,0.6926964049927816,0.6895008924276256,0.6659683485426968,0.7120348105883321
202506210616,157,Partner,NonVerbal,0.5,0,2,1,0.0,0,1,1,1,0,0,EN,,,,,,,,,1.0,0.0,-1,1,1,3318,0.5,0.5,0.4832645613486069,0.4659565351262265,0.3863601396322449,0.33944280424788137,0.30133990267498123,0.2719703270472261,0.276496660207786,0.28926386544904475,0.29794521798962625
202506210616,158,Partner,NonVerbal,0.5,1,2,1,0.0,0,1,1,1,1,1,EN,,,,,,,,,1.0,0.0,-1,-1,1,3319,0.5,0.5,0.500414629877407,0.5207269309107975,0.5695849796800183,0.5970476387188753,0.5991014689940625,0.6094469922366759,0.6248616171787628,0.6325518363552022,0.5885131609187858
202506210616,160,Partner,NonVerbal,0.5,1,2,1,0.5,0,1,1,1,1,1,EN,,,,,,,,,1.0,0.0,-1,0,1,3320,0.5,0.5,0.5429499057669865,0.6315158946276163,0.7119151609693554,0.7619674309890441,0.7943240426437643,0.8185113238283662,0.7622465027020661,0.7826401738156571,0.7869707671539097
202506211339,3,Partner,NonVerbal,0.5,0,2,1,0.5,0,-1,-1,0,1,1,EN,,,,,,,,,0.0,1.0,-1,0,1,3321,0.5,0.5,0.5433307885718073,0.5826085647376695,0.6089886882334885,0.6220127439938153,0.6253169491368903,0.6342845868204178,0.6479289542667518,0.6637540221254882,0.6779063546490435
202506211339,4,Partner,NonVerbal,0.5,1,2,1,0.5,0,-1,-1,0,1,1,EN,,,,,,,,,0.0,1.0,-1,0,1,3322,0.5,0.5,0.5003697472978761,0.5896357765193215,0.6933744488275847,0.7270317846874037,0.7269316170821069,0.7042375269785797,0.6771374122302839,0.6916969522972357,0.5728743160047179
202506211339,5,Partner,NonVerbal,0.5,0,2,1,1.0,0,-1,-1,0,0,0,EN,,,,,,,,,0.0,1.0,-1,1,1,3323,0.5,0.5,0.4574941601969779,0.41975604967537333,0.3507035991603106,0.3113880140973511,0.31568106732459367,0.31639080700965955,0.3604423895642809,0.4384183685486217,0.4694463050848767
202506211339,7,Adversary,NonVerbal,0.5,0,2,1,0.0,0,1,-1,0,1,1,EN,,,,,,,,,1.0,0.0,-1,0,1,3324,0.5,0.5,0.5007602630124339,0.5381313288837164,0.6612881497456324,0.7042339796529758,0.694721518910033,0.6467033441042285,0.573895374449291,0.49197512998653187,0.47597473764171294
202506211339,10,Adversary,NonVerbal,0.5,1,2,1,0.5,0,-1,1,0,0,1,EN,,,,,,,,,0.0,1.0,-1,1,1,3325,0.5,0.5,0.497608544334084,0.638600160281746,0.7109343746974972,0.8492741741330353,0.9354379640480913,0.9618883065660941,0.955547402973225,0.9339668058644705,0.9080174215511183
202506211339,11,Adversary,NonVerbal,0.5,0,2,1,1.0,0,1,-1,0,0,0,EN,,,,,,,,,1.0,0.0,-1,1,1,3326,0.5,0.5,0.4898200340803684,0.48077802712986156,0.39552734002715867,0.33299952661396515,0.47584222491757966,0.5649271912274995,0.4945033153096782,0.4435587891051579,0.4411646380704416
202506211339,12,Adversary,NonVerbal,0.5,1,2,1,1.0,0,1,-1,0,0,0,EN,,,,,,,,,1.0,0.0,-1,1,1,3327,0.5,0.5,0.4950243960551091,0.4873489302665698,0.40474073411175615,0.34744962845031313,0.3430466404427303,0.3376693140820121,0.30686092543656096,0.27025315266212674,0.24838715943511533
202506211339,13,Partner,NonVerbal,0.5,0,2,1,0.0,0,1,1,1,0,0,EN,,,,,,,,,1.0,0.0,-1,1,1,3328,0.5,0.5,0.48251056641059253,0.46520830601149105,0.43296506238909377,0.4155130872498609,0.4139486269594134,0.4022861204651958,0.3910244028702518,0.39130038874484485,0.3799241653856051
202506211339,15,Partner,NonVerbal,0.5,0,2,1,0.5,0,1,1,1,0,0,EN,,,,,,,,,1.0,0.0,-1,1,1,3329,0.5,0.5,0.450372827905138,0.36739320534388564,0.29367594243869843,0.26777484055478284,0.2672247019414935,0.26404130660186625,0.25855419840673527,0.2539931213681323,0.25005794957489264
202506211339,16,Partner,NonVerbal,0.5,1,2,1,0.5,0,1,1,1,0,0,EN,,,,,,,,,1.0,0.0,-1,1,1,3330,0.5,0.5,0.4573077032973088,0.4199852332311556,0.3656171449230447,0.3374076875309178,0.3429167870051012,0.3420515419913163,0.37297923027637037,0.4207660007633046,0.45359708940628324
202506211339,17,Partner,NonVerbal,0.5,0,2,1,1.0,0,1,1,1,0,0,EN,,,,,,,,,1.0,0.0,-1,1,1,3331,0.5,0.5,0.45709803358503887,0.3693143892867213,0.2924077387604485,0.268120312446086,0.2543972551675346,0.24017454547713718,0.22633719828223603,0.21675981935503305,0.21878274611527268
202506211339,19,Adversary,NonVerbal,0.5,0,2,1,0.0,0,-1,1,1,1,1,EN,,,,,,,,,0.0,1.0,-1,0,1,3332,0.5,0.5,0.500762879932318,0.5391255671609747,0.6678054005960077,0.681511699083724,0.7091060596251585,0.691733627892406,0.6367194934599567,0.5609402639255568,0.48017111858189027
202506211339,21,Adversary,NonVerbal,0.5,0,2,1,0.5,0,-1,1,1,1,1,EN,,,,,,,,,0.0,1.0,-1,1,1,3333,0.5,0.5,0.5039791044567388,0.5867045708604488,0.6763953481323605,0.6751866623220382,0.716024685816812,0.5509601136871426,0.3729803304289777,0.5192969742650805,0.519203236010872
202506211339,22,Adversary,NonVerbal,0.5,1,2,1,0.5,0,1,-1,1,1,0,EN,,,,,,,,,1.0,0.0,-1,1,1,3334,0.5,0.5,0.5021149333932668,0.4778936863590617,0.45566181798336913,0.37484950177565923,0.306158722793939,0.33504437656672187,0.45618683984477254,0.2678941763981202,0.13766442615399008
202506211339,23,Adversary,NonVerbal,0.5,0,2,1,1.0,0,-1,1,1,0,0,EN,,,,,,,,,0.0,1.0,-1,1,1,3335,0.5,0.5,0.48996235611817424,0.48109802820403363,0.39167074457748524,0.339435767406689,0.34457080089267456,0.3919842375530499,0.4822262637588073,0.5698322815935926,0.5655317987285992
202506211339,25,Partner,NonVerbal,0.5,0,2,1,0.0,0,1,1,1,1,1,EN,,,,,,,,,1.0,0.0,-1,1,1,3336,0.5,0.5,0.5183984852733357,0.5375095027379588,0.617797602894464,0.6668719462174235,0.6684626877646136,0.6471585808681246,0.6440231607734691,0.6866383210619941,0.6748129356448402
202506211339,26,Partner,NonVerbal,0.5,1,2,1,0.0,0,1,1,1,0,0,EN,,,,,,,,,1.0,0.0,-1,1,1,3337,0.5,0.5,0.4789227905788248,0.39592696530096394,0.47340178479120326,0.4614821766601097,0.4627139115280821,0.4631381193132523,0.4632474111479924,0.463313463228181,0.46643917390094564
202506211339,27,Partner,NonVerbal,0.5,0,2,1,0.5,0,1,1,1,1,1,EN,,,,,,,,,1.0,0.0,-1,0,1,3338,0.5,0.5,0.5432937185586693,0.6339842043090529,0.6979502326555769,0.7153370938600269,0.7185382261156422,0.7154067466012161,0.7115561066109511,0.7121499628652304,0.7131891382983649
202506211339,30,Partner,NonVerbal,0.5,1,2,1,1.0,0,1,1,1,1,1,EN,,,,,,,,,1.0,0.0,-1,-1,1,3339,0.5,0.5,0.5119172018996755,0.5995687983159438,0.6805819899864148,0.7032403759086984,0.7083413765847008,0.7161156512392496,0.7224744414160724,0.7266374092492597,0.7336489027889302
202506211339,31,Adversary,NonVerbal,0.5,0,2,1,0.0,0,-1,1,1,1,1,EN,,,,,,,,,0.0,1.0,-1,-1,1,3340,0.5,0.5,0.5007567496654735,0.501589652284556,0.5850057038658931,0.6709472906181143,0.6812709727763102,0.6609523446327307,0.6039958422490388,0.5292053915848437,0.45081128389257413
202506211339,32,Adversary,NonVerbal,0.5,1,2,1,0.0,0,1,-1,1,1,0,EN,,,,,,,,,1.0,0.0,-1,0,1,3341,0.5,0.5,0.5003603346273354,0.41277178961210065,0.3526314977871589,0.23179124186039052,0.2812503646382793,0.29705394921337513,0.35795451020489777,0.4716084468097427,0.5153319817394536
202506211339,33,Adversary,NonVerbal,0.5,0,2,1,0.5,0,-1,1,1,0,0,EN,,,,,,,,,0.0,1.0,-1,1,1,3342,0.5,0.5,0.4964702728016465,0.4159972049248509,0.31567241906936133,0.30823655026562075,0.27609907411591394,0.27706377600236193,0.28875439076073456,0.28897310568924856,0.2635134419930672
202506211339,34,Adversary,NonVerbal,0.5,1,2,1,0.5,0,0,0,1,0,-1,EN,,,,,,,,,0.0,0.0,-1,1,1,3343,0.5,0.5,0.5000106363277614,0.640972961625108,0.6541332590155052,0.5555676089476181,0.608242283411143,0.5182902899004163,0.5243077376052778,0.48978740818104727,0.3867074821093466
202506211339,35,Adversary,NonVerbal,0.5,0,2,1,1.0,0,-1,1,1,0,0,EN,,,,,,,,,0.0,1.0,-1,1,1,3344,0.5,0.5,0.49018612020428015,0.4079648636607284,0.3243183645593481,0.29038929301904637,0.4477201849935331,0.624235195457468,0.4811229109774239,0.4417850528498141,0.38037240233715774
202506211339,36,Adversary,NonVerbal,0.5,1,2,1,1.0,0,-1,1,1,0,0,EN,,,,,,,,,0.0,1.0,-1,1,1,3345,0.5,0.5,0.49515597835097214,0.40880117487312867,0.30699585267112534,0.24851976095795314,0.21530302506759272,0.19412797782635755,0.18085305775989233,0.1736914656432861,0.2663366687671379
202506211339,37,Partner,NonVerbal,0.5,0,2,1,0.0,0,1,1,1,1,1,EN,,,,,,,,,1.0,0.0,-1,0,1,3346,0.5,0.5,0.5184467478531668,0.6002331874850737,0.693506817521943,0.7224085290006316,0.722372439212639,0.6470002532938843,0.6704741516200327,0.7070878835837705,0.7168550329081917
202506211339,38,Partner,NonVerbal,0.5,1,2,1,0.0,0,1,1,1,1,1,EN,,,,,,,,,1.0,0.0,-1,-1,1,3347,0.5,0.5,0.5214198636670445,0.5418901971861686,0.4332345842576605,0.3367179684389333,0.46769642129313166,0.6114181314329374,0.546941342480532,0.5369123767756737,0.5071167144285234
202506211339,39,Partner,NonVerbal,0.5,0,2,1,0.5,0,1,1,1,0,0,EN,,,,,,,,,1.0,0.0,-1,1,1,3348,0.5,0.5,0.4585019830839715,0.42155847972265076,0.3751809404070546,0.34869215280152216,0.3689397155945025,0.39718387968646135,0.4085241162818678,0.4132548223809893,0.413043565502961
202506211339,41,Partner,NonVerbal,0.5,0,2,1,1.0,0,1,1,1,1,1,EN,,,,,,,,,1.0,0.0,-1,0,1,3349,0.5,0.5,0.5441090823132809,0.6352467222518269,0.6963938231662898,0.707801343189834,0.7065973363316254,0.7040035634274229,0.6950626169989721,0.6913042808782062,0.6930553059245739
202506211339,42,Partner,NonVerbal,0.5,1,2,1,1.0,0,1,1,1,0,0,EN,,,,,,,,,1.0,0.0,-1,1,1,3350,0.5,0.5,0.45757024502159865,0.390258471086386,0.3392584155086583,0.3204436455700346,0.31562705930613777,0.3072984844140448,0.2934969025312878,0.2768238882609745,0.24727255230151154
202506211339,43,Adversary,NonVerbal,0.5,0,2,1,0.0,0,-1,1,1,0,0,EN,,,,,,,,,0.0,1.0,-1,1,1,3351,0.5,0.5,0.4993392054111023,0.49870909886529813,0.4346623876399019,0.3564342569855703,0.34118114527748816,0.3627384466628364,0.3805206036837618,0.37536186885539086,0.372473149395397
202506211339,44,Adversary,NonVerbal,0.5,1,2,1,0.0,0,-1,1,1,0,0,EN,,,,,,,,,0.0,1.0,-1,1,1,3352,0.5,0.5,0.49988425948224,0.5215758479915459,0.541334653998568,0.5460160864786626,0.45658157180663234,0.35696128115030523,0.3132711171378255,0.33282515544042435,0.29732035515141725
202506211339,46,Adversary,NonVerbal,0.5,1,2,1,0.5,0,1,-1,1,0,1,EN,,,,,,,,,1.0,0.0,-1,1,1,3353,0.5,0.5,0.49831683928691484,0.6380306047680903,0.8466149326668063,0.7555917124080195,0.7928073583961301,0.6708439096341364,0.5875355890954235,0.5327916496089772,0.6168484322253985
202506211339,48,Adversary,NonVerbal,0.5,1,2,1,1.0,0,-1,1,1,0,0,EN,,,,,,,,,0.0,1.0,-1,1,1,3354,0.5,0.5,0.49500781324288634,0.40900482115119025,0.3745958779441477,0.3082588142829004,0.2926194301007393,0.2771346198737162,0.23118686131220983,0.2033295975393718,0.18218544802920858
202506211339,49,Partner,NonVerbal,0.5,0,2,1,0.0,0,1,1,1,1,1,EN,,,,,,,,,1.0,0.0,-1,0,1,3355,0.5,0.5,0.5184032657139767,0.598784575793116,0.6746011681202085,0.692400437261682,0.6823270038501951,0.5321118180554384,0.3820337022417621,0.42310889974467425,0.4511514245954649
202506211339,52,Partner,NonVerbal,0.5,1,2,1,0.5,0,1,1,1,1,1,EN,,,,,,,,,1.0,0.0,-1,0,1,3356,0.5,0.5,0.5427807481192586,0.5820250740367707,0.6480316319570533,0.6888751832815087,0.6892944105104986,0.7199294827094757,0.7597750912454557,0.7760690730736908,0.791830576271245
202506211339,53,Partner,NonVerbal,0.5,0,2,1,1.0,0,1,1,1,0,0,EN,,,,,,,,,1.0,0.0,-1,1,1,3357,0.5,0.5,0.45754271453170764,0.36723466061398413,0.3008838857140145,0.2838617129272769,0.2897466352434498,0.2953318926389162,0.2980648078430883,0.30800766562710197,0.3161730306210838
202506211339,54,Partner,NonVerbal,0.5,1,2,1,1.0,0,1,1,1,1,1,EN,,,,,,,,,1.0,0.0,-1,-1,1,3358,0.5,0.5,0.5438811677665014,0.6127664797484399,0.6829718233173643,0.7134144966566941,0.7185942619862438,0.7266113317553942,0.7346002392905056,0.7407397063592448,0.7450362546535797
202506211339,56,Adversary,NonVerbal,0.5,1,2,1,0.0,0,1,-1,1,1,0,EN,,,,,,,,,1.0,0.0,-1,1,1,3359,0.5,0.5,0.5003337976472336,0.4767031584727657,0.4611021197636408,0.3444311467931009,0.3696209827748701,0.3586588146099532,0.32664011568451684,0.34993844028290666,0.35618256741138515
202506211339,58,Adversary,NonVerbal,0.5,1,2,1,0.5,0,1,-1,1,1,0,EN,,,,,,,,,1.0,0.0,-1,0,1,3360,0.5,0.5,0.5000271523062642,0.4955658572950325,0.4875748127737439,0.33313366500634295,0.34275745650814265,0.43793543547500813,0.47364037638572315,0.5103703966071876,0.41276206428760653
202506211339,59,Adversary,NonVerbal,0.5,0,2,1,1.0,0,-1,1,1,0,0,EN,,,,,,,,,0.0,1.0,-1,1,1,3361,0.5,0.5,0.49027648468813895,0.4076664406906217,0.30970971822337434,0.294646571837069,0.2987249908871418,0.2918403312343909,0.2573742392669679,0.24974906565298216,0.24596757653699985
202506211339,68,Adversary,NonVerbal,0.5,1,2,1,0.0,0,1,-1,1,1,0,EN,,,,,,,,,1.0,0.0,-1,0,1,3362,0.5,0.5,0.5004069023371807,0.4762881127250468,0.4244293427997272,0.3985316317544744,0.4426928120804641,0.5170815325103041,0.4729943137417367,0.26600158681181924,0.3750193717489765
202506211339,69,Adversary,NonVerbal,0.5,0,2,1,0.5,0,-1,1,1,1,1,EN,,,,,,,,,0.0,1.0,-1,0,1,3363,0.5,0.5,0.5040718554200911,0.5084110074394907,0.5691858101371369,0.6161439387820093,0.6068151631003241,0.5646317331398671,0.5022575836685093,0.545534231847911,0.5848767153642154
202506211339,70,Adversary,NonVerbal,0.5,1,2,1,0.5,0,1,-1,1,1,0,EN,,,,,,,,,1.0,0.0,-1,1,1,3364,0.5,0.5,0.5021251032040673,0.47786307473408174,0.4587922087020266,0.46110271420298377,0.46599634721103467,0.467820049776933,0.4769104723702309,0.6085556394713528,0.3973085805316591
202506211339,71,Adversary,NonVerbal,0.5,0,2,1,1.0,0,-1,1,1,0,0,EN,,,,,,,,,0.0,1.0,-1,1,1,3365,0.5,0.5,0.4901207184175535,0.4813927761922898,0.4010910987641363,0.3552517560021851,0.3767291213098552,0.4263441962057005,0.44571598736927026,0.4050852970856364,0.34669330637075224
202506211339,73,Partner,NonVerbal,0.5,0,2,1,0.0,0,1,1,1,1,1,EN,,,,,,,,,1.0,0.0,-1,0,1,3366,0.5,0.5,0.5185378002879462,0.6002108666103144,0.6778112735953791,0.6953958219514236,0.6946891636361495,0.6870020288464005,0.6804834984547953,0.6886167679143997,0.6069228459582336
202506211339,75,Partner,NonVerbal,0.5,0,2,1,0.5,0,1,1,1,0,0,EN,,,,,,,,,1.0,0.0,-1,1,1,3367,0.5,0.5,0.4597040675966006,0.3723801095620105,0.3106178032424673,0.2968806242151733,0.2728573691399679,0.2527845384276173,0.2806069734848106,0.3250756621480889,0.3604519546711064
202506211339,76,Partner,NonVerbal,0.5,1,2,1,0.5,0,1,1,1,0,0,EN,,,,,,,,,1.0,0.0,-1,1,1,3368,0.5,0.5,0.45875712923585993,0.36775364304390457,0.4090740181204004,0.34752409350814695,0.4825626924642262,0.575556329409283,0.5442939098264687,0.5207610075060134,0.5147974789194103
202506211339,78,Partner,NonVerbal,0.5,1,2,1,1.0,0,1,1,1,1,1,EN,,,,,,,,,1.0,0.0,-1,0,1,3369,0.5,0.5,0.5441558510698531,0.6335707089166019,0.7031739971472788,0.7244244241325203,0.7259056033742413,0.7287405042925448,0.5774972778601605,0.4346369726906337,0.5239189228299063
202506211339,83,Adversary,NonVerbal,0.5,0,2,1,1.0,0,-1,1,1,1,1,EN,,,,,,,,,0.0,1.0,-1,0,1,3370,0.5,0.5,0.5112436489175455,0.522304015413101,0.5635942205124768,0.6174430017550585,0.6396747051309231,0.6186824486934482,0.5692043980998068,0.5026251803097328,0.5110216176007403
202506211339,85,Partner,NonVerbal,0.5,0,2,1,0.0,0,1,1,1,1,1,EN,,,,,,,,,1.0,0.0,-1,1,1,3371,0.5,0.5,0.5184522805053677,0.5376077154571601,0.5889439807703554,0.6162246597215776,0.6159593587582127,0.6129014721268077,0.6091500979417381,0.5950597349449165,0.5177510903954277
202506211758,3,Partner,NonVerbal,0.5,0,2,1,0.5,0,-1,-1,0,1,1,EN,,,,,,,,,0.0,1.0,-1,0,1,3372,0.5,0.5,0.5428147498400346,0.581894430945782,0.6255329269405174,0.6430702145538011,0.632667522946715,0.6291954564997794,0.6069938459995788,0.5709282710806023,0.5229530360429709
202506211758,4,Partner,NonVerbal,0.5,1,2,1,0.5,0,-1,-1,0,1,1,EN,,,,,,,,,0.0,1.0,-1,-1,1,3373,0.5,0.5,0.509001488764312,0.5337200798853687,0.6164987615853663,0.6930704727972867,0.7206996109632852,0.7127549118193375,0.7047843572804479,0.666344939705695,0.5713345607254333
202506211758,6,Partner,NonVerbal,0.5,1,2,1,1.0,0,-1,-1,0,0,0,EN,,,,,,,,,0.0,1.0,-1,1,1,3374,0.5,0.5,0.4579164853185006,0.4204637698129467,0.35889010039409064,0.3232361382585493,0.32889909244876914,0.3400786344608634,0.3485748580975042,0.34480059221539866,0.33491741377602297
202506211758,8,Adversary,NonVerbal,0.5,1,2,1,0.0,0,-1,1,0,0,1,EN,,,,,,,,,0.0,1.0,-1,1,1,3375,0.5,0.5,0.4996725403544607,0.6434561437860634,0.810123417400795,0.8692810052550962,0.6340094300118113,0.6691084430152613,0.5771133091524882,0.7688100755608641,0.8749897979374668
202506211758,9,Adversary,NonVerbal,0.5,0,2,1,0.5,0,1,-1,0,1,1,EN,,,,,,,,,1.0,0.0,-1,1,1,3376,0.5,0.5,0.503910532803247,0.5083081747579292,0.5668298100558141,0.5948676423692667,0.6451675997857593,0.6342982432266189,0.6993321557368227,0.7102581685057886,0.677475454468685
202506211758,10,Adversary,NonVerbal,0.5,1,2,1,0.5,0,-1,1,0,1,0,EN,,,,,,,,,0.0,1.0,-1,0,1,3377,0.5,0.5,0.5021436040489798,0.37154594770531796,0.30293230800449106,0.28902786575614925,0.3376543271594308,0.400048128789558,0.24540114526329682,0.3352549383443753,0.42679597179122813
202506211758,11,Adversary,NonVerbal,0.5,0,2,1,1.0,0,1,-1,0,0,0,EN,,,,,,,,,1.0,0.0,-1,1,1,3378,0.5,0.5,0.48998794516079774,0.40663820306799525,0.31357538411006514,0.29355123453352877,0.3320581345422544,0.4991972537155594,0.5882521409045524,0.5519890042356353,0.5340869865685947
202506211758,12,Adversary,NonVerbal,0.5,1,2,1,1.0,0,1,-1,0,0,0,EN,,,,,,,,,1.0,0.0,-1,1,1,3379,0.5,0.5,0.49521700217375614,0.4870845509161319,0.47187372718619874,0.44294884505502075,0.5348106846337993,0.5183229958267829,0.4451944998691836,0.39744688745376594,0.3300594336859828
202506211758,13,Partner,NonVerbal,0.5,0,2,1,0.0,0,1,1,1,1,1,EN,,,,,,,,,1.0,0.0,-1,0,1,3380,0.5,0.5,0.5186811854933616,0.5998420919005153,0.6831439082583985,0.7045269795961938,0.7039405264337665,0.7023245354746944,0.7017604956488914,0.7029206272253823,0.701021886034276
202506211758,14,Partner,NonVerbal,0.5,1,2,1,0.0,0,1,1,1,0,0,EN,,,,,,,,,1.0,0.0,-1,1,1,3381,0.5,0.5,0.4786715479487054,0.45957167965749157,0.41177069742704275,0.46418472108041237,0.35506657414452586,0.336921893149912,0.3487732290294598,0.46657703673372475,0.39246920718401196
202506211758,15,Partner,NonVerbal,0.5,0,2,1,0.5,0,1,1,1,1,1,EN,,,,,,,,,1.0,0.0,-1,0,1,3382,0.5,0.5,0.5434049181018838,0.5826772753623606,0.6246265025120241,0.650415136947248,0.6527127187148488,0.5472165631232763,0.6215166530141271,0.6356336574680245,0.6369428758291191
202506211758,16,Partner,NonVerbal,0.5,1,2,1,0.5,0,1,1,1,1,1,EN,,,,,,,,,1.0,0.0,-1,0,1,3383,0.5,0.5,0.5480209279643724,0.5847595558393252,0.6611152531442399,0.7019346056729155,0.7050642250392022,0.693770289707757,0.6896244614896196,0.6899242451672604,0.6597201524662906
202506211758,17,Partner,NonVerbal,0.5,0,2,1,1.0,0,1,1,1,0,0,EN,,,,,,,,,1.0,0.0,-1,1,1,3384,0.5,0.5,0.45775041761224267,0.4201207911093054,0.3895013719493903,0.3775867320340915,0.3926679430047541,0.4020034879554263,0.40204956105051437,0.4033079351226075,0.4092587077516827
202506211758,18,Partner,NonVerbal,0.5,1,2,1,1.0,0,1,1,1,0,0,EN,,,,,,,,,1.0,0.0,-1,1,1,3385,0.5,0.5,0.45756099303721,0.3886711449176382,0.3344906192775684,0.3065719974129819,0.28714322773421236,0.27234398738697074,0.26621535322147605,0.26427659533748343,0.26221858165144163
202506211758,19,Adversary,NonVerbal,0.5,0,2,1,0.0,0,-1,1,1,0,0,EN,,,,,,,,,0.0,1.0,-1,1,1,3386,0.5,0.5,0.4993327082807735,0.49869141248832516,0.4276587676122213,0.385772718385028,0.33665900737276816,0.32797890180205574,0.37101016050768726,0.45248837808571096,0.5514632412890172
202506211758,20,Adversary,NonVerbal,0.5,1,2,1,0.0,0,1,-1,1,1,0,EN,,,,,,,,,1.0,0.0,-1,1,1,3387,0.5,0.5,0.5004132583908941,0.36049924127179955,0.2796942084318525,0.2982522981460599,0.3109455657216184,0.29696837552006916,0.190280689299234,0.30863537875992175,0.31863200821816245
202506211758,21,Adversary,NonVerbal,0.5,0,2,1,0.5,0,-1,1,1,0,0,EN,,,,,,,,,0.0,1.0,-1,-1,1,3388,0.5,0.5,0.49649433432321594,0.4157991894941014,0.3243554585107519,0.30836766374972724,0.2762996511495757,0.26079335311739366,0.25887766777579463,0.25822456056270465,0.43726754008132707
202506211758,22,Adversary,NonVerbal,0.5,1,2,1,0.5,0,1,-1,1,1,0,EN,,,,,,,,,1.0,0.0,-1,0,1,3389,0.5,0.5,0.5018447458122248,0.419096548276877,0.35846845655689513,0.4631611126522081,0.37490339985766535,0.36690692074536785,0.36554118335814995,0.3667183545896108,0.4957730203419602
202506211758,23,Adversary,NonVerbal,0.5,0,2,1,1.0,0,-1,1,1,1,1,EN,,,,,,,,,0.0,1.0,-1,-1,1,3390,0.5,0.5,0.511403202494733,0.522570813243809,0.5654936762670815,0.5809165244022436,0.6124822771276894,0.6479813878875731,0.6810335360827707,0.6535696352198442,0.5786684346563865
202506211758,24,Adversary,NonVerbal,0.5,1,2,1,1.0,0,-1,1,1,1,1,EN,,,,,,,,,0.0,1.0,-1,1,1,3391,0.5,0.5,0.5054824844817142,0.5244793927513678,0.572350468281241,0.6123138893358167,0.688533144277403,0.7374154260979258,0.7784839102218032,0.7347808787087846,0.7355177437764728
202506211758,25,Partner,NonVerbal,0.5,0,2,1,0.0,0,1,1,1,0,0,EN,,,,,,,,,1.0,0.0,-1,1,1,3392,0.5,0.5,0.4832126673138942,0.46598520969478957,0.42022091777713566,0.3964536647183276,0.3537998761163956,0.3051521554788953,0.28906562387903517,0.2842741183159121,0.41848515159271515
202506211758,26,Partner,NonVerbal,0.5,1,2,1,0.0,0,-1,-1,1,0,1,EN,,,,,,,,,0.0,1.0,-1,-1,1,3393,0.5,0.5,0.4789702639618928,0.46015807262569625,0.382819007910641,0.3425819611077761,0.3560316876312512,0.4017800823460815,0.4734490679147075,0.5605550486178548,0.6080042217167
202506211758,27,Partner,NonVerbal,0.5,0,2,1,0.5,0,1,1,1,1,1,EN,,,,,,,,,1.0,0.0,-1,0,1,3394,0.5,0.5,0.543287926593252,0.5825273226426141,0.6284657252862125,0.6593289337707485,0.6598842129153307,0.6618932538233812,0.6672669356773718,0.672844097498966,0.6753449216618725
202506211758,28,Partner,NonVerbal,0.5,1,2,1,0.5,0,1,1,1,1,1,EN,,,,,,,,,1.0,0.0,-1,0,1,3395,0.5,0.5,0.5434729901918102,0.6331324908982039,0.714654478055492,0.7579731486487383,0.7729411811095573,0.7778202480974723,0.7850896547593709,0.7294863363949569,0.7668791088076943
202506211758,32,Adversary,NonVerbal,0.5,1,2,1,0.0,0,1,-1,1,1,0,EN,,,,,,,,,1.0,0.0,-1,-1,1,3396,0.5,0.5,0.5002886889394802,0.36108038938517706,0.306028108752003,0.1414767670175598,0.30151307754724255,0.39038681781042145,0.41768415712969764,0.45716186395059,0.49087767752831535
202506211758,34,Adversary,NonVerbal,0.5,1,2,1,0.5,0,1,-1,1,1,0,EN,,,,,,,,,1.0,0.0,-1,0,1,3397,0.5,0.5,0.5018399244822322,0.42028367366402103,0.36083521308753774,0.40887299486052486,0.4680039372637919,0.26016899889575323,0.11702124963108734,0.08902235497642075,0.14629003483027195
202506211758,36,Adversary,NonVerbal,0.5,1,2,1,1.0,0,-1,1,1,0,0,EN,,,,,,,,,0.0,1.0,-1,1,1,3398,0.5,0.5,0.49512673934241075,0.4083940890758733,0.3258656867142534,0.28557690320035856,0.24449475790835368,0.23989225832372904,0.2564558370579476,0.2633360810799344,0.26300830474303877
202506211758,37,Partner,NonVerbal,0.5,0,2,1,0.0,0,1,1,1,1,1,EN,,,,,,,,,1.0,0.0,-1,0,1,3399,0.5,0.5,0.5183007844364569,0.5374718661493738,0.5606954964403152,0.568910807260978,0.572889179618071,0.5519310734466927,0.5882716313165245,0.6126356820228647,0.5939751854188452
202506211758,39,Partner,NonVerbal,0.5,0,2,1,0.5,0,1,1,1,0,0,EN,,,,,,,,,1.0,0.0,-1,-1,1,3400,0.5,0.5,0.45842953193407704,0.3700591640595967,0.29676520395449046,0.2788613896079089,0.2620487329836158,0.23927964195182128,0.233004491719894,0.23095975885921713,0.2864621666074181
202506211758,40,Partner,NonVerbal,0.5,1,2,1,0.5,0,1,1,1,0,0,EN,,,,,,,,,1.0,0.0,-1,1,1,3401,0.5,0.5,0.4581688879214557,0.4037673231436468,0.33335448083297553,0.2920981898969019,0.278448373347547,0.2825876095740691,0.2632351417409696,0.280153814341314,0.33202231056679105
202506211758,41,Partner,NonVerbal,0.5,0,2,1,1.0,0,1,1,1,0,0,EN,,,,,,,,,1.0,0.0,-1,1,1,3402,0.5,0.5,0.45755769316553874,0.4198349090755821,0.3553684854436555,0.3218843444162914,0.3325998697286014,0.3364079078296819,0.33650915645517787,0.3478668499861224,0.3642988979576404
202506211758,43,Adversary,NonVerbal,0.5,0,2,1,0.0,0,-1,1,1,1,1,EN,,,,,,,,,0.0,1.0,-1,0,1,3403,0.5,0.5,0.5007370794144514,0.5015677549804465,0.570551930772201,0.6041784036150176,0.6743814429405354,0.5317320463613265,0.3641847762138725,0.41633044133600344,0.4509540966830365
202506211758,44,Adversary,NonVerbal,0.5,1,2,1,0.0,0,1,-1,1,1,0,EN,,,,,,,,,1.0,0.0,-1,1,1,3404,0.5,0.5,0.5001875197943513,0.39870011427621316,0.3375147150529981,0.3549567073842764,0.46242172557529004,0.340121101733521,0.3913703553898845,0.4622810281320492,0.4640253315039624
202506211758,45,Adversary,NonVerbal,0.5,0,2,1,0.5,0,-1,1,1,1,1,EN,,,,,,,,,0.0,1.0,-1,0,1,3405,0.5,0.5,0.5039115167741074,0.5081863171021284,0.586894012350148,0.6194656969091354,0.6711742043617427,0.5231176273266159,0.3599798460176065,0.5024311251486742,0.5036941285235101
202506211758,46,Adversary,NonVerbal,0.5,1,2,1,0.5,0,1,-1,1,0,1,EN,,,,,,,,,1.0,0.0,-1,1,1,3406,0.5,0.5,0.49831043116122664,0.5199384814918635,0.5448838217347568,0.7136417569316068,0.6218262863883436,0.5531517846258249,0.5786301407513298,0.7418574828692338,0.6438410740555057
202506211758,47,Adversary,NonVerbal,0.5,0,2,1,1.0,0,-1,1,1,0,0,EN,,,,,,,,,0.0,1.0,-1,-1,1,3407,0.5,0.5,0.4898592726130809,0.40754831422349724,0.31633638979848167,0.2955671154724732,0.3870754499964708,0.4377527166909531,0.3804715070813756,0.3201629178762385,0.4680092471746496
202506211758,49,Partner,NonVerbal,0.5,0,2,1,0.0,0,1,1,1,0,0,EN,,,,,,,,,1.0,0.0,-1,1,1,3408,0.5,0.5,0.4826421418348631,0.400476076738196,0.30423277297760937,0.2662130224743105,0.2546416285783843,0.24737834535097022,0.24311083153438187,0.23967345375802582,0.23978414911011808
202506211758,50,Partner,NonVerbal,0.5,1,2,1,0.0,0,1,1,1,1,1,EN,,,,,,,,,1.0,0.0,-1,-1,1,3409,0.5,0.5,0.5246705960182313,0.5405672404706399,0.46256122245837655,0.3741615292347411,0.5068311372716552,0.5498575745153672,0.5992978427806996,0.6429229744329428,0.6467425284924768
202506211758,51,Partner,NonVerbal,0.5,0,2,1,0.5,0,1,1,1,0,0,EN,,,,,,,,,1.0,0.0,-1,1,1,3410,0.5,0.5,0.45849036187118875,0.42165640239058466,0.39843767026147625,0.3871293038495488,0.38390506182747036,0.3796412484727184,0.35744292747858825,0.31810296117996084,0.3387140638164671
202506211758,53,Partner,NonVerbal,0.5,0,2,1,1.0,0,1,1,1,1,1,EN,,,,,,,,,1.0,0.0,-1,1,1,3411,0.5,0.5,0.5442756746774025,0.6328314167795072,0.6954046525551681,0.7102782137720836,0.7132599691393363,0.7203542266703384,0.7344569736309593,0.7454617961800805,0.7475531623698171
202506211758,54,Partner,NonVerbal,0.5,1,2,1,1.0,0,1,1,1,1,1,EN,,,,,,,,,1.0,0.0,-1,0,1,3412,0.5,0.5,0.5356349083783132,0.5593321740721393,0.6323730991457562,0.6774278034440618,0.676970280700791,0.6846367452349756,0.6768681872175625,0.6605889189936628,0.6591029766946861
202506211758,55,Adversary,NonVerbal,0.5,0,2,1,0.0,0,-1,1,1,1,1,EN,,,,,,,,,0.0,1.0,-1,1,1,3413,0.5,0.5,0.5007644424830527,0.5016105684785089,0.5765222721200809,0.6668353278319175,0.687022441237339,0.6670833662372551,0.7032501546268619,0.6883606372534211,0.6343255905528102
202506211758,56,Adversary,NonVerbal,0.5,1,2,1,0.0,0,-1,1,1,1,1,EN,,,,,,,,,0.0,1.0,-1,0,1,3414,0.5,0.5,0.5003946032296335,0.476410134389403,0.4596148629132942,0.46576700998341003,0.6130995185697394,0.5037254084534106,0.5324489972073083,0.5301730178888366,0.5289294682968775
202506211758,59,Adversary,NonVerbal,0.5,0,2,1,1.0,0,-1,1,1,1,1,EN,,,,,,,,,0.0,1.0,-1,1,1,3415,0.5,0.5,0.5113037258975651,0.5922972726542587,0.6929484988397316,0.7174843331460194,0.6839867350277512,0.6221135990562635,0.5433838953928283,0.4632283692596689,0.459657438527503
202506211758,60,Adversary,NonVerbal,0.5,1,2,1,1.0,0,-1,1,1,1,1,EN,,,,,,,,,0.0,1.0,-1,1,1,3416,0.5,0.5,0.5056226191696133,0.5681171414599335,0.6013019046627599,0.5044555932977997,0.5701498377401725,0.6154364648734436,0.6190624798482574,0.5994029664806844,0.5538819792710433
202506211758,62,Partner,NonVerbal,0.5,1,2,1,0.0,0,1,1,1,1,1,EN,,,,,,,,,1.0,0.0,-1,0,1,3417,0.5,0.5,0.5083624570588705,0.5922862900982498,0.6828157446440787,0.7103763356170989,0.7153797909807423,0.7210230705893679,0.8192282323554291,0.4803851617660168,0.525478702890645
202506211758,63,Partner,NonVerbal,0.5,0,2,1,0.5,0,1,1,1,0,0,EN,,,,,,,,,1.0,0.0,-1,1,1,3418,0.5,0.5,0.4586784671845699,0.4217444223467317,0.3685257403133116,0.339713971884314,0.3461206299712525,0.4550455344169587,0.5781109178256285,0.556283183879115,0.5434240879076906
202506211758,64,Partner,NonVerbal,0.5,1,2,1,0.5,0,1,1,1,1,1,EN,,,,,,,,,1.0,0.0,-1,1,1,3419,0.5,0.5,0.5435067110025319,0.6003260222598287,0.6705344471139913,0.706486429214818,0.7076900910378499,0.711916139771266,0.7040572033030376,0.7019117816635195,0.6908334451925257
202506211758,65,Partner,NonVerbal,0.5,0,2,1,1.0,0,1,1,1,0,0,EN,,,,,,,,,1.0,0.0,-1,1,1,3420,0.5,0.5,0.4574804107537299,0.4197539964316797,0.3851859140541415,0.3707226295838792,0.3861408228367968,0.3952703133748249,0.4157537766251931,0.4367988449545797,0.4417813051775708
202506211758,66,Partner,NonVerbal,0.5,1,2,1,1.0,0,1,1,1,1,1,EN,,,,,,,,,1.0,0.0,-1,0,1,3421,0.5,0.5,0.5438058813600158,0.6349554075326359,0.7008408436932834,0.7189043088278452,0.7239415732239673,0.7309468703904441,0.740213275050052,0.7501282500275938,0.7568644162959914
202506211758,67,Adversary,NonVerbal,0.5,0,2,1,0.0,0,-1,1,1,1,1,EN,,,,,,,,,0.0,1.0,-1,0,1,3422,0.5,0.5,0.5007539241214808,0.5375742805895113,0.6435094835371633,0.6802248711512174,0.685394695360436,0.6602200921609441,0.7013726459751978,0.695569812922443,0.6753753567718895
202506211758,69,Adversary,NonVerbal,0.5,0,2,1,0.5,0,-1,1,1,1,1,EN,,,,,,,,,0.0,1.0,-1,0,1,3423,0.5,0.5,0.5039972754271003,0.508314834492557,0.5848240582875086,0.6488383450522862,0.651654299272448,0.616575598290146,0.5563201735330833,0.4834807508722265,0.47562149124253983
202506211758,70,Adversary,NonVerbal,0.5,1,2,1,0.5,0,0,0,1,1,-1,EN,,,,,,,,,0.0,0.0,-1,-1,1,3424,0.5,0.5,0.5021454379221807,0.47782559355721865,0.4624355719825694,0.46797130871043435,0.46747683821238384,0.48773191297537216,0.4843436995468098,0.5292642468837033,0.5722788154126847
202506211758,71,Adversary,NonVerbal,0.5,0,2,1,1.0,0,-1,1,1,1,1,EN,,,,,,,,,0.0,1.0,-1,0,1,3425,0.5,0.5,0.5114177113455198,0.5961644521679912,0.6933573680343885,0.7185036970108806,0.7176375312362815,0.7184431340513814,0.7084633812538764,0.7355309212977887,0.7244178582765676
202506211758,74,Partner,NonVerbal,0.5,1,2,1,0.0,0,1,1,1,0,0,EN,,,,,,,,,1.0,0.0,-1,1,1,3426,0.5,0.5,0.5002792399865374,0.41158302580919504,0.30690422954896923,0.2800348034183675,0.28904722729136384,0.3189165229342406,0.3632405209573991,0.40341343625948106,0.44031878667263313
202506211758,75,Partner,NonVerbal,0.5,0,2,1,0.5,0,1,1,1,0,0,EN,,,,,,,,,1.0,0.0,-1,1,1,3427,0.5,0.5,0.45779523571990866,0.3679190195093647,0.3025835089792785,0.2908586548168293,0.26971992019775853,0.24872644749352465,0.2509606314966318,0.2551756236510555,0.25857824893485665
202506211758,76,Partner,NonVerbal,0.5,1,2,1,0.5,0,1,1,1,1,1,EN,,,,,,,,,1.0,0.0,-1,0,1,3428,0.5,0.5,0.5432684734547341,0.582702415257087,0.5094072898228382,0.5727117141627617,0.5636927705002744,0.5443976801023536,0.6093699270240809,0.6699659647028188,0.5750626661776904
202506211758,78,Partner,NonVerbal,0.5,1,2,1,1.0,0,1,1,1,0,0,EN,,,,,,,,,1.0,0.0,-1,1,1,3429,0.5,0.5,0.4549505394356446,0.3764386263559755,0.293101748063712,0.25368975377439273,0.23385293553906356,0.20950081758707031,0.18888456488388833,0.17796900521719194,0.18688451124884561
202506211758,79,Adversary,NonVerbal,0.5,0,2,1,0.0,0,-1,1,1,1,1,EN,,,,,,,,,0.0,1.0,-1,0,1,3430,0.5,0.5,0.5007579176080912,0.5015874157827628,0.583586776287715,0.6278472273413294,0.6400388884056671,0.6960662859478779,0.6988124581052613,0.6716088698261048,0.6071793236562734
202506211758,80,Adversary,NonVerbal,0.5,1,2,1,0.0,0,1,-1,1,1,0,EN,,,,,,,,,1.0,0.0,-1,0,1,3431,0.5,0.5,0.5003827083857915,0.36712772740753846,0.29653550504220455,0.322259092690923,0.41260450474270427,0.39584804497995213,0.370083695021275,0.3700616391232454,0.3710942819662168
202506211758,81,Adversary,NonVerbal,0.5,0,2,1,0.5,0,-1,1,1,1,1,EN,,,,,,,,,0.0,1.0,-1,1,1,3432,0.5,0.5,0.5040090014393398,0.5082834544318217,0.5682210460565855,0.5970920551696859,0.6151647557485413,0.6444255333772971,0.6560301885590792,0.6437343201258805,0.6672944577833998
202506211758,82,Adversary,NonVerbal,0.5,1,2,1,0.5,0,0,0,1,1,-1,EN,,,,,,,,,0.0,0.0,-1,0,1,3433,0.5,0.5,0.5019112084350619,0.4154111457491483,0.36159904337578697,0.4443691512179598,0.4743224806538237,0.3373715637447439,0.39245077870667866,0.5009658253244356,0.6422538086535113
202506211758,83,Adversary,NonVerbal,0.5,0,2,1,1.0,0,-1,1,1,0,0,EN,,,,,,,,,0.0,1.0,-1,1,1,3434,0.5,0.5,0.490008747248506,0.4812536535915743,0.3975354692727414,0.35640778388765665,0.3097582049920881,0.27360088213764683,0.2821574752841859,0.30868844298364745,0.31950604237540775
202506211758,84,Adversary,NonVerbal,0.5,1,2,1,1.0,0,-1,1,1,0,0,EN,,,,,,,,,0.0,1.0,-1,1,1,3435,0.5,0.5,0.49498421809142407,0.40808528341159067,0.3724692668202081,0.3088001669648664,0.2988542687576866,0.33527932967478846,0.33545024531048834,0.2827803974553626,0.24761226007694853
202506211758,85,Partner,NonVerbal,0.5,0,2,1,0.0,0,1,1,1,1,1,EN,,,,,,,,,1.0,0.0,-1,1,1,3436,0.5,0.5,0.5183731588538412,0.5991422572932295,0.6905508967163094,0.718283119328407,0.6969861118030499,0.6814508803057304,0.6851275913402882,0.6843609164188122,0.6998456131972766
202506211758,86,Partner,NonVerbal,0.5,1,2,1,0.0,0,1,1,1,1,1,EN,,,,,,,,,1.0,0.0,-1,-1,1,3437,0.5,0.5,0.5325318151449859,0.559177491877944,0.645086126739677,0.6917019313378953,0.6971478756185043,0.7069908441856109,0.7150813614732326,0.7144718589205857,0.6812445485006572
202506211758,88,Partner,NonVerbal,0.5,1,2,1,0.5,0,1,1,1,1,1,EN,,,,,,,,,1.0,0.0,-1,0,1,3438,0.5,0.5,0.5450529012037949,0.6351285135075523,0.7051445531672299,0.7263432580802531,0.7272361420390682,0.7217157061571124,0.7263677251089592,0.7148626917696844,0.7163254773032242
202506211758,89,Partner,NonVerbal,0.5,0,2,1,1.0,0,1,1,1,1,1,EN,,,,,,,,,1.0,0.0,-1,1,1,3439,0.5,0.5,0.5435924750205983,0.6335330082360885,0.7022384002691964,0.7221189630826191,0.7222608681730154,0.7195718198271887,0.71153845469749,0.7076661102901664,0.7133383155660175
202506211758,90,Partner,NonVerbal,0.5,1,2,1,1.0,0,1,1,1,0,0,EN,,,,,,,,,1.0,0.0,-1,-1,1,3440,0.5,0.5,0.45761381007548463,0.41976474893314775,0.36383443615779126,0.33483795352836243,0.34207606074829394,0.34335968000158723,0.42968913211349596,0.47085645325772996,0.47447683114852535
202506211758,91,Adversary,NonVerbal,0.5,0,2,1,0.0,0,-1,1,1,0,0,EN,,,,,,,,,0.0,1.0,-1,-1,1,3441,0.5,0.5,0.49933270619762216,0.4986836514001073,0.4770954836516477,0.38356371785512655,0.35118163658309093,0.2962212532995801,0.279004290117573,0.28184206647186927,0.3231229142163144
202506211758,95,Adversary,NonVerbal,0.5,0,2,1,1.0,0,-1,1,1,1,1,EN,,,,,,,,,0.0,1.0,-1,0,1,3442,0.5,0.5,0.5113332843389767,0.5944832885137676,0.6752342604241575,0.693212240814029,0.6697438909322639,0.6534121713612353,0.7106016541146207,0.7037681456876891,0.6059830958700776
202506211758,96,Adversary,NonVerbal,0.5,1,2,1,1.0,0,-1,1,1,1,1,EN,,,,,,,,,0.0,1.0,-1,0,1,3443,0.5,0.5,0.506161164995896,0.5163383765016245,0.5327362912284561,0.5770924252353514,0.6072785752576294,0.5948344073553116,0.6611704724317296,0.7097231241723763,0.733707370519528
202506211758,97,Partner,NonVerbal,0.5,0,2,1,0.0,0,1,1,1,0,0,EN,,,,,,,,,1.0,0.0,-1,1,1,3444,0.5,0.5,0.48264133621132244,0.4654184361495896,0.37700220465020695,0.3287392918731231,0.3328859222165447,0.33893639718054497,0.34920273027825055,0.35758973095983765,0.36103300680718475
202506211758,98,Partner,NonVerbal,0.5,1,2,1,0.0,0,-1,-1,1,1,0,EN,,,,,,,,,0.0,1.0,-1,0,1,3445,0.5,0.5,0.5218626313227182,0.581734642366759,0.5613355031221894,0.62204193972413,0.5017342325553031,0.4172419639935421,0.4415236736826449,0.462864999953233,0.4634561580558175
202506211758,100,Partner,NonVerbal,0.5,1,2,1,0.5,0,1,1,1,1,1,EN,,,,,,,,,1.0,0.0,-1,0,1,3446,0.5,0.5,0.5441851035675408,0.6329606785669891,0.7055815048185896,0.7275540189866543,0.7471487553696347,0.7701920078692005,0.7780861606073962,0.7739267623118373,0.7721047267654393
202506211758,102,Partner,NonVerbal,0.5,1,2,1,1.0,0,1,1,1,0,0,EN,,,,,,,,,1.0,0.0,-1,1,1,3447,0.5,0.5,0.4578195147223745,0.36536974270504696,0.2859402310929295,0.24947030036457107,0.23457801026931843,0.22915911386206123,0.3354713591160139,0.4455732419213401,0.4454339486840065
202506211758,105,Adversary,NonVerbal,0.5,0,2,1,0.5,0,-1,1,1,1,1,EN,,,,,,,,,0.0,1.0,-1,0,1,3448,0.5,0.5,0.5040394521323971,0.5083418377772376,0.5843277810202249,0.6232041548304206,0.6655794422609312,0.5257855330198142,0.36137081661918163,0.413704077451339,0.54550551011278
202506211758,106,Adversary,NonVerbal,0.5,1,2,1,0.5,0,1,-1,1,0,1,EN,,,,,,,,,1.0,0.0,-1,1,1,3449,0.5,0.5,0.4982354059749583,0.6417940023441832,0.7810334850131628,0.7289216173149284,0.7311619442889533,0.5557034066426909,0.5474340408138632,0.7672350220345567,0.8320179599618096
202506211758,107,Adversary,NonVerbal,0.5,0,2,1,1.0,0,-1,1,1,1,1,EN,,,,,,,,,0.0,1.0,-1,1,1,3450,0.5,0.5,0.5114540234951911,0.5946576857137936,0.6960053084699591,0.7075535692699237,0.7273904581797048,0.703096048563203,0.6471193327511139,0.5695037822638398,0.4847844308393372
202506212237,1,Partner,NonVerbal,0.5,0,2,1,0.0,0,-1,-1,0,0,0,EN,,,,,,,,,0.0,1.0,1,1,1,3451,0.5,0.5,0.48295466298930156,0.4658581382757063,0.39720311529120905,0.3584695945428235,0.34469194181562196,0.32692441230242536,0.31806700686457556,0.3085144393971235,0.3145788171715364
202506212323,3,Adversary,NonVerbal,0.5,0,2,1,0.0,0,1,-1,0,0,0,EN,,,,,,,,,1.0,0.0,1,1,1,3452,0.5,0.5,0.4993483863006332,0.46082100579524204,0.337857157996625,0.32206939252173467,0.28192371882115413,0.2704529005447072,0.2674316455813797,0.43217744020795285,0.6145005733860561
202506212323,4,Adversary,NonVerbal,0.5,1,2,1,0.0,0,-1,1,0,0,1,EN,,,,,,,,,0.0,1.0,0,1,1,3453,0.5,0.5,0.49967890869188164,0.5211435488212326,0.5370824673743503,0.7230242803826318,0.6038486347565675,0.5492353106915008,0.5233029755188149,0.5026192358989913,0.483783419317139
202506212323,7,Adversary,NonVerbal,0.5,0,2,1,0.0,0,-1,1,1,1,1,EN,,,,,,,,,0.0,1.0,0,0,1,3454,0.5,0.5,0.5007710316138074,0.5016031580606325,0.5658321897931964,0.6072668524850664,0.6263274936182269,0.6683548608453788,0.5277602173295879,0.3628928450203472,0.4856476430664007
202506212323,8,Adversary,NonVerbal,0.5,1,2,1,0.0,0,-1,1,1,1,1,EN,,,,,,,,,0.0,1.0,1,0,1,3455,0.5,0.5,0.5003376252051118,0.4768189495502913,0.41103068701294415,0.3662366495653547,0.4006853419184501,0.5135424669060933,0.5517761790619918,0.6220917346012442,0.6854368925782732
202506212323,15,Adversary,NonVerbal,0.5,0,2,1,0.0,0,-1,1,1,0,0,EN,,,,,,,,,0.0,1.0,0,1,1,3456,0.5,0.5,0.4993522053495906,0.4605433309594168,0.3345057351100646,0.28604656146588603,0.2886881826968916,0.3019935172267342,0.30317681784252737,0.3039085944651587,0.27097022881704447
202506212323,19,Adversary,NonVerbal,0.5,0,2,1,0.0,0,-1,1,1,1,1,EN,,,,,,,,,0.0,1.0,0,0,1,3457,0.5,0.5,0.5007549004311352,0.5015905342295305,0.5690673733919361,0.6038777073395051,0.6298751151435533,0.662743149033011,0.6838749017342497,0.6811310702590988,0.6414969343042752
202506212323,20,Adversary,NonVerbal,0.5,1,2,1,0.0,0,1,-1,1,1,0,EN,,,,,,,,,1.0,0.0,0,0,1,3458,0.5,0.5,0.5004009630609171,0.3570541237308355,0.25423402006043105,0.30665658513318644,0.23392686146477387,0.13802816435469842,0.17903805713082666,0.2929113904776835,0.24881936838081795
202506212323,23,Adversary,NonVerbal,0.5,0,2,1,0.0,0,-1,1,1,0,0,EN,,,,,,,,,0.0,1.0,0,1,1,3459,0.5,0.5,0.4993300066483575,0.49870049930065924,0.44325931633339694,0.372884346609216,0.49078141148906185,0.5872926421806866,0.553864293773457,0.44597007080338924,0.37459491793832334
202506212323,24,Adversary,NonVerbal,0.5,1,2,1,0.0,0,1,-1,1,0,1,EN,,,,,,,,,1.0,0.0,1,1,1,3460,0.5,0.5,0.49967943846304724,0.5212434034290155,0.5372692738310059,0.7041703608536244,0.7625057102667515,0.5924692016869737,0.7737123282684303,0.6093398679863318,0.6159661412638786
202506212323,27,Adversary,NonVerbal,0.5,0,2,1,0.0,0,-1,1,1,0,0,EN,,,,,,,,,0.0,1.0,0,1,1,3461,0.5,0.5,0.49932927448887376,0.49869548479738496,0.4404022724422537,0.34919742267293036,0.31318205556694656,0.33084566452295566,0.3879152285097511,0.45043885026561037,0.4078777681253368
202506212323,28,Adversary,NonVerbal,0.5,1,2,1,0.0,0,1,-1,1,1,0,EN,,,,,,,,,1.0,0.0,1,0,1,3462,0.5,0.5,0.5003878543209147,0.36808163334689076,0.3100992183938059,0.291602344995919,0.16852599109545913,0.10424027776093503,0.2354218847320995,0.335275594066868,0.3278327630010166
202506212323,31,Adversary,NonVerbal,0.5,0,2,1,0.0,0,-1,1,1,1,1,EN,,,,,,,,,0.0,1.0,0,0,1,3463,0.5,0.5,0.5007413761901929,0.5378260421823405,0.63515790630939,0.6297972199956012,0.6627443946356377,0.6717939868874802,0.7142897208450413,0.7384026133158015,0.7303637350416247
202506212323,32,Adversary,NonVerbal,0.5,1,2,1,0.0,0,1,-1,1,1,0,EN,,,,,,,,,1.0,0.0,1,1,1,3464,0.5,0.5,0.5003782161917613,0.36929040922561507,0.3004988295704781,0.15298784053643638,0.33549024234843794,0.42398538315196677,0.4444791482721696,0.46374285463409204,0.4796476416469328
202506212323,35,Adversary,NonVerbal,0.5,0,2,1,0.0,0,-1,1,1,1,1,EN,,,,,,,,,0.0,1.0,0,0,1,3465,0.5,0.5,0.5007578200787585,0.5015750852183064,0.5796759712761118,0.6246623177811687,0.6304450952754228,0.693367408745586,0.538383658157377,0.36630946557019256,0.5117529032445883
202506212323,36,Adversary,NonVerbal,0.5,1,2,1,0.0,0,1,-1,1,0,1,EN,,,,,,,,,1.0,0.0,0,1,1,3466,0.5,0.5,0.49968607796046577,0.5210068480917365,0.5725852917296901,0.6071059064939577,0.6380312807872645,0.5914430892750698,0.5567696249754515,0.5305329188594987,0.5632401127333955
202506212323,39,Adversary,NonVerbal,0.5,0,2,1,0.0,0,1,-1,1,1,0,EN,,,,,,,,,1.0,0.0,0,0,1,3467,0.5,0.5,0.5007657960561251,0.5015803417915996,0.5487150160995916,0.6267465166584592,0.5105090949006945,0.41856392915348273,0.41730422960341845,0.4155850479387853,0.426136646311607
202506212323,40,Adversary,NonVerbal,0.5,1,2,1,0.0,0,1,-1,1,1,0,EN,,,,,,,,,1.0,0.0,0,0,1,3468,0.5,0.5,0.5001489352695868,0.36351946841442584,0.29799663143285454,0.15723459366398976,0.26383000687376196,0.3443540917624052,0.4263241469362564,0.4672044586475157,0.4951640012358471
202506212323,43,Adversary,NonVerbal,0.5,0,2,1,0.0,0,-1,1,1,0,0,EN,,,,,,,,,0.0,1.0,0,1,1,3469,0.5,0.5,0.4993342296661484,0.4986947413594809,0.43735636216133705,0.37034099448182894,0.3604606728935028,0.37248022225286026,0.4038076011053631,0.4629423727109191,0.5349987206852113
202506212323,44,Adversary,NonVerbal,0.5,1,2,1,0.0,0,0,0,1,1,-1,EN,,,,,,,,,0.0,0.0,0,0,1,3470,0.5,0.5,0.5002124453058909,0.47705835847807754,0.4234002886038178,0.3978811746316046,0.44768077158572456,0.42019975315353286,0.4148760752061248,0.5085249099505706,0.5480783878177626
202506212323,47,Adversary,NonVerbal,0.5,0,2,1,0.0,0,1,-1,1,1,0,EN,,,,,,,,,1.0,0.0,0,0,1,3471,0.5,0.5,0.5007562378457271,0.5015771724391609,0.5631545795379461,0.6010532149922081,0.6516539131663254,0.5179062905752624,0.3587577576748061,0.4890132879584702,0.49043965322636973
202506212323,48,Adversary,NonVerbal,0.5,1,2,1,0.0,0,1,-1,1,1,0,EN,,,,,,,,,1.0,0.0,0,0,1,3472,0.5,0.5,0.50035455035012,0.3677769485704523,0.3149895078228144,0.16231974166394852,0.3408161178827335,0.18740346611916936,0.12437150730732853,0.2948364959974871,0.3211311403003329
202506212323,52,Adversary,NonVerbal,0.5,1,2,1,0.0,0,1,-1,1,1,0,EN,,,,,,,,,1.0,0.0,1,0,1,3473,0.5,0.5,0.5004181626640073,0.37968339853609095,0.31010522900726734,0.20091670146104973,0.11372702357878839,0.35265787269459936,0.21022930291781183,0.18242148846379616,0.2716209507631018
202506230644,1,Adversary,NonVerbal,0.5,0,2,1,0.0,0,1,-1,0,1,1,EN,,,,,,,,,1.0,0.0,1,1,1,3474,0.5,0.5,0.5006880384639991,0.5015185936591553,0.586119475445062,0.6237956314396292,0.6466269090626557,0.6620458945306475,0.684360155697601,0.6753761776792278,0.7324539161771949
202506230644,2,Adversary,NonVerbal,0.5,1,2,1,0.0,0,-1,1,0,1,0,EN,,,,,,,,,0.0,1.0,-1,1,1,3475,0.5,0.5,0.5000648324052245,0.3654832153970383,0.2690308042978942,0.39261169572230226,0.261192679849537,0.316181439049902,0.2568470635280015,0.3042391763961502,0.3376881071091119
202506230644,4,Adversary,NonVerbal,0.5,1,2,1,0.5,0,-1,1,0,1,0,EN,,,,,,,,,0.0,1.0,-1,0,1,3476,0.5,0.5,0.5021221027846355,0.47790245014430355,0.4561988495088167,0.3448340289950425,0.32978791219485115,0.32932081611447617,0.31818350472360163,0.35171337533932845,0.36898875706880396
202506230644,5,Adversary,NonVerbal,0.5,0,2,1,1.0,0,1,-1,0,1,1,EN,,,,,,,,,1.0,0.0,-1,-1,1,3477,0.5,0.5,0.5112677649680002,0.5223728805079182,0.6079403940049218,0.644368300657483,0.6849394443220526,0.533886870377142,0.36414426201317823,0.5057170437191231,0.5532460208784847
202506230718,1,Adversary,NonVerbal,0.5,0,2,1,0.0,0,1,-1,0,0,0,EN,,,,,,,,,1.0,0.0,-1,-1,1,3478,0.5,0.5,0.4993369665855413,0.46687280306719886,0.36243569758261485,0.32014083117609216,0.46794148775909883,0.5289945994606308,0.49779995573440405,0.3848149691475494,0.49225327880376707
202506230718,3,Adversary,NonVerbal,0.5,0,2,1,0.5,0,1,-1,0,0,0,EN,,,,,,,,,1.0,0.0,-1,1,1,3479,0.5,0.5,0.4964633862148386,0.4134819458588588,0.30913288033156705,0.24826672344947748,0.2323223094183417,0.2629706757148587,0.33658630184726723,0.4395144490518577,0.5477158915074138
202506230718,4,Adversary,NonVerbal,0.5,1,2,1,0.5,0,-1,1,0,0,1,EN,,,,,,,,,0.0,1.0,-1,1,1,3480,0.5,0.5,0.4982375233497652,0.5199570595543018,0.5866022220582012,0.6291572804278346,0.5862309773299892,0.4845466631834204,0.5388400857547445,0.52206826297199,0.5085025822880609
202506230718,6,Adversary,NonVerbal,0.5,1,2,1,1.0,0,1,-1,0,0,0,EN,,,,,,,,,1.0,0.0,-1,-1,1,3481,0.5,0.5,0.4947481329380842,0.487260352202874,0.5982687174727432,0.4186202905016781,0.32693098586873426,0.1833474686817538,0.2738578181193405,0.45238759737366135,0.44978598127595876
202506230718,8,Adversary,NonVerbal,0.5,1,2,1,0.0,0,1,-1,1,1,0,EN,,,,,,,,,1.0,0.0,-1,-1,1,3482,0.5,0.5,0.500469695270708,0.39691723430686027,0.3373100568274131,0.3634550363575481,0.21846247758484547,0.12211341955270594,0.14905165202925405,0.37018258196390885,0.3249834438060559
202506230718,9,Adversary,NonVerbal,0.5,0,2,1,0.5,0,-1,1,1,0,0,EN,,,,,,,,,0.0,1.0,-1,1,1,3483,0.5,0.5,0.4964569800785721,0.4931206215280251,0.4044860083605597,0.3205321174982738,0.29489780475264976,0.30508498999377964,0.35222658645436206,0.4268015696094427,0.5135972483959909
202506230718,10,Adversary,NonVerbal,0.5,1,2,1,0.5,0,1,-1,1,0,1,EN,,,,,,,,,1.0,0.0,-1,1,1,3484,0.5,0.5,0.4972329811125023,0.5200312714089116,0.5762336563916718,0.6113368565478614,0.5696758950901131,0.48071550149807923,0.5261646019727966,0.5117688209424239,0.4763711434424061
202506230718,11,Adversary,NonVerbal,0.5,0,2,1,1.0,0,-1,1,1,1,1,EN,,,,,,,,,0.0,1.0,-1,0,1,3485,0.5,0.5,0.5143870300266645,0.531171264506643,0.6074301069162835,0.6575141770117523,0.7116011161656884,0.7151646130759013,0.6827885802633646,0.6222852199980958,0.5439949095668533
202506230718,12,Adversary,NonVerbal,0.5,1,2,1,1.0,0,-1,1,1,1,1,EN,,,,,,,,,0.0,1.0,-1,-1,1,3486,0.5,0.5,0.5080688587596873,0.590875705541241,0.6524081973421888,0.6426132819356164,0.6897874184159283,0.703506093897608,0.7497902097859247,0.7824790633792411,0.8037094859819179
202506230718,13,Adversary,NonVerbal,0.5,0,2,1,0.0,0,-1,1,1,1,1,EN,,,,,,,,,0.0,1.0,1,1,1,3487,0.5,0.5,0.5009747622920737,0.5533695506463219,0.6624915415031031,0.7299128624197453,0.5660540020551701,0.37836366830391394,0.5235318424369741,0.5693795381216755,0.6438499137879783
202506230718,15,Adversary,NonVerbal,0.5,0,2,1,0.5,0,-1,1,1,0,0,EN,,,,,,,,,0.0,1.0,-1,1,1,3488,0.5,0.5,0.49641193005502365,0.4930592955880614,0.44933046303012436,0.4247627581945266,0.32186956825910823,0.2937902633040283,0.33294642338347924,0.41571917148432197,0.5235147305529074
202506230718,16,Adversary,NonVerbal,0.5,1,2,1,0.5,0,1,-1,1,1,0,EN,,,,,,,,,1.0,0.0,-1,-1,1,3489,0.5,0.5,0.5021451860789891,0.3709100441206221,0.3078918927612156,0.29203823122,0.4128070332672618,0.39632512056318353,0.42061873488852214,0.4576414267833369,0.46384079534283384
202506230718,21,Adversary,NonVerbal,0.5,0,2,1,0.5,0,-1,1,1,0,0,EN,,,,,,,,,0.0,1.0,-1,1,1,3490,0.5,0.5,0.49638781698635487,0.4931270946325316,0.415530287524548,0.36914671460239035,0.30465425976333965,0.29993926788989783,0.2638124081502068,0.23458805559937215,0.23168449091558485
202506230718,22,Adversary,NonVerbal,0.5,1,2,1,0.5,0,0,0,1,1,-1,EN,,,,,,,,,0.0,0.0,-1,0,1,3491,0.5,0.5,0.5018641057853763,0.4779935368818592,0.4562184992441123,0.4579226641148155,0.46910869665862015,0.44875081373209175,0.49606957522517414,0.4993757410179949,0.5025356188285259
202506230718,23,Adversary,NonVerbal,0.5,0,2,1,1.0,0,-1,1,1,0,0,EN,,,,,,,,,0.0,1.0,-1,-1,1,3492,0.5,0.5,0.48994439966571457,0.4069350075841679,0.31241639974484664,0.2692858851773993,0.4377347466515387,0.6219867525984815,0.476405708649917,0.47652994672835036,0.4765319958526946
202506230718,24,Adversary,NonVerbal,0.5,1,2,1,1.0,0,1,-1,1,0,1,EN,,,,,,,,,1.0,0.0,-1,1,1,3493,0.5,0.5,0.4950090905888337,0.44058231790433355,0.3937117604592329,0.4830595612113691,0.5748392299090405,0.7789007266580005,0.6930899980511563,0.631923345617572,0.5393959453230253
202506230718,27,Adversary,NonVerbal,0.5,0,2,1,0.5,0,-1,1,1,0,0,EN,,,,,,,,,0.0,1.0,-1,1,1,3494,0.5,0.5,0.4964206941496965,0.4930903347760296,0.45579002288473486,0.4329183394169674,0.3610952787332692,0.3618016865921106,0.3152327416117557,0.2992638730553714,0.29519744477631166
202506230718,28,Adversary,NonVerbal,0.5,1,2,1,0.5,0,1,-1,1,1,0,EN,,,,,,,,,1.0,0.0,-1,0,1,3495,0.5,0.5,0.5018525787904103,0.4780016494353656,0.4135804629987381,0.3700880564750544,0.40416367417361526,0.4971486315043632,0.38912299767598935,0.4362540470576376,0.48342046676695005
202506230718,29,Adversary,NonVerbal,0.5,0,2,1,1.0,0,-1,1,1,0,0,EN,,,,,,,,,0.0,1.0,-1,1,1,3496,0.5,0.5,0.49021541314738626,0.4089307298187678,0.3127905941542546,0.305200567581606,0.2516671566694293,0.21683318706226096,0.20149861137678104,0.39989913702564556,0.5987687360558098
202506230718,32,Adversary,NonVerbal,0.5,1,2,1,0.0,0,1,-1,1,1,0,EN,,,,,,,,,1.0,0.0,-1,1,1,3497,0.5,0.5,0.5003916539660622,0.41813116814916623,0.368928419935221,0.38459047501225974,0.3131371317822019,0.4364334759632765,0.46797219825671627,0.26712835627722525,0.40813981110811776
202506230718,33,Adversary,NonVerbal,0.5,0,2,1,0.5,0,-1,1,1,0,0,EN,,,,,,,,,0.0,1.0,-1,1,1,3498,0.5,0.5,0.4965195625010407,0.4932615356184678,0.4247827281954618,0.3783595822485043,0.378748959832328,0.3896748081740841,0.38425398625684576,0.3875392901188376,0.386950236717465
202506230718,34,Adversary,NonVerbal,0.5,1,2,1,0.5,0,-1,1,1,0,0,EN,,,,,,,,,0.0,1.0,-1,-1,1,3499,0.5,0.5,0.4983309309001204,0.5197719418125831,0.5393308389561704,0.5438389757564553,0.4430438353020693,0.4519030184518255,0.4833591006447541,0.45742749938996774,0.45855189120628326
202506230718,36,Adversary,NonVerbal,0.5,1,2,1,1.0,0,-1,1,1,1,1,EN,,,,,,,,,0.0,1.0,-1,0,1,3500,0.5,0.5,0.5053762544382421,0.5891319777707196,0.6859158649084467,0.5853866363479981,0.6486014953584588,0.6496932277017623,0.6488900133620501,0.6465286356882272,0.6425903539578074
202506230718,37,Adversary,NonVerbal,0.5,0,2,1,0.0,0,-1,1,1,0,0,EN,,,,,,,,,0.0,1.0,1,1,1,3501,0.5,0.5,0.49932494429137153,0.46307826652759276,0.3555513143256796,0.3139538690084941,0.31656879024276857,0.35598233664243745,0.38977520476779304,0.3893955274765332,0.3703548824425955
202506230718,38,Adversary,NonVerbal,0.5,1,2,1,0.0,0,1,-1,1,0,1,EN,,,,,,,,,1.0,0.0,-1,1,1,3502,0.5,0.5,0.49968685153551795,0.6365787034338078,0.8272543277924455,0.7371417053738414,0.6287454794134038,0.8060295904238137,0.897590156124425,0.6505781590491363,0.7002646063952691
202506230718,39,Adversary,NonVerbal,0.5,0,2,1,0.5,0,-1,1,1,1,1,EN,,,,,,,,,0.0,1.0,-1,0,1,3503,0.5,0.5,0.5040648103242132,0.5878924403424004,0.6650186839786207,0.6542894018564248,0.6941424061185953,0.5323265260419424,0.36371773204285357,0.5066104428478596,0.5850655603864887
202506230718,41,Adversary,NonVerbal,0.5,0,2,1,1.0,0,-1,1,1,1,1,EN,,,,,,,,,0.0,1.0,-1,1,1,3504,0.5,0.5,0.5113414908890659,0.5946500757281254,0.6592783152765108,0.6599135582615442,0.7061611856671423,0.7170279633955744,0.7022254902952595,0.6542009684986743,0.5829014773738158
202506230718,42,Adversary,NonVerbal,0.5,1,2,1,1.0,0,-1,1,1,1,1,EN,,,,,,,,,0.0,1.0,-1,1,1,3505,0.5,0.5,0.5058054943848946,0.5160145802966972,0.5309746843529052,0.6194267782739341,0.6472157777927677,0.6805123191651664,0.721204022745455,0.7329949619061448,0.6035519904871336
202506230718,43,Adversary,NonVerbal,0.5,0,2,1,0.0,0,-1,1,1,0,0,EN,,,,,,,,,0.0,1.0,-1,-1,1,3506,0.5,0.5,0.49932298996684854,0.4986821323116416,0.44485080539116734,0.4171754042396869,0.32224293302417295,0.286342002714718,0.45224756840511904,0.6252758486212185,0.4584323782960156
202506230718,45,Adversary,NonVerbal,0.5,0,2,1,0.5,0,-1,1,1,1,1,EN,,,,,,,,,0.0,1.0,-1,0,1,3507,0.5,0.5,0.5040147407183254,0.5877794252084502,0.6659008753237415,0.6575388874602882,0.7035979162588784,0.5423588564345684,0.36879537772117765,0.5142500640366596,0.5158259316841012
202506230718,46,Adversary,NonVerbal,0.5,1,2,1,0.5,0,1,-1,1,1,0,EN,,,,,,,,,1.0,0.0,-1,0,1,3508,0.5,0.5,0.5018867416220009,0.4142533154293492,0.34996797412588077,0.45039451492855404,0.22355377668886212,0.2597154944807764,0.2797580214303426,0.29822957217748414,0.32582350516705216
202506230718,51,Adversary,NonVerbal,0.5,0,2,1,0.5,0,-1,1,1,0,0,EN,,,,,,,,,0.0,1.0,1,1,1,3509,0.5,0.5,0.49647571173128163,0.4138066539364535,0.346288272753062,0.33783422415415054,0.2728190037945514,0.2749061181729163,0.23765560710010358,0.23548384755619048,0.27454194192621245
202506230718,52,Adversary,NonVerbal,0.5,1,2,1,0.5,0,1,-1,1,1,0,EN,,,,,,,,,1.0,0.0,-1,0,1,3510,0.5,0.5,0.5018619431405563,0.3674514396477689,0.29611847229036353,0.3333738758856176,0.41744878660593243,0.23628176479066162,0.3069433569797741,0.34674050995595634,0.3936291123682144
202506230718,53,Adversary,NonVerbal,0.5,0,2,1,1.0,0,-1,1,1,1,1,EN,,,,,,,,,0.0,1.0,-1,0,1,3511,0.5,0.5,0.5113650810052226,0.5928455590832287,0.6863132596150634,0.6971831915635324,0.7059340120506912,0.6990172112154766,0.7070738111204812,0.7059219295319171,0.6983004094479784
202506230718,54,Adversary,NonVerbal,0.5,1,2,1,1.0,0,1,-1,1,0,1,EN,,,,,,,,,1.0,0.0,-1,1,1,3512,0.5,0.5,0.4951534995486693,0.48721846851557377,0.39334305974438094,0.3154129981776099,0.278026143597394,0.36253566704561435,0.4615961213861412,0.5899478226743969,0.5533636811675634
202506230718,55,Adversary,NonVerbal,0.5,0,2,1,0.0,0,-1,1,1,1,1,EN,,,,,,,,,0.0,1.0,-1,-1,1,3513,0.5,0.5,0.5007606978922631,0.5384792732381721,0.6408393859611151,0.6450943625343907,0.6807244774239373,0.6538044588729378,0.5708506543228479,0.46024163968521686,0.4427272060945268
202506230718,56,Adversary,NonVerbal,0.5,1,2,1,0.0,0,1,-1,1,1,0,EN,,,,,,,,,1.0,0.0,-1,1,1,3514,0.5,0.5,0.5003506369825724,0.3662057323115655,0.29800504135013994,0.42180098912844605,0.42738867650511736,0.2556105322016302,0.37748132320233585,0.4578067942667131,0.43200336505554826
202506230718,57,Adversary,NonVerbal,0.5,0,2,1,0.5,0,-1,1,1,1,1,EN,,,,,,,,,0.0,1.0,-1,0,1,3515,0.5,0.5,0.5040254559757157,0.5083764899470155,0.5872567519132778,0.6175875854437876,0.6867885972082313,0.722096039547118,0.7258709926651755,0.7018598665635936,0.6447325268943769
202506230718,58,Adversary,NonVerbal,0.5,1,2,1,0.5,0,1,-1,1,0,1,EN,,,,,,,,,1.0,0.0,-1,1,1,3516,0.5,0.5,0.4981636900185744,0.6423461942963783,0.8219445960476456,0.9004325418359262,0.6697278114577665,0.6131199582623186,0.599514462718281,0.7044769414460101,0.6714493864785896
202506230718,59,Adversary,NonVerbal,0.5,0,2,1,1.0,0,-1,1,1,0,0,EN,,,,,,,,,0.0,1.0,-1,1,1,3517,0.5,0.5,0.4901313627855245,0.404618934724172,0.31356529573034214,0.2874718214598387,0.30661131163820904,0.3525366800130618,0.41138782890092074,0.4628173825181456,0.5305688526725001
202506230718,61,Adversary,NonVerbal,0.5,0,2,1,0.0,0,0,0,1,0,-1,EN,,,,,,,,,0.0,0.0,-1,-1,1,3518,0.5,0.5,0.49935019561233995,0.4595470452786763,0.3481460961750773,0.3377489122876672,0.2938016297053779,0.2936380896979554,0.33105397497735706,0.3986008355464914,0.49218482529487906
202506230718,63,Adversary,NonVerbal,0.5,0,2,1,0.5,0,-1,1,1,1,1,EN,,,,,,,,,0.0,1.0,-1,0,1,3519,0.5,0.5,0.5039752130898888,0.5872805322758945,0.677741865867271,0.7095401358748967,0.5466712602368703,0.373270035520503,0.5867078075683256,0.6689147244218772,0.6818844342884864
202506230718,64,Adversary,NonVerbal,0.5,1,2,1,0.5,0,1,-1,1,1,0,EN,,,,,,,,,1.0,0.0,-1,0,1,3520,0.5,0.5,0.5021897843399934,0.371378226816302,0.3043231838490835,0.27551218568962565,0.27291819592950867,0.4059901340056967,0.2782474264033247,0.41344378348447686,0.4611815152840632
202506230718,65,Adversary,NonVerbal,0.5,0,2,1,1.0,0,-1,1,1,0,0,EN,,,,,,,,,0.0,1.0,-1,-1,1,3521,0.5,0.5,0.4901520191691765,0.41035792890989675,0.3359780109335755,0.2941416840318079,0.2417826888604672,0.23290769014423274,0.26968996923403843,0.2977134212349472,0.3234089988736162
202506230718,66,Adversary,NonVerbal,0.5,1,2,1,1.0,0,-1,1,1,1,1,EN,,,,,,,,,0.0,1.0,-1,0,1,3522,0.5,0.5,0.5053252389354727,0.5154352877491302,0.5311911700605566,0.5634651812889263,0.6038842902587148,0.6478605217673143,0.6488728892201902,0.6485888912032487,0.6485545194999282
202506230718,67,Adversary,NonVerbal,0.5,0,2,1,0.0,0,-1,1,1,1,1,EN,,,,,,,,,0.0,1.0,-1,0,1,3523,0.5,0.5,0.500771646115249,0.5015934750994594,0.5773810157810789,0.6168637038614623,0.6385723387874943,0.6550299957711707,0.6622743242062347,0.7051425649296617,0.7023839161466597
202506230718,68,Adversary,NonVerbal,0.5,1,2,1,0.0,0,1,-1,1,0,1,EN,,,,,,,,,1.0,0.0,-1,-1,1,3524,0.5,0.5,0.49967275658482807,0.6397289599202926,0.827075709569705,0.9111742962614438,0.6831258395075644,0.7979033520288595,0.7718600958238553,0.7267992665812505,0.568071123061104
202506230718,70,Adversary,NonVerbal,0.5,1,2,1,0.5,0,0,0,1,1,-1,EN,,,,,,,,,0.0,0.0,-1,0,1,3525,0.5,0.5,0.5003398343626932,0.4891576058420965,0.473517494758143,0.27990836031630173,0.3448102547250747,0.4193848200190306,0.4628268594217916,0.4955152243924497,0.5221402248503442
202506230718,71,Adversary,NonVerbal,0.5,0,2,1,1.0,0,-1,1,1,1,1,EN,,,,,,,,,0.0,1.0,-1,-1,1,3526,0.5,0.5,0.5115568999603393,0.5224818724487855,0.6124389360463757,0.6535343829070716,0.70333610047108,0.6995029471489158,0.6589698033192037,0.5913173275025232,0.5103282538014311
202506230718,72,Adversary,NonVerbal,0.5,1,2,1,1.0,0,-1,1,1,1,1,EN,,,,,,,,,0.0,1.0,-1,1,1,3527,0.5,0.5,0.5052244140178493,0.590519959383761,0.6840030295057961,0.7037675635607425,0.6878147081181499,0.663061391439052,0.5819036327798954,0.5618643916729749,0.5694336894591987
202506230718,73,Adversary,NonVerbal,0.5,0,2,1,0.0,0,-1,1,1,0,0,EN,,,,,,,,,0.0,1.0,-1,1,1,3528,0.5,0.5,0.49934632225385506,0.49871488392769503,0.4353486427674586,0.373546236616881,0.37107573303152724,0.407884499731089,0.469636457161258,0.5432917089307485,0.5476430030847275
202506230718,74,Adversary,NonVerbal,0.5,1,2,1,0.0,0,1,-1,1,1,0,EN,,,,,,,,,1.0,0.0,-1,0,1,3529,0.5,0.5,0.5004143816482249,0.47632488124560973,0.41198540420413304,0.36815781457472074,0.3374744862194913,0.4071533998160757,0.4397830113724815,0.5327667450089384,0.5170791001534617
202506230718,76,Adversary,NonVerbal,0.5,1,2,1,0.5,0,1,-1,1,0,1,EN,,,,,,,,,1.0,0.0,-1,-1,1,3530,0.5,0.5,0.49828299491855355,0.6403358513268784,0.7988834895755521,0.8583381268686843,0.8756657748965276,0.8681620717549267,0.8148991699455596,0.7910401039440836,0.7623944361619676
202506230718,77,Adversary,NonVerbal,0.5,0,2,1,1.0,0,-1,1,1,1,1,EN,,,,,,,,,0.0,1.0,1,0,1,3531,0.5,0.5,0.5114193595304226,0.5224347474597839,0.5898901545732793,0.6333888149633361,0.6221717354252301,0.5788932865144202,0.5147697548294579,0.4440377388565805,0.44413739380539613
202506230718,82,Adversary,NonVerbal,0.5,1,2,1,0.5,0,-1,1,1,1,1,EN,,,,,,,,,0.0,1.0,-1,0,1,3532,0.5,0.5,0.5022488126986672,0.4779322444859975,0.4564378912779333,0.3527511473481183,0.4018399634128512,0.5052668877338771,0.5102327388761192,0.5111141034525063,0.511038945856339
202506230718,84,Adversary,NonVerbal,0.5,1,2,1,1.0,0,-1,1,1,1,1,EN,,,,,,,,,0.0,1.0,-1,-1,1,3533,0.5,0.5,0.5055924933347029,0.5157775092486553,0.5319380183908621,0.5834849448073227,0.586582629017566,0.5536966923513579,0.5322149356511165,0.6054604010608786,0.6626739534097124
202506230718,86,Adversary,NonVerbal,0.5,1,2,1,0.0,0,0,0,1,0,-1,EN,,,,,,,,,0.0,0.0,-1,1,1,3534,0.5,0.5,0.5000034268483917,0.6439257740810688,0.6522883920744277,0.7221985216863309,0.5488548490053622,0.5218661879486395,0.5122625571030759,0.477424803794997,0.37180409703887146
202506230718,87,Adversary,NonVerbal,0.5,0,2,1,0.5,0,-1,1,1,0,0,EN,,,,,,,,,0.0,1.0,-1,-1,1,3535,0.5,0.5,0.49646327201046103,0.411617893676975,0.3103480274303272,0.3033640648178423,0.2930624670848699,0.271979434590942,0.2699628745926184,0.2692494567540459,0.44633446574328006
202506230718,88,Adversary,NonVerbal,0.5,1,2,1,0.5,0,1,-1,1,1,0,EN,,,,,,,,,1.0,0.0,-1,0,1,3536,0.5,0.5,0.5003309469535779,0.4773038233656827,0.456085191689891,0.4347057660573099,0.42815823657485136,0.4835366156633772,0.570542269916459,0.6756783366635423,0.7371197255437625
202506230718,89,Adversary,NonVerbal,0.5,0,2,1,1.0,0,-1,1,1,0,0,EN,,,,,,,,,0.0,1.0,-1,-1,1,3537,0.5,0.5,0.4896011944073649,0.48086960791352473,0.3942891707234759,0.33855114088124405,0.3338392211669066,0.33934787331925204,0.3146789344561803,0.31923775991058656,0.27195533700445246
202506230718,90,Adversary,NonVerbal,0.5,1,2,1,1.0,0,1,-1,1,1,0,EN,,,,,,,,,1.0,0.0,-1,1,1,3538,0.5,0.5,0.5058194893392968,0.5160946915825789,0.5312679827753292,0.4702897415338302,0.46014527821438117,0.46365054046964216,0.47072689897205516,0.4788771421431663,0.4846974623947186
202506251757,1,Adversary,NonVerbal,0.5,1,2,1,1.0,-1,1,-1,0,0,0,EN,,,,,,,,,1.0,0.0,-1,1,1,3539,0.5,0.5,0.4942555318873297,0.40720978610351555,0.3031764336028504,0.26958792564557277,0.342610136723839,0.4012194588836653,0.3817744614742986,0.31185371698166775,0.29726266195955947
202506251757,3,Adversary,NonVerbal,0.5,1,2,1,1.0,-1,-1,1,1,0,0,EN,,,,,,,,,0.0,1.0,-1,1,1,3540,0.5,0.5,0.4950332970914179,0.486800876165119,0.39234576173475993,0.3082222350993526,0.2623850117926145,0.22518024299306988,0.20160769111379895,0.18355478032838746,0.1659266664517888
202506251757,4,Adversary,NonVerbal,0.5,1,2,1,1.0,-1,-1,1,1,1,1,EN,,,,,,,,,0.0,1.0,-1,0,1,3541,0.5,0.5,0.5053364570061125,0.5152988410957845,0.5327353753280543,0.5626233997240605,0.5749825312420096,0.5484606726115043,0.5294680274665898,0.5012026446061802,0.5530889123484666
202506251757,5,Adversary,NonVerbal,0.5,1,2,1,1.0,-1,-1,1,1,0,0,EN,,,,,,,,,0.0,1.0,0,1,1,3542,0.5,0.5,0.494832801512137,0.486231951240894,0.3922437011897969,0.3430285032856199,0.38300386523116503,0.4305130276409012,0.5081949161796749,0.4010651805555037,0.37087156770896507
202506251838,1,Adversary,NonVerbal,0.5,1,2,1,1.0,-1,1,-1,0,1,1,EN,,,,,,,,,1.0,0.0,-1,0,1,3543,0.5,0.5,0.505212449557163,0.5350881862793805,0.6248485912554962,0.6532323626973169,0.6789193756166626,0.6970784878330193,0.7284031094757987,0.76247351535646,0.7763857860672854
202506251838,2,Adversary,NonVerbal,0.5,1,2,1,1.0,-1,-1,1,1,0,0,EN,,,,,,,,,0.0,1.0,-1,1,1,3544,0.5,0.5,0.5000886938523241,0.49767375851390866,0.4296994378162952,0.3717743793913782,0.35140082297749464,0.3618441131272827,0.37561406265102315,0.3818517389706274,0.3945604775569623
202506251838,4,Adversary,NonVerbal,0.5,1,2,1,1.0,-1,-1,1,1,0,0,EN,,,,,,,,,0.0,1.0,0,1,1,3545,0.5,0.5,0.49508280995992365,0.4866778333972537,0.4181088853749196,0.34597724595820795,0.28200738183796764,0.3512491066538824,0.2780454273222995,0.2298799155268912,0.20955745521602992
202506251838,5,Adversary,NonVerbal,0.5,1,2,1,1.0,-1,-1,1,1,0,0,EN,,,,,,,,,0.0,1.0,-1,1,1,3546,0.5,0.5,0.4991036320427816,0.49017575878996167,0.39343232245964993,0.29704677829121867,0.2616548021349719,0.24537368575188073,0.22658251610967597,0.2141726703843737,0.20955127168949259
202506251838,6,Adversary,NonVerbal,0.5,1,2,1,1.0,-1,-1,1,1,1,1,EN,,,,,,,,,0.0,1.0,0,0,1,3547,0.5,0.5,0.5053163138485846,0.5690501763951646,0.663875766572801,0.6874691742438043,0.6929810766357054,0.6855970545383236,0.5803828318492211,0.5839732399895569,0.6199758431583645
202506251838,7,Adversary,NonVerbal,0.5,1,2,1,1.0,-1,-1,1,1,1,1,EN,,,,,,,,,0.0,1.0,-1,0,1,3548,0.5,0.5,0.5010530237445929,0.5870372839246146,0.6878103871623747,0.710235122268632,0.6936438760044921,0.7362755676042415,0.7614326922744402,0.7835367671588861,0.8053561924317043
202506251838,8,Adversary,NonVerbal,0.5,1,2,1,1.0,-1,-1,1,1,0,0,EN,,,,,,,,,0.0,1.0,0,1,1,3549,0.5,0.5,0.49713165199118176,0.48825449071763216,0.4728087365890375,0.4051256655917774,0.30578199072557194,0.3036859477422791,0.2748196118850456,0.27466001980694493,0.2763954232546763
202506251838,9,Adversary,NonVerbal,0.5,1,2,1,1.0,-1,-1,1,1,1,1,EN,,,,,,,,,0.0,1.0,-1,0,1,3550,0.5,0.5,0.5057737755894036,0.5728489978970127,0.6515176466473999,0.6405274327352829,0.6481407075423116,0.6338217440557705,0.6482003033652383,0.6944863929549364,0.731908194587042
202506251838,11,Adversary,NonVerbal,0.5,1,2,1,1.0,-1,-1,1,1,1,1,EN,,,,,,,,,0.0,1.0,-1,0,1,3551,0.5,0.5,0.5055656630940157,0.5884172986841077,0.67864270346928,0.6776539278349392,0.7103974866143005,0.7107585004043812,0.7110888402907088,0.7073222174852812,0.672224838400898
202506252154,3,Partner,NonVerbal,0.5,0,2,1,0.0,-1,-1,-1,0,0,0,EN,,,,,,,,,0.0,1.0,-1,1,1,3552,0.5,0.5,0.4829383039753092,0.4657338568187949,0.39898956756033316,0.3622947562655504,0.32503620603611355,0.2909035656380396,0.2859086507437161,0.28335510841397404,0.2844377180168183
202506252154,4,Partner,NonVerbal,0.5,0,2,1,0.5,-1,-1,-1,0,0,0,EN,,,,,,,,,0.0,1.0,-1,1,1,3553,0.5,0.5,0.45935226073641383,0.4227242458903874,0.3650323257219738,0.33021047941112747,0.3322446773008854,0.33300596439960295,0.333267635952519,0.3738168005097732,0.4054896726727851
202506252154,5,Partner,NonVerbal,0.5,0,2,1,1.0,-1,-1,-1,0,0,0,EN,,,,,,,,,0.0,1.0,-1,1,1,3554,0.5,0.5,0.4577175905742687,0.42012020849984133,0.3558214959890284,0.3177317516293374,0.32634954891046625,0.33261739605938295,0.3642010131762545,0.4239285378572369,0.4497473270567509
202506252154,7,Partner,NonVerbal,0.5,1,2,1,0.5,-1,-1,-1,0,0,0,EN,,,,,,,,,0.0,1.0,-1,1,1,3555,0.5,0.5,0.4837813985601701,0.45890605455475486,0.397259285238106,0.35820860121612635,0.3574468135573607,0.31079353384259867,0.26465437453155766,0.24993374208878638,0.2417951903702747
202506252154,8,Partner,NonVerbal,0.5,1,2,1,1.0,-1,-1,-1,0,0,0,EN,,,,,,,,,0.0,1.0,-1,1,1,3556,0.5,0.5,0.46453109981242263,0.38259695198626165,0.3121180743785653,0.29541669018405753,0.2956818163779363,0.2649486512115795,0.312792052532588,0.3799843446254813,0.38799924972456545
202506252154,11,Adversary,NonVerbal,0.5,0,2,1,0.0,-1,1,-1,0,0,0,EN,,,,,,,,,1.0,0.0,-1,1,1,3557,0.5,0.5,0.4993513411738395,0.4613767672799571,0.3538896912113811,0.3065326789155658,0.26140857730133554,0.2668315172598868,0.22449454792217519,0.23826816704496065,0.213418248109461
202506252154,12,Adversary,NonVerbal,0.5,0,2,1,0.5,-1,1,-1,0,0,0,EN,,,,,,,,,1.0,0.0,-1,1,1,3558,0.5,0.5,0.496581499933817,0.4133844728855993,0.32144547983928107,0.3144201008285011,0.29905905851267034,0.28373676691295147,0.2816236189761407,0.2808614495371847,0.45361382924009
202506252154,14,Adversary,NonVerbal,0.5,1,2,1,0.0,-1,-1,1,0,1,0,EN,,,,,,,,,0.0,1.0,-1,0,1,3559,0.5,0.5,0.5003525495890615,0.36663978343935355,0.29316733102909415,0.3215556124621883,0.40962885295729473,0.26683650614654075,0.34833566470034716,0.44991173782751354,0.4724731097244345
202506252154,15,Adversary,NonVerbal,0.5,1,2,1,0.5,-1,-1,1,0,1,0,EN,,,,,,,,,0.0,1.0,-1,1,1,3560,0.5,0.5,0.501902612294079,0.3672778006761515,0.2972966063031687,0.3290603553620639,0.44619481430783475,0.3086679113757335,0.4134991379728876,0.4851351912203006,0.5348889954780702
202506252154,16,Adversary,NonVerbal,0.5,1,2,1,1.0,-1,1,-1,0,1,1,EN,,,,,,,,,1.0,0.0,-1,0,1,3561,0.5,0.5,0.5031149093955355,0.5138988103045461,0.5267919965972829,0.5885714473587909,0.6244124160815985,0.6289406645254201,0.6727378322791192,0.689813545483894,0.7126891827764057
202506252154,19,Partner,NonVerbal,0.5,0,2,1,0.0,-1,1,1,1,1,1,EN,,,,,,,,,1.0,0.0,-1,0,1,3562,0.5,0.5,0.5184881971457692,0.5987909542070609,0.6751479684912667,0.6927743814262068,0.6963559684562963,0.7046436277498502,0.7109888378274254,0.7171291568516392,0.721787001229549
202506252154,21,Partner,NonVerbal,0.5,0,2,1,1.0,-1,1,1,1,0,0,EN,,,,,,,,,1.0,0.0,-1,1,1,3563,0.5,0.5,0.45766162582450526,0.3681476130334145,0.28461363242045107,0.2608771005713547,0.27152707386119873,0.28533329456869605,0.32503179849535363,0.35657538422385027,0.3618233901333885
202506252154,22,Partner,NonVerbal,0.5,1,2,1,0.0,-1,1,1,1,1,1,EN,,,,,,,,,1.0,0.0,-1,-1,1,3564,0.5,0.5,0.5005377194623608,0.520660601105466,0.4659098368077527,0.5302283719475172,0.5201883823533303,0.5310006741274175,0.613001493191179,0.6587261560409627,0.6575973886149665
202506252154,23,Partner,NonVerbal,0.5,1,2,1,0.5,-1,1,1,1,1,1,EN,,,,,,,,,1.0,0.0,-1,0,1,3565,0.5,0.5,0.5118766213256,0.5985141652592326,0.6896072598099481,0.7185330579157057,0.7190935913231222,0.7440046637573086,0.648045226898794,0.6909500522829781,0.6013217836364743
202506252154,27,Adversary,NonVerbal,0.5,0,2,1,0.0,-1,-1,1,1,0,0,EN,,,,,,,,,0.0,1.0,-1,-1,1,3566,0.5,0.5,0.4993396842354595,0.46030417545181807,0.3604738111133723,0.3301569089289771,0.32463416562427494,0.34676383782725567,0.32405119443085406,0.2797961274542794,0.2691021202516992
202506252154,28,Adversary,NonVerbal,0.5,0,2,1,0.5,-1,-1,1,1,1,1,EN,,,,,,,,,0.0,1.0,-1,1,1,3567,0.5,0.5,0.5040109309773212,0.5083108856854174,0.5665791320634613,0.6289490073249154,0.6625113127437587,0.6479225418168346,0.7004184676448991,0.7243428692214724,0.7252033553231813
202506252154,29,Adversary,NonVerbal,0.5,0,2,1,1.0,-1,-1,1,1,1,1,EN,,,,,,,,,0.0,1.0,-1,0,1,3568,0.5,0.5,0.510907478427385,0.5222095480334381,0.5921163278037673,0.6430765302662246,0.641214864581999,0.6031952759754264,0.541072947986372,0.46896063720546277,0.4624012499099708
202506252154,30,Adversary,NonVerbal,0.5,1,2,1,0.0,-1,1,-1,1,0,1,EN,,,,,,,,,1.0,0.0,-1,1,1,3569,0.5,0.5,0.4997154707994601,0.6418684972714713,0.8133902255189794,0.9093415618246437,0.6870836982083032,0.8118320980944137,0.790325916417306,0.7375315523186586,0.5725789335907258
202506252154,31,Adversary,NonVerbal,0.5,1,2,1,0.5,-1,0,0,1,1,-1,EN,,,,,,,,,0.0,0.0,-1,0,1,3570,0.5,0.5,0.5000232950087138,0.485755812908824,0.4689052871513907,0.4318393948956521,0.431724699955483,0.5605608300571232,0.6744541716352752,0.7342255134757594,0.6567686162482249
202506252154,32,Adversary,NonVerbal,0.5,1,2,1,1.0,-1,-1,1,1,1,1,EN,,,,,,,,,0.0,1.0,-1,-1,1,3571,0.5,0.5,0.5030424789321526,0.5123050692421683,0.5228052673363456,0.5745719055723262,0.6651086111545199,0.7007712243066352,0.7010505834927928,0.7014675550667188,0.698806246586082
202506252154,35,Partner,NonVerbal,0.5,0,2,1,0.0,-1,1,1,1,1,1,EN,,,,,,,,,1.0,0.0,-1,0,1,3572,0.5,0.5,0.5184530555468109,0.5376398337974791,0.5774864623192284,0.5978295542497909,0.5859718681466257,0.5357325987146814,0.4663856382859285,0.39123327213523407,0.3135843254210486
202506252154,36,Partner,NonVerbal,0.5,0,2,1,0.5,-1,1,1,1,0,0,EN,,,,,,,,,1.0,0.0,-1,1,1,3573,0.5,0.5,0.45976220928312656,0.3702432763713415,0.28715820967717004,0.26069150331084256,0.29834889808061443,0.32928559258728846,0.3293057255189514,0.3686263831196141,0.4358295639442027
202506252154,37,Partner,NonVerbal,0.5,0,2,1,1.0,-1,1,1,1,1,1,EN,,,,,,,,,1.0,0.0,-1,1,1,3574,0.5,0.5,0.5439279039343053,0.6358269278556243,0.71656857194782,0.7429783663257196,0.742570400123042,0.7089941457529384,0.6707000393301454,0.655728410588425,0.6755677472702527
202506252154,38,Partner,NonVerbal,0.5,1,2,1,0.0,-1,1,1,1,0,0,EN,,,,,,,,,1.0,0.0,-1,1,1,3575,0.5,0.5,0.4790341390885911,0.4250057909146056,0.33111305813139297,0.2917759536653026,0.3308656959280271,0.3630494205316389,0.3631019959281544,0.37928350916876097,0.3939066400778912
202506252154,39,Partner,NonVerbal,0.5,1,2,1,0.5,-1,1,1,1,0,0,EN,,,,,,,,,1.0,0.0,-1,1,1,3576,0.5,0.5,0.48939345947744445,0.47157148401618876,0.4124771856752132,0.33234883194541837,0.2998458398655729,0.3072513784142165,0.31745870028299444,0.3266269973517829,0.3633738335320368
202506252154,43,Adversary,NonVerbal,0.5,0,2,1,0.0,-1,-1,1,1,1,1,EN,,,,,,,,,0.0,1.0,-1,1,1,3577,0.5,0.5,0.5007603581250852,0.5015888238099917,0.5530125518960586,0.5822071071197361,0.6161618340118327,0.6414009924978031,0.6717633952114622,0.6569473676638039,0.6088277255501372
202506252154,44,Adversary,NonVerbal,0.5,0,2,1,0.5,-1,-1,1,1,1,1,EN,,,,,,,,,0.0,1.0,-1,1,1,3578,0.5,0.5,0.504040809590522,0.5083501140697072,0.5913286931364109,0.6252807456752462,0.6739742690082725,0.6576722462320793,0.6097453139394718,0.5419208218370484,0.4673217595861114
202506252154,45,Adversary,NonVerbal,0.5,0,2,1,1.0,-1,-1,1,1,0,0,EN,,,,,,,,,0.0,1.0,-1,1,1,3579,0.5,0.5,0.4902155802798812,0.4116157511821839,0.31769411912555534,0.2870848268255729,0.30590143642334316,0.3587514015493175,0.4349966937551036,0.5194553925425442,0.5481573643863169
202506252154,46,Adversary,NonVerbal,0.5,1,2,1,0.0,-1,1,-1,1,0,1,EN,,,,,,,,,1.0,0.0,-1,-1,1,3580,0.5,0.5,0.4996773105473781,0.6411915546363943,0.8376561570868023,0.9155210116505331,0.939826414409979,0.9503844736905367,0.9591704956942307,0.9664555850023805,0.9724781144383189
202506252154,47,Adversary,NonVerbal,0.5,1,2,1,0.5,-1,1,-1,1,1,0,EN,,,,,,,,,1.0,0.0,-1,0,1,3581,0.5,0.5,0.5008422874422265,0.42768499065169563,0.3701798688913029,0.24365179708686446,0.304447080625025,0.2555630541660114,0.27821850442035123,0.44027712109720213,0.46949813932348905
202506252154,48,Adversary,NonVerbal,0.5,1,2,1,1.0,-1,-1,1,1,1,1,EN,,,,,,,,,0.0,1.0,-1,0,1,3582,0.5,0.5,0.505420206779395,0.515554567759902,0.59996106172497,0.6398364501422416,0.6560892458408668,0.595371676679368,0.5557399759004723,0.552897857408878,0.535838266509601
202506252154,52,Partner,NonVerbal,0.5,0,2,1,0.5,-1,1,1,1,1,1,EN,,,,,,,,,1.0,0.0,-1,0,1,3583,0.5,0.5,0.5432807699953455,0.5825665705957255,0.6081889289964117,0.6206737643100847,0.6242574209533145,0.6387301756517502,0.6550106645406035,0.6642364300716588,0.6729024101632392
202506252154,54,Partner,NonVerbal,0.5,1,2,1,0.0,-1,1,1,1,0,0,EN,,,,,,,,,1.0,0.0,-1,1,1,3584,0.5,0.5,0.4790001178086536,0.4601956251746622,0.37657226910359676,0.33330947976875913,0.3424109839958654,0.3458521771238352,0.37983982776487635,0.4141074663071182,0.4210502458853099
202506252154,56,Partner,NonVerbal,0.5,1,2,1,1.0,-1,1,1,1,0,0,EN,,,,,,,,,1.0,0.0,-1,1,1,3585,0.5,0.5,0.5004371461406244,0.46547046355482413,0.39632564595005054,0.36736932153744173,0.37162890505909735,0.35371145068311854,0.4853480662994738,0.6410292304963853,0.499173264278653
202506252154,59,Adversary,NonVerbal,0.5,0,2,1,0.0,-1,-1,1,1,0,0,EN,,,,,,,,,0.0,1.0,-1,1,1,3586,0.5,0.5,0.499344184102713,0.46087925778495,0.3616784233954863,0.35789641467308364,0.33093409402341223,0.3183924945030687,0.33735017958707975,0.3377269835408421,0.31922309261439213
202506252154,60,Adversary,NonVerbal,0.5,0,2,1,0.5,-1,-1,1,1,0,0,EN,,,,,,,,,0.0,1.0,-1,1,1,3587,0.5,0.5,0.4965545975208834,0.4932213256288868,0.4257667381722194,0.3909136675278331,0.3549022522021892,0.3638415017975459,0.3519437663268308,0.29245289978007627,0.24618195834161397
202506252154,62,Adversary,NonVerbal,0.5,1,2,1,0.0,-1,1,-1,1,0,1,EN,,,,,,,,,1.0,0.0,-1,1,1,3588,0.5,0.5,0.4996850590497683,0.6422924332589811,0.7872635511476935,0.8548816117966787,0.7588163328922782,0.8522975640795443,0.7171008786034927,0.6689368300010825,0.566363993409658
202506252154,64,Adversary,NonVerbal,0.5,1,2,1,1.0,-1,-1,1,1,1,1,EN,,,,,,,,,0.0,1.0,-1,-1,1,3589,0.5,0.5,0.5054986260382481,0.5155777278283953,0.5320198856437159,0.5866271070703989,0.5835922401035182,0.5825686472767122,0.6435790421117448,0.6892209833633467,0.6898904103768935
202506252154,67,Partner,NonVerbal,0.5,0,2,1,0.0,-1,1,1,1,0,0,EN,,,,,,,,,1.0,0.0,-1,1,1,3590,0.5,0.5,0.48271973705519633,0.4035019735157697,0.33128815811209505,0.32233336533901746,0.3297815870703651,0.3316356097012031,0.3102593050693378,0.31715352403192687,0.3404227591920788
202506252154,68,Partner,NonVerbal,0.5,0,2,1,0.5,-1,1,1,1,1,1,EN,,,,,,,,,1.0,0.0,-1,0,1,3591,0.5,0.5,0.5434302718903921,0.5827089958187184,0.608924357394053,0.6219570203226951,0.6217278659969651,0.620983646324064,0.6277521371329411,0.656598999613483,0.6881075023763527
202506252154,71,Partner,NonVerbal,0.5,1,2,1,0.5,-1,1,1,1,0,0,EN,,,,,,,,,1.0,0.0,-1,1,1,3592,0.5,0.5,0.45837748476024687,0.3666013118491166,0.4072034646657482,0.3541806321770448,0.4222606213048167,0.48152989701152876,0.4852797181970298,0.4885226436194,0.48929386486744314
202506252154,75,Adversary,NonVerbal,0.5,0,2,1,0.0,-1,-1,1,1,0,0,EN,,,,,,,,,0.0,1.0,-1,1,1,3593,0.5,0.5,0.49935625185106236,0.49871681339481183,0.4358024101599461,0.36199238905697023,0.34626843271155194,0.36806365715255035,0.3756790152447135,0.38283002272226296,0.4048878943733873
202506252154,77,Adversary,NonVerbal,0.5,0,2,1,1.0,-1,-1,1,1,0,0,EN,,,,,,,,,0.0,1.0,-1,1,1,3594,0.5,0.5,0.4902258368307396,0.41352540361229845,0.32160318814289524,0.2972451284088568,0.328377724504427,0.49429370519168825,0.589023651593524,0.5546819462947438,0.5355648184092964
202506252154,78,Adversary,NonVerbal,0.5,1,2,1,0.0,-1,0,0,1,0,-1,EN,,,,,,,,,0.0,0.0,-1,1,1,3595,0.5,0.5,0.49966954335234054,0.6428081937949542,0.8043584599982699,0.6805587974114972,0.5822967004634308,0.7331708271208347,0.6672340120269621,0.4772959005760374,0.5249030285302434
202506252154,79,Adversary,NonVerbal,0.5,1,2,1,0.5,-1,0,0,1,0,-1,EN,,,,,,,,,0.0,0.0,-1,1,1,3596,0.5,0.5,0.5000420380052104,0.5220328363515019,0.6191605613904696,0.7009712163492909,0.6942058622086991,0.6564769000433615,0.6468785615418153,0.60038675506845,0.496599020410887
202506252154,80,Adversary,NonVerbal,0.5,1,2,1,1.0,-1,-1,1,1,1,1,EN,,,,,,,,,0.0,1.0,-1,0,1,3597,0.5,0.5,0.5052521813941661,0.5153111116736,0.5318980057848341,0.5934292663596238,0.6714518052233944,0.7326043574133654,0.7498700809887486,0.741669625457367,0.7608620771661788
202506252154,83,Partner,NonVerbal,0.5,0,2,1,0.0,-1,1,1,1,1,1,EN,,,,,,,,,1.0,0.0,-1,1,1,3598,0.5,0.5,0.518216101554044,0.6001530393772846,0.6935835353054856,0.6874026766508292,0.6482523678822906,0.6277281930904073,0.6160431969949468,0.6129057458113517,0.5980007178124883
202506252154,84,Partner,NonVerbal,0.5,0,2,1,0.5,-1,1,1,1,1,1,EN,,,,,,,,,1.0,0.0,-1,0,1,3599,0.5,0.5,0.5429809654608098,0.6345793756177385,0.7137135217037995,0.7383154897791963,0.7371655231436552,0.710153985056966,0.7225002038609093,0.7293189243345715,0.7363443429038025
202506252154,85,Partner,NonVerbal,0.5,0,2,1,1.0,-1,1,1,1,1,1,EN,,,,,,,,,1.0,0.0,-1,0,1,3600,0.5,0.5,0.5440936205868053,0.6351607309921562,0.7053554255469969,0.7249316899771775,0.7245694389880438,0.7012217674223921,0.7103077080701811,0.7080922002753091,0.6869537756370898
202506252154,86,Partner,NonVerbal,0.5,1,2,1,0.0,-1,-1,-1,1,1,0,EN,,,,,,,,,0.0,1.0,-1,-1,1,3601,0.5,0.5,0.5004678229204358,0.5514430867373674,0.46726862316264683,0.41389306638150253,0.3691244286198079,0.3344616263357133,0.27171860165334427,0.2297236160861927,0.2020855382462433
202506252154,87,Partner,NonVerbal,0.5,1,2,1,0.5,-1,1,1,1,0,0,EN,,,,,,,,,1.0,0.0,-1,1,1,3602,0.5,0.5,0.45844964023259893,0.380750746490859,0.30619583764448927,0.2769321126778272,0.27201827636842835,0.2652062350796976,0.26182809177584065,0.2584047615905473,0.2464273429592958
202506252154,91,Adversary,NonVerbal,0.5,0,2,1,0.0,-1,-1,1,1,1,1,EN,,,,,,,,,0.0,1.0,-1,0,1,3603,0.5,0.5,0.5007383607626946,0.5381218208304107,0.6307358489129005,0.6354828415783765,0.665653707943479,0.5214652084879082,0.3589396132082385,0.5023582268940533,0.5054632305175654
202506252154,92,Adversary,NonVerbal,0.5,0,2,1,0.5,-1,-1,1,1,0,0,EN,,,,,,,,,0.0,1.0,-1,1,1,3604,0.5,0.5,0.4965399394099616,0.4932940818840341,0.44938072200293677,0.38089474563922754,0.3669351836791712,0.29338794000957386,0.2891665473686865,0.2664437282565828,0.2864042718085289
202506252154,93,Adversary,NonVerbal,0.5,0,2,1,1.0,-1,-1,1,1,0,0,EN,,,,,,,,,0.0,1.0,-1,-1,1,3605,0.5,0.5,0.49003519930138656,0.40758364492004123,0.3048813959328363,0.2714915585069857,0.4434623032050598,0.6180770655230364,0.5140098518916139,0.4942285092575668,0.4169017437454115
202506252154,94,Adversary,NonVerbal,0.5,1,2,1,0.0,-1,1,-1,1,1,0,EN,,,,,,,,,1.0,0.0,-1,0,1,3606,0.5,0.5,0.5003342577236116,0.4187626123448876,0.30345311265058833,0.25366600137864187,0.268005374420292,0.38131046296224846,0.46177089103433855,0.48669632120918205,0.5003325236864938
202506252154,95,Adversary,NonVerbal,0.5,1,2,1,0.5,-1,1,-1,1,0,1,EN,,,,,,,,,1.0,0.0,-1,1,1,3607,0.5,0.5,0.49818601011165237,0.6411680645158631,0.7691763634764918,0.7973582539712695,0.7112819252819725,0.6209742493596467,0.56350702018747,0.5500070379969862,0.42187867982772387
202506252154,96,Adversary,NonVerbal,0.5,1,2,1,1.0,-1,-1,1,1,1,1,EN,,,,,,,,,0.0,1.0,-1,1,1,3608,0.5,0.5,0.5043216574579549,0.5422407964723159,0.614930414125749,0.6701059147251739,0.6858138389576218,0.7215584471972772,0.7232818513732047,0.7331805338796284,0.7364144600663007
202506252154,100,Partner,NonVerbal,0.5,0,2,1,0.5,-1,1,1,1,0,0,EN,,,,,,,,,1.0,0.0,-1,1,1,3609,0.5,0.5,0.4582691388086532,0.42122808069183665,0.3725679832326388,0.35004878244032,0.3680610604676067,0.33384944290367435,0.3048560959448687,0.29456655792812275,0.2793566350948338
202506252154,101,Partner,NonVerbal,0.5,0,2,1,1.0,-1,1,1,1,1,1,EN,,,,,,,,,1.0,0.0,-1,1,1,3610,0.5,0.5,0.5447115383024312,0.635885737476917,0.6974256746896345,0.709843819156178,0.7054778690282346,0.7019091567488736,0.6996687572604726,0.7240348569635093,0.6931670219592979
202506252154,104,Partner,NonVerbal,0.5,1,2,1,1.0,-1,1,1,1,0,0,EN,,,,,,,,,1.0,0.0,-1,1,1,3611,0.5,0.5,0.4577720386676596,0.3796324280175801,0.31062161610837746,0.28948943467836863,0.29552669983027596,0.30155352264255986,0.35032388864574016,0.39391901131494733,0.4348957634571871
202506252154,107,Adversary,NonVerbal,0.5,0,2,1,0.0,-1,-1,1,1,0,0,EN,,,,,,,,,0.0,1.0,-1,1,1,3612,0.5,0.5,0.49933120845473916,0.49870884039717917,0.44002728356147575,0.4023171611671887,0.35229649987018347,0.3401427168470492,0.37081643609481507,0.44195445212253454,0.534370289139526
202506252154,108,Adversary,NonVerbal,0.5,0,2,1,0.5,-1,-1,1,1,1,1,EN,,,,,,,,,0.0,1.0,-1,-1,1,3613,0.5,0.5,0.5040729996893493,0.5872081301709399,0.6863190475089935,0.6986379117298865,0.6919959185040991,0.6934440772879695,0.7453662897886545,0.5725788737354158,0.38282471903871673
202506252154,110,Adversary,NonVerbal,0.5,1,2,1,0.0,-1,1,-1,1,0,1,EN,,,,,,,,,1.0,0.0,-1,1,1,3614,0.5,0.5,0.4998554687842438,0.6421342778291318,0.710790165689457,0.8363185153374164,0.7196257489380677,0.6646089364852223,0.5684959964897076,0.7861075721079739,0.8827753731865566
202506252154,112,Adversary,NonVerbal,0.5,1,2,1,1.0,-1,-1,1,1,1,1,EN,,,,,,,,,0.0,1.0,-1,1,1,3615,0.5,0.5,0.5054502228699946,0.5900659099261909,0.6848793863606867,0.7113056950127907,0.7349635327234032,0.7578108974976439,0.7530703387035647,0.7638020736219882,0.7869206627854406
202506252154,116,Partner,NonVerbal,0.5,0,2,1,0.5,-1,1,1,1,0,0,EN,,,,,,,,,1.0,0.0,-1,1,1,3616,0.5,0.5,0.4586442853793986,0.3746547900962557,0.2961431278139013,0.2731041925682416,0.29712005050143064,0.32950390525565226,0.3432307264154774,0.34205434369285553,0.3393665472673644
202506252154,117,Partner,NonVerbal,0.5,0,2,1,1.0,-1,1,1,1,0,0,EN,,,,,,,,,1.0,0.0,-1,1,1,3617,0.5,0.5,0.45742246117492824,0.41951621120998445,0.3807154172885175,0.3571220742770681,0.3136416793249878,0.28900796916957316,0.29766428334606443,0.29544187467044286,0.4131310739358413
202506252154,118,Partner,NonVerbal,0.5,1,2,1,0.0,-1,1,1,1,0,0,EN,,,,,,,,,1.0,0.0,-1,1,1,3618,0.5,0.5,0.47906760836556134,0.396622008294941,0.470338403367376,0.4612974117996502,0.393470673280178,0.39185993125938334,0.38837846334985593,0.5310057838480351,0.5374140765193293
202506252154,119,Partner,NonVerbal,0.5,1,2,1,0.5,-1,1,1,1,1,1,EN,,,,,,,,,1.0,0.0,-1,0,1,3619,0.5,0.5,0.5436122839462857,0.632654513181752,0.6832262253032803,0.7055061391079682,0.7017673206951006,0.6581619485113783,0.6332480552578132,0.639020673500494,0.5890967058025315
202506252154,120,Partner,NonVerbal,0.5,1,2,1,1.0,-1,1,1,1,1,1,EN,,,,,,,,,1.0,0.0,-1,1,1,3620,0.5,0.5,0.5434359233392787,0.6119276332577822,0.6758880715966468,0.7019242274450648,0.7069239753811531,0.7201518066350985,0.7309579469045651,0.7356360212165788,0.7417929404339662
202506252154,123,Adversary,NonVerbal,0.5,0,2,1,0.0,-1,-1,1,1,1,1,EN,,,,,,,,,0.0,1.0,-1,0,1,3621,0.5,0.5,0.5007560483765133,0.5317545980405898,0.6258645176130275,0.6653763001936605,0.5210969764023528,0.35985163091798955,0.5446374928234239,0.5648309276197506,0.6289187425430982
202506252154,125,Adversary,NonVerbal,0.5,0,2,1,1.0,-1,1,-1,1,1,0,EN,,,,,,,,,1.0,0.0,-1,0,1,3622,0.5,0.5,0.5112727556813064,0.5223845730201505,0.5845301199880779,0.6469566478643831,0.6559851552524434,0.5224225071396332,0.36221166691612816,0.48594991006328875,0.48143464031626226
202506252154,126,Adversary,NonVerbal,0.5,1,2,1,0.0,-1,1,-1,1,0,1,EN,,,,,,,,,1.0,0.0,-1,1,1,3623,0.5,0.5,0.49968371495324465,0.5212062817921762,0.6563030771055531,0.8057314520728031,0.6512873342723408,0.5605276492736326,0.5953935504180278,0.5718011376274911,0.7270492146494654
202506252154,127,Adversary,NonVerbal,0.5,1,2,1,0.5,-1,-1,1,1,1,1,EN,,,,,,,,,0.0,1.0,-1,1,1,3624,0.5,0.5,0.5000323759243993,0.4769699915812132,0.40694894230772144,0.36193726487227934,0.3584648868135985,0.425214666678482,0.5087545945219091,0.602179234845383,0.6757977852605226
202506252154,131,Partner,NonVerbal,0.5,0,2,1,0.0,-1,1,1,1,1,1,EN,,,,,,,,,1.0,0.0,-1,-1,1,3625,0.5,0.5,0.518451154783659,0.6001986689784917,0.6739147520582555,0.6879975332449453,0.6668926613889834,0.6541145852640362,0.6651481856990595,0.6708283604975118,0.6705632345612721
202506252154,132,Partner,NonVerbal,0.5,0,2,1,0.5,-1,1,1,1,0,0,EN,,,,,,,,,1.0,0.0,-1,1,1,3626,0.5,0.5,0.45902427885147024,0.4222702713038476,0.38305070846518735,0.36378990029053,0.37656485744458873,0.3875407694782997,0.3910476644085802,0.3916478518506056,0.39190192444771066
202506252154,133,Partner,NonVerbal,0.5,0,2,1,1.0,-1,1,1,1,0,0,EN,,,,,,,,,1.0,0.0,-1,1,1,3627,0.5,0.5,0.4575829502020407,0.41992847374065373,0.3798746426339018,0.3571070203130591,0.364665266232861,0.37218302760685895,0.37717787303232536,0.3846153791216787,0.3919263665894111
202506252154,134,Partner,NonVerbal,0.5,1,2,1,0.0,-1,1,1,1,0,0,EN,,,,,,,,,1.0,0.0,-1,1,1,3628,0.5,0.5,0.4790007718290491,0.4649477083989917,0.4007300768672185,0.31424190519377404,0.2821550607447463,0.3063707265679384,0.32530771867282887,0.3884057339964945,0.362979970743763
202506252154,135,Partner,NonVerbal,0.5,1,2,1,0.5,-1,1,1,1,1,1,EN,,,,,,,,,1.0,0.0,-1,0,1,3629,0.5,0.5,0.5261068200773715,0.5508190302429885,0.6073574990098329,0.6443328256509296,0.6484210794604018,0.6434778293887358,0.6501384652168256,0.6236103094294163,0.6267921440955709
202506252154,136,Partner,NonVerbal,0.5,1,2,1,1.0,-1,1,1,1,1,1,EN,,,,,,,,,1.0,0.0,-1,1,1,3630,0.5,0.5,0.5487405157282179,0.5978045696244019,0.6631368951519291,0.6908868338675829,0.6965094967205787,0.7061796165083791,0.714840268179118,0.720007117006048,0.606124784321346
202506252154,139,Adversary,NonVerbal,0.5,0,2,1,0.0,-1,-1,1,1,1,1,EN,,,,,,,,,0.0,1.0,-1,1,1,3631,0.5,0.5,0.5007650129205576,0.5385411159535711,0.6582573671708241,0.6727115918589629,0.6773412250591694,0.6924106171933911,0.6796360407464584,0.7224039006056859,0.7190607124211654
202506252154,141,Adversary,NonVerbal,0.5,0,2,1,1.0,-1,0,0,1,0,-1,EN,,,,,,,,,0.0,0.0,-1,1,1,3632,0.5,0.5,0.4899709722196987,0.48100717052654063,0.405332174498128,0.36715321462928235,0.3973152843576687,0.4551926430321142,0.5275681763128344,0.5354211847387688,0.5792533689351465
202506252154,142,Adversary,NonVerbal,0.5,1,2,1,0.0,-1,1,-1,1,0,1,EN,,,,,,,,,1.0,0.0,-1,1,1,3633,0.5,0.5,0.49964035776332727,0.6404889607758364,0.7048292919941598,0.688037048582357,0.7949814859169265,0.8338378451319503,0.6434762313927012,0.6356372210765734,0.6133441894958912
202506252154,148,Partner,NonVerbal,0.5,0,2,1,0.5,-1,1,1,1,0,0,EN,,,,,,,,,1.0,0.0,-1,1,1,3634,0.5,0.5,0.4588508149261555,0.3697404835144634,0.30494622185031073,0.2903856855268902,0.29243576340416216,0.29325902950161364,0.3351016892813293,0.42139620544829876,0.4574328726141887
202506252154,149,Partner,NonVerbal,0.5,0,2,1,1.0,-1,1,1,1,1,1,EN,,,,,,,,,1.0,0.0,-1,0,1,3635,0.5,0.5,0.5441077391423762,0.5840540342904679,0.6432983359579905,0.6792361219652403,0.6590040989700509,0.6465207889609815,0.6648460361859346,0.6788312552470179,0.6794791773261574
202506252154,151,Partner,NonVerbal,0.5,1,2,1,0.5,-1,1,1,1,0,0,EN,,,,,,,,,1.0,0.0,-1,1,1,3636,0.5,0.5,0.45817427593125215,0.39146834324273005,0.3162327179357528,0.28897416281071714,0.3975567691205827,0.39286464410261823,0.3549718030808439,0.3627765735732012,0.363444656877472
202506252154,152,Partner,NonVerbal,0.5,1,2,1,1.0,-1,1,1,1,1,1,EN,,,,,,,,,1.0,0.0,-1,1,1,3637,0.5,0.5,0.5435120594711754,0.633280926170016,0.6946016555614128,0.7087970730687873,0.7093790311683644,0.7186112513497661,0.7264190847095217,0.7310993159316141,0.737411293047884
202506252154,155,Adversary,NonVerbal,0.5,0,2,1,0.0,-1,-1,1,1,1,1,EN,,,,,,,,,0.0,1.0,-1,1,1,3638,0.5,0.5,0.5007530757017107,0.5015846121404854,0.5353426692196189,0.5915270089074282,0.6075504789944159,0.5747731567436429,0.5072433498238729,0.42546853797233763,0.4258563094021859
202506252154,156,Adversary,NonVerbal,0.5,0,2,1,0.5,-1,-1,1,1,0,0,EN,,,,,,,,,0.0,1.0,-1,1,1,3639,0.5,0.5,0.496528963999045,0.4932196910277947,0.4538155051578608,0.3642326016974054,0.3127297916954266,0.4639230821550853,0.6327498747263286,0.4049560098235637,0.36041995813027417
202506252154,157,Adversary,NonVerbal,0.5,0,2,1,1.0,-1,-1,1,1,0,0,EN,,,,,,,,,0.0,1.0,-1,-1,1,3640,0.5,0.5,0.4903162928606412,0.4814429884028758,0.3900336002873537,0.32516004374244595,0.4693155923595795,0.6345450080346521,0.40780545886337083,0.34070347962460296,0.3109028877417721
202506252154,158,Adversary,NonVerbal,0.5,1,2,1,0.0,-1,1,-1,1,0,1,EN,,,,,,,,,1.0,0.0,-1,1,1,3641,0.5,0.5,0.4996828810703765,0.5769728226032447,0.6236100976059423,0.7623686500717256,0.653832804622519,0.6063267785608341,0.5304280068388436,0.5446452232756245,0.502599145087602
202506252154,159,Adversary,NonVerbal,0.5,1,2,1,0.5,-1,1,-1,1,0,1,EN,,,,,,,,,1.0,0.0,-1,1,1,3642,0.5,0.5,0.4982962714237354,0.5200936808456089,0.5443398954841777,0.5919546120896708,0.5550779755733587,0.418159854720069,0.5293061932758664,0.5924402233221556,0.6726192378663124
202506252154,160,Adversary,NonVerbal,0.5,1,2,1,1.0,-1,-1,1,1,0,0,EN,,,,,,,,,0.0,1.0,-1,1,1,3643,0.5,0.5,0.4987498300782236,0.4896871602133283,0.4035451336822482,0.3269555143004175,0.31312794561920965,0.29950606436598826,0.2880453597719692,0.28437675518731964,0.2659290371012999
202506252154,164,Partner,NonVerbal,0.5,0,2,1,0.5,-1,1,1,1,1,1,EN,,,,,,,,,1.0,0.0,-1,0,1,3644,0.5,0.5,0.5428397373967431,0.6336638021782421,0.7090500071664254,0.7329341471715632,0.7333762170021674,0.7196639013096182,0.7058242844888589,0.7042162637608717,0.5928214374797303
202506252154,165,Partner,NonVerbal,0.5,0,2,1,1.0,-1,1,1,1,0,0,EN,,,,,,,,,1.0,0.0,-1,1,1,3645,0.5,0.5,0.45764006857367756,0.36794778934456374,0.2939972869842147,0.2722820457549402,0.2839315031127939,0.2935831330409798,0.3353244364246209,0.38534469174616776,0.399983655999241
202506252154,166,Partner,NonVerbal,0.5,1,2,1,0.0,-1,1,1,1,1,1,EN,,,,,,,,,1.0,0.0,-1,1,1,3646,0.5,0.5,0.5225035729755165,0.6017763405689099,0.6680074854737788,0.7123967635509685,0.7286512360510874,0.6141084804835741,0.5599848046008923,0.5428284438252329,0.5326075122401226
202506252154,167,Partner,NonVerbal,0.5,1,2,1,0.5,-1,-1,-1,1,0,1,EN,,,,,,,,,0.0,1.0,-1,1,1,3647,0.5,0.5,0.45789143617046346,0.42023801359496776,0.3558713120063186,0.42993220062569065,0.5083036631555311,0.765820773808989,0.8592872307566067,0.7935131882437007,0.7691065174775393
202506252154,168,Partner,NonVerbal,0.5,1,2,1,1.0,-1,1,1,1,1,1,EN,,,,,,,,,1.0,0.0,-1,0,1,3648,0.5,0.5,0.5434575504020334,0.6331697061289208,0.6978961610693939,0.7159040810506253,0.7178099472810874,0.7217045987806933,0.7261452280508787,0.7295844287224222,0.7330539943713265
202506252154,171,Adversary,NonVerbal,0.5,0,2,1,0.0,-1,-1,1,1,0,0,EN,,,,,,,,,0.0,1.0,-1,-1,1,3649,0.5,0.5,0.4993520748226353,0.4630133318952791,0.35336200365763737,0.3440320436808623,0.30015048017146384,0.3052649942058229,0.32719200041131896,0.33907513115745913,0.34924032902436414
202506252154,172,Adversary,NonVerbal,0.5,0,2,1,0.5,-1,-1,1,1,1,1,EN,,,,,,,,,0.0,1.0,-1,0,1,3650,0.5,0.5,0.5040774222778658,0.58964495972795,0.6920990462163497,0.6994396836261821,0.7300638141163607,0.7197506438468352,0.6728175436504256,0.6446221894590118,0.6427599577238464
202506252154,173,Adversary,NonVerbal,0.5,0,2,1,1.0,-1,-1,1,1,1,1,EN,,,,,,,,,0.0,1.0,-1,1,1,3651,0.5,0.5,0.5114799153872199,0.5227538820853129,0.5960356799658367,0.6244719729610616,0.6757780280620691,0.6807258332099861,0.647538174714031,0.5879701758325461,0.5143475964607365
202506252154,174,Adversary,NonVerbal,0.5,1,2,1,0.0,-1,-1,1,1,1,1,EN,,,,,,,,,0.0,1.0,-1,1,1,3652,0.5,0.5,0.5004099867921155,0.4762329652559115,0.41306391816039056,0.3637876779942587,0.3652635400478617,0.4884130907015947,0.5219165833434507,0.6502941284204447,0.7239226215789206
202506252154,175,Adversary,NonVerbal,0.5,1,2,1,0.5,-1,-1,1,1,0,0,EN,,,,,,,,,0.0,1.0,-1,1,1,3653,0.5,0.5,0.49824524367316253,0.5198871752665739,0.5430365451072683,0.6000713518950405,0.6059481894307177,0.4620400531268709,0.3380767449677528,0.410439303417325,0.3479212132321233
202506252154,176,Adversary,NonVerbal,0.5,1,2,1,1.0,-1,-1,1,1,1,1,EN,,,,,,,,,0.0,1.0,-1,1,1,3654,0.5,0.5,0.505299651148783,0.5365529592303563,0.6235508096111892,0.6396862233715724,0.6924008149821067,0.6782943440334721,0.6761462827215602,0.6744349842068696,0.6260823721068576
202506252154,179,Partner,NonVerbal,0.5,0,2,1,0.0,-1,1,1,1,0,0,EN,,,,,,,,,1.0,0.0,-1,1,1,3655,0.5,0.5,0.4827191311867984,0.4077506268526551,0.3366734284152175,0.32058479991743466,0.3155644095642315,0.307622985874568,0.3040264580682724,0.3000980189946136,0.29731912190549314
202506252154,180,Partner,NonVerbal,0.5,0,2,1,0.5,-1,1,1,1,0,0,EN,,,,,,,,,1.0,0.0,-1,1,1,3656,0.5,0.5,0.4596266471586842,0.37176511466379475,0.3103856591426513,0.29717257732230923,0.273348895037986,0.2527785306895144,0.25375506623167243,0.2565773375305728,0.2605503695465247
202506252154,181,Partner,NonVerbal,0.5,0,2,1,1.0,-1,1,1,1,1,1,EN,,,,,,,,,1.0,0.0,-1,1,1,3657,0.5,0.5,0.5437619754347627,0.5836290662337282,0.654137354791753,0.6972225600977526,0.6976222984555619,0.6553166340001156,0.6118456539733013,0.6457564402731135,0.6635740626690692
202506252154,182,Partner,NonVerbal,0.5,1,2,1,0.0,-1,-1,-1,1,0,1,EN,,,,,,,,,0.0,1.0,-1,1,1,3658,0.5,0.5,0.4790664083343182,0.4011706524303705,0.3904054841434678,0.3731732624813604,0.5200738224543989,0.6344963722377989,0.5893542262959273,0.5762395799047931,0.5640197367437249
202506252154,183,Partner,NonVerbal,0.5,1,2,1,0.5,-1,1,1,1,0,0,EN,,,,,,,,,1.0,0.0,-1,1,1,3659,0.5,0.5,0.4577398675425882,0.4199982445861535,0.3793143722427115,0.4720018065470822,0.5101801422654012,0.43792667874177404,0.4379469327814174,0.4379674707214696,0.43796650786376606
202506252154,184,Partner,NonVerbal,0.5,1,2,1,1.0,-1,1,1,1,0,0,EN,,,,,,,,,1.0,0.0,-1,1,1,3660,0.5,0.5,0.4577681899792601,0.3660060614285483,0.2820266203234055,0.24933216806290986,0.245701518979599,0.24592600215055205,0.2420280094129949,0.23652472170405228,0.23082841393948356
202506252154,187,Adversary,NonVerbal,0.5,0,2,1,0.0,-1,-1,1,1,0,0,EN,,,,,,,,,0.0,1.0,-1,1,1,3661,0.5,0.5,0.4993402894324329,0.46095148129847957,0.3366818332522046,0.3257024736824501,0.3033874850369982,0.3096249504843185,0.26380828254721167,0.2623816364961212,0.25175989709071156
202506252154,188,Adversary,NonVerbal,0.5,0,2,1,0.5,-1,-1,1,1,0,0,EN,,,,,,,,,0.0,1.0,-1,1,1,3662,0.5,0.5,0.4964423980558072,0.4132656318698941,0.3106416779364115,0.2694635950503277,0.2777708231611255,0.3367440865682417,0.336807221282045,0.4241447994866829,0.43609611250525016
202506252154,189,Adversary,NonVerbal,0.5,0,2,1,1.0,-1,-1,1,1,0,0,EN,,,,,,,,,0.0,1.0,-1,1,1,3663,0.5,0.5,0.4900624238051886,0.481215124747826,0.41737394698936964,0.40014759249102066,0.32503903865206,0.31524597303244173,0.3483016675961816,0.3840791874751759,0.4210785899444565
202506252154,190,Adversary,NonVerbal,0.5,1,2,1,0.0,-1,-1,1,1,0,0,EN,,,,,,,,,0.0,1.0,-1,1,1,3664,0.5,0.5,0.4996776976014362,0.5210686646175356,0.5405437139762327,0.54210379606232,0.5084959343371576,0.457832147930794,0.35330086675103006,0.2935130127712841,0.2696336902350048
202506252154,195,Partner,NonVerbal,0.5,0,2,1,0.0,-1,1,1,1,1,1,EN,,,,,,,,,1.0,0.0,-1,0,1,3665,0.5,0.5,0.5185517195856304,0.600124678735622,0.6781177584555276,0.6965729268782135,0.6770810836575506,0.621662668407364,0.6565809374149628,0.6604705285684302,0.6641422230540408
202506252154,196,Partner,NonVerbal,0.5,0,2,1,0.5,-1,1,1,1,1,1,EN,,,,,,,,,1.0,0.0,-1,-1,1,3666,0.5,0.5,0.5416109991269179,0.6318207943960539,0.686686454133885,0.6937725707143703,0.6935353346033506,0.6735335258420471,0.6647525230760811,0.677526452510089,0.6850115479191332
202506252154,198,Partner,NonVerbal,0.5,1,2,1,0.0,-1,1,1,1,1,1,EN,,,,,,,,,1.0,0.0,-1,0,1,3667,0.5,0.5,0.522036453113304,0.5637524195976014,0.6425411073752286,0.6802301894267201,0.6877785936569704,0.6898164871405637,0.6746940178222612,0.6765448196434942,0.6591946257911596
202506252154,200,Partner,NonVerbal,0.5,1,2,1,1.0,-1,1,1,1,1,1,EN,,,,,,,,,1.0,0.0,-1,-1,1,3668,0.5,0.5,0.543685656099105,0.6124493491136364,0.6864937532458049,0.7192127819929173,0.7237730801251426,0.7297524102415373,0.740501810783007,0.7434980675714674,0.7358187423069614
202506252154,204,Adversary,NonVerbal,0.5,0,2,1,0.5,-1,-1,1,1,1,1,EN,,,,,,,,,0.0,1.0,-1,1,1,3669,0.5,0.5,0.5040566293801109,0.508396812880276,0.5942324379738393,0.6281971904595028,0.6929013288896114,0.6977940715484123,0.6650920477599982,0.6026134003630466,0.5239590047476568
202506252154,206,Adversary,NonVerbal,0.5,1,2,1,0.0,-1,0,0,1,1,-1,EN,,,,,,,,,0.0,0.0,-1,1,1,3670,0.5,0.5,0.5003919665207033,0.3686293454827474,0.27440304961192874,0.27119142045446193,0.2858324918949772,0.43451498892457546,0.4931569223882337,0.5397756510196418,0.6167773581725016
202506252154,208,Adversary,NonVerbal,0.5,1,2,1,1.0,-1,1,-1,1,1,0,EN,,,,,,,,,1.0,0.0,-1,1,1,3671,0.5,0.5,0.5055388822298247,0.5156716318077538,0.5782387486221007,0.6113745898175623,0.6015120769050131,0.616975531002684,0.52864525159522,0.5171820292637545,0.49295850516503775
202506252154,211,Partner,NonVerbal,0.5,0,2,1,0.0,-1,1,1,1,1,1,EN,,,,,,,,,1.0,0.0,-1,-1,1,3672,0.5,0.5,0.5184473967759131,0.6000164781888729,0.6779331497671084,0.6963044079317833,0.6940249343857082,0.6975421646212389,0.7057317089246326,0.7122962199136162,0.7188062467439242
202506252154,212,Partner,NonVerbal,0.5,0,2,1,0.5,-1,1,1,1,0,0,EN,,,,,,,,,1.0,0.0,-1,-1,1,3673,0.5,0.5,0.45876039935951063,0.421940990726288,0.3653370076798677,0.3320695794060421,0.29521143002475253,0.28405672030761575,0.2971603748528665,0.291362120753963,0.2879290406427863
202506252154,216,Partner,NonVerbal,0.5,1,2,1,1.0,-1,1,1,1,1,1,EN,,,,,,,,,1.0,0.0,-1,0,1,3674,0.5,0.5,0.5006191185301504,0.5214793025552305,0.6117978995851098,0.6659383708426572,0.6702235754522338,0.6746058991122736,0.6817982526816991,0.690243661697656,0.6969063606815847
202506260804,3,Partner,NonVerbal,0.5,0,2,1,0.0,-1,-1,-1,0,0,0,EN,,,,,,,,,0.0,1.0,1,1,1,3675,0.5,0.5,0.48288712270058193,0.46568813362784095,0.3870314183236291,0.3407205035500381,0.3654286447506706,0.43198539123438734,0.4634811313623949,0.46440224760464927,0.48485953311800706
202506260804,5,Partner,NonVerbal,0.5,0,2,1,1.0,-1,-1,-1,0,1,1,EN,,,,,,,,,0.0,1.0,-1,0,1,3676,0.5,0.5,0.5441982108818207,0.6362679556128918,0.7011264686233554,0.7166131658120035,0.7183696832184248,0.6904436091122332,0.6649625447884717,0.6717645544862757,0.6793720540537374
202506260804,6,Partner,NonVerbal,0.5,1,2,1,0.0,-1,-1,-1,0,1,1,EN,,,,,,,,,0.0,1.0,-1,1,1,3677,0.5,0.5,0.5225550003474198,0.5436749806272414,0.6157848783926507,0.6605825957189091,0.6631391706435684,0.6525058926519854,0.6467093373261518,0.7495576664754936,0.805457136791439
202506260804,11,Partner,NonVerbal,0.5,0,2,1,0.0,-1,1,1,1,1,1,EN,,,,,,,,,1.0,0.0,-1,0,1,3678,0.5,0.5,0.5184323009725343,0.5376265146213026,0.5718461945936283,0.5878657422151798,0.5930024036285798,0.6134230816664831,0.632163764227732,0.6403823243306596,0.649554713548191
202506260804,12,Partner,NonVerbal,0.5,0,2,1,0.5,-1,1,1,1,1,1,EN,,,,,,,,,1.0,0.0,-1,1,1,3679,0.5,0.5,0.5433350664204533,0.6341678107502521,0.7001464598378204,0.7170452656889237,0.7171091372756102,0.7150680840195629,0.7200782271439999,0.7272623724771442,0.7013460436927528
202506260804,16,Partner,NonVerbal,0.5,1,2,1,1.0,-1,1,1,1,0,0,EN,,,,,,,,,1.0,0.0,-1,1,1,3680,0.5,0.5,0.5011115764648983,0.48226944202826205,0.41298276083570523,0.3789806777053484,0.43202697312805566,0.46746071291678304,0.47644343078928225,0.4784618534091429,0.47979521818065324
202506260804,19,Partner,NonVerbal,0.5,0,2,1,0.0,-1,1,1,1,0,0,EN,,,,,,,,,1.0,0.0,-1,1,1,3681,0.5,0.5,0.482780785672037,0.4656273479077919,0.3868773139623024,0.3380666914415146,0.3303479844817197,0.32299154393999696,0.3215030451128566,0.321550678347689,0.31862738371429533
202506260804,21,Partner,NonVerbal,0.5,0,2,1,1.0,-1,1,1,1,1,1,EN,,,,,,,,,1.0,0.0,-1,1,1,3682,0.5,0.5,0.5442691625769049,0.6338203691391089,0.7011361148167824,0.7192560924477587,0.7185991525895334,0.6793897710823743,0.6868360789016456,0.7142928832484275,0.7287524641392208
202506260901,2,Partner,NonVerbal,0.5,0,2,1,1.0,-1,1,1,1,0,0,EN,,,,,,,,,1.0,0.0,1,1,1,3683,0.5,0.5,0.4576968383864723,0.4199388852825178,0.35825837426798557,0.3233434059537996,0.3451135946737118,0.33557687051710217,0.3222195713837237,0.43895571749915274,0.48405338678319315
202506260901,3,Partner,NonVerbal,0.5,0,2,1,1.0,-1,1,1,1,1,1,EN,,,,,,,,,1.0,0.0,-1,1,1,3684,0.5,0.5,0.5439963328708131,0.6364491373252221,0.7176272473882197,0.7448689877526,0.7449322845177677,0.6988615987973907,0.7194347146687871,0.7225630445787107,0.7290096549652341
202506260901,4,Partner,NonVerbal,0.5,0,2,1,1.0,-1,1,1,1,0,0,EN,,,,,,,,,1.0,0.0,-1,1,1,3685,0.5,0.5,0.4578839711329341,0.4202864015748204,0.37892497261251035,0.3544278288376207,0.3126009881150775,0.2891976728879381,0.294155476240689,0.28931035719259895,0.4309341243642449
202506260901,5,Partner,NonVerbal,0.5,0,2,1,1.0,-1,1,1,1,0,0,EN,,,,,,,,,1.0,0.0,-1,1,1,3686,0.5,0.5,0.458495972180936,0.36923229906214877,0.3072515919129469,0.3006304616228833,0.3086789028662532,0.3105962139713506,0.3360797441983811,0.3609622962902054,0.36370420301237755
202506260901,6,Partner,NonVerbal,0.5,0,2,1,1.0,-1,1,1,1,0,0,EN,,,,,,,,,1.0,0.0,-1,1,1,3687,0.5,0.5,0.4581471963542313,0.4206592201588155,0.3674240005058166,0.33771957019495796,0.35125066315758713,0.36006174346291664,0.38593914920253497,0.4146002627568361,0.4474772456568283
202506260901,7,Partner,NonVerbal,0.5,0,2,1,1.0,-1,1,1,1,1,1,EN,,,,,,,,,1.0,0.0,-1,1,1,3688,0.5,0.5,0.5438460290912428,0.6302819671121537,0.7089833251385386,0.7359746706676735,0.7351788016909551,0.6996030594036524,0.7227786910754587,0.7355802765856668,0.7445612463454623
202506260901,8,Partner,NonVerbal,0.5,0,2,1,1.0,-1,1,1,1,1,1,EN,,,,,,,,,1.0,0.0,-1,1,1,3689,0.5,0.5,0.5443481176610327,0.5844562538038975,0.6553586683389502,0.6984988044894402,0.6988808362748951,0.6376651872827325,0.6585458416634995,0.6392829169307681,0.669404596549332
202506260901,9,Partner,NonVerbal,0.5,0,2,1,1.0,-1,1,1,1,0,0,EN,,,,,,,,,1.0,0.0,-1,1,1,3690,0.5,0.5,0.45824158732594183,0.36989848190633806,0.2913364318148479,0.2701119378175843,0.30232890272810425,0.34299073863439195,0.4112790123310246,0.4438504110775941,0.44611328776325354
202506260901,10,Partner,NonVerbal,0.5,0,2,1,1.0,-1,1,1,1,0,0,EN,,,,,,,,,1.0,0.0,-1,1,1,3691,0.5,0.5,0.4578859482437596,0.4202721355027201,0.36187107595415535,0.3286815876219044,0.33293527880206747,0.33522449900043605,0.36186853014072184,0.3619637771788481,0.3437405068463933
202506260901,12,Partner,NonVerbal,0.5,0,2,1,1.0,-1,1,1,1,0,0,EN,,,,,,,,,1.0,0.0,-1,1,1,3692,0.5,0.5,0.45783820278178416,0.4202409338612245,0.37687240050642734,0.3553562681337457,0.37226887957658794,0.383168331423334,0.40840727047600855,0.44108026404726564,0.4553334784742247
202506260901,13,Partner,NonVerbal,0.5,0,2,1,1.0,-1,1,1,1,0,0,EN,,,,,,,,,1.0,0.0,-1,1,1,3693,0.5,0.5,0.45808543287379505,0.369278238466761,0.2937213492602092,0.27221720161257257,0.27650246512695065,0.2727114817068199,0.263456460214812,0.40454386438258355,0.47555612271439235
202506260901,15,Partner,NonVerbal,0.5,0,2,1,1.0,-1,1,1,1,1,1,EN,,,,,,,,,1.0,0.0,-1,0,1,3694,0.5,0.5,0.5440412827871474,0.5838982049026773,0.6329280836929159,0.6639132890362739,0.6427156808380271,0.629788961717694,0.6389278185353905,0.6453565913804162,0.657406209445081
202506260901,16,Partner,NonVerbal,0.5,0,2,1,1.0,-1,1,1,1,1,1,EN,,,,,,,,,1.0,0.0,-1,0,1,3695,0.5,0.5,0.5441974964077639,0.6346375880290136,0.7154610956728087,0.7405025401751347,0.7590898871732419,0.7272391615700292,0.6869589769431349,0.7165160012292647,0.6926754414461394
202506260901,17,Partner,NonVerbal,0.5,0,2,1,1.0,-1,1,1,1,1,1,EN,,,,,,,,,1.0,0.0,-1,0,1,3696,0.5,0.5,0.5440654487008065,0.58399013725476,0.6334606523905327,0.6667512819476589,0.6684024104376466,0.5464560513460958,0.42306870320740125,0.39705061535901576,0.41112921571906863
202506260901,18,Partner,NonVerbal,0.5,0,2,1,1.0,-1,1,1,1,0,0,EN,,,,,,,,,1.0,0.0,-1,1,1,3697,0.5,0.5,0.4579837937791563,0.3700715244851356,0.2926139539743044,0.2702400609933228,0.2749382049361739,0.2764378270155389,0.27730149340117083,0.2799394550686204,0.28399029679772847
202506260901,19,Partner,NonVerbal,0.5,0,2,1,1.0,-1,1,1,1,0,0,EN,,,,,,,,,1.0,0.0,-1,1,1,3698,0.5,0.5,0.45788634321948596,0.4202509740841908,0.35900396726871053,0.32467212587594085,0.331299480285901,0.3345856949801589,0.3363844848597272,0.31457072674033537,0.31036802489659
202506260901,20,Partner,NonVerbal,0.5,0,2,1,1.0,-1,1,1,1,0,0,EN,,,,,,,,,1.0,0.0,-1,1,1,3699,0.5,0.5,0.45760035993871906,0.3674443926673309,0.30208042322006873,0.286548182722793,0.31122390051001747,0.33258336092855145,0.33261227029932156,0.3326489082154916,0.35524528165951913
202506260901,22,Partner,NonVerbal,0.5,0,2,1,1.0,-1,1,1,1,0,0,EN,,,,,,,,,1.0,0.0,-1,1,1,3700,0.5,0.5,0.45726325679500623,0.3682955309110279,0.2908862207949031,0.2665406762518442,0.24445866303784222,0.22544553879277443,0.2955830666097507,0.37548214791917944,0.3979917464327176
202506260901,23,Partner,NonVerbal,0.5,0,2,1,1.0,-1,1,1,1,0,0,EN,,,,,,,,,1.0,0.0,-1,1,1,3701,0.5,0.5,0.4577972090225584,0.420175997573166,0.38409566412390506,0.36556872006846614,0.37013060317551083,0.37161173550099813,0.3234465289336875,0.290518217400813,0.2876961156218418
202506260901,24,Partner,NonVerbal,0.5,0,2,1,1.0,-1,1,1,1,0,0,EN,,,,,,,,,1.0,0.0,-1,1,1,3702,0.5,0.5,0.45794745861371855,0.37110235974870276,0.3033984095717181,0.28544271072840843,0.27382170506170755,0.2587509110118355,0.25584450965887695,0.2555569223159285,0.36249334286797835
202506260901,25,Partner,NonVerbal,0.5,0,2,1,1.0,-1,1,1,1,1,1,EN,,,,,,,,,1.0,0.0,-1,1,1,3703,0.5,0.5,0.5442237305969231,0.6362025615604548,0.7089200541101542,0.7290132930946612,0.7277491120744558,0.7222382727978218,0.7280076260082861,0.7387411274133225,0.7371554357680631
202506261016,2,Partner,NonVerbal,0.5,0,2,1,0.0,-1,-1,-1,0,0,0,EN,,,,,,,,,0.0,1.0,-1,1,1,3704,0.5,0.5,0.4831779692780988,0.46603617888335375,0.4008680944263213,0.3607406343655068,0.3595849973877853,0.35923568892734864,0.35798486045084277,0.3529019854919759,0.34792654111460214
202506261016,3,Partner,NonVerbal,0.5,0,2,1,0.5,-1,-1,-1,0,0,0,EN,,,,,,,,,0.0,1.0,-1,1,1,3705,0.5,0.5,0.4599058445490931,0.4234680744887132,0.356856017244086,0.3163563227468595,0.32531226923747736,0.33300147719641454,0.4006612641995434,0.456652055763675,0.4744434435490898
202506261016,6,Partner,NonVerbal,0.5,0,2,1,0.5,-1,1,1,1,1,1,EN,,,,,,,,,1.0,0.0,-1,0,1,3706,0.5,0.5,0.543405320170823,0.6348896768963971,0.6974362505600717,0.7102609513112668,0.6927072870513125,0.6585490209360313,0.6435145026224571,0.6514777562913672,0.6460715771398707
202506261016,8,Partner,NonVerbal,0.5,0,2,1,0.0,-1,1,1,1,0,0,EN,,,,,,,,,1.0,0.0,-1,1,1,3707,0.5,0.5,0.48275727956377407,0.46553933342341036,0.38200251161317245,0.3344984527838069,0.3431535841914021,0.3552755979525864,0.3616522582885605,0.38602188981255026,0.41993046818473356
202506261016,11,Partner,NonVerbal,0.5,0,2,1,0.0,-1,1,1,1,1,1,EN,,,,,,,,,1.0,0.0,-1,0,1,3708,0.5,0.5,0.5185322205918175,0.5377447494933973,0.5907640843171612,0.620865152850818,0.6220208693054387,0.6111217265670129,0.603959338454551,0.6100908007986262,0.6193676673821459
202506261016,12,Partner,NonVerbal,0.5,0,2,1,0.5,-1,1,1,1,0,0,EN,,,,,,,,,1.0,0.0,-1,1,1,3709,0.5,0.5,0.45885730772980915,0.4220478788509384,0.3712647361878045,0.3406458440370422,0.3604595304529095,0.3759563427060146,0.37464814705759286,0.334147816203566,0.3189920294889994
202506261016,15,Partner,NonVerbal,0.5,0,2,1,0.5,-1,1,1,1,0,0,EN,,,,,,,,,1.0,0.0,-1,1,1,3710,0.5,0.5,0.458778137692673,0.37899167803945016,0.322528430168138,0.299536040796404,0.2907273088017765,0.2702103190249233,0.25507119446629367,0.2608361417307963,0.2580027389277554
202506261016,18,Partner,NonVerbal,0.5,0,2,1,0.5,-1,1,1,1,0,0,EN,,,,,,,,,1.0,0.0,-1,1,1,3711,0.5,0.5,0.45879198221625,0.3754201247795042,0.3269544674612147,0.32386646097693456,0.3259342303518467,0.3484402915873055,0.3800392362808559,0.4071167993594567,0.42557559736342654
202506261016,20,Partner,NonVerbal,0.5,0,2,1,0.0,-1,1,1,1,1,1,EN,,,,,,,,,1.0,0.0,-1,0,1,3712,0.5,0.5,0.5184394297939403,0.5966176003038466,0.6837209174703666,0.7103038397807129,0.7103863137460712,0.7076504048141454,0.6998620081260879,0.7022122878770606,0.70872652198442
202506261016,21,Partner,NonVerbal,0.5,0,2,1,0.5,-1,1,1,1,0,0,EN,,,,,,,,,1.0,0.0,-1,1,1,3713,0.5,0.5,0.4587043238898215,0.42176008715969626,0.41006021542471277,0.4091852005415636,0.3937676932184178,0.44856801786320405,0.5050525611702135,0.49132366922242193,0.47847749501768655
202506261016,23,Partner,NonVerbal,0.5,0,2,1,0.0,-1,1,1,1,1,1,EN,,,,,,,,,1.0,0.0,-1,0,1,3714,0.5,0.5,0.5184786980348887,0.6011100540090396,0.6819306163696545,0.703805693881358,0.7095830337068206,0.7224365192060933,0.734011590096847,0.7390758038166609,0.7418906278589517
202506261016,24,Partner,NonVerbal,0.5,0,2,1,0.5,-1,1,1,1,0,0,EN,,,,,,,,,1.0,0.0,-1,1,1,3715,0.5,0.5,0.4588204707419528,0.4219785788650209,0.3750478381048158,0.3483557022655268,0.3619198157475363,0.37227148567973284,0.3737095182417702,0.35893167635371237,0.3458366223484483
202506261016,26,Partner,NonVerbal,0.5,0,2,1,0.0,-1,1,1,1,1,1,EN,,,,,,,,,1.0,0.0,-1,1,1,3716,0.5,0.5,0.5184128580345887,0.599748660741884,0.6826993028076517,0.7054155560783194,0.7052852073408536,0.6781891945805112,0.6903187808511557,0.6884815489618029,0.6648213988254853
202506261016,29,Partner,NonVerbal,0.5,0,2,1,0.0,-1,1,1,1,1,1,EN,,,,,,,,,1.0,0.0,-1,1,1,3717,0.5,0.5,0.5184745750853647,0.5943563587945184,0.6861810620567841,0.7174734512307221,0.7183850314972193,0.7219471260936423,0.7266841912434807,0.7314567403173087,0.7420928363317855
202506261016,30,Partner,NonVerbal,0.5,0,2,1,0.5,-1,1,1,1,0,0,EN,,,,,,,,,1.0,0.0,-1,1,1,3718,0.5,0.5,0.45868481005118844,0.42182787621065987,0.348339422733762,0.30174046492387324,0.300815406830705,0.30434040573992543,0.3301054811027175,0.36999323420785624,0.39849278791195997
202506261016,32,Partner,NonVerbal,0.5,0,2,1,0.0,-1,1,1,1,0,0,EN,,,,,,,,,1.0,0.0,-1,1,1,3719,0.5,0.5,0.4829210082439656,0.4051644106295909,0.3258451577420661,0.3067689528976457,0.3098050603134589,0.31027872706387455,0.3566378492077435,0.437237083527254,0.4676541053341598
202506261016,33,Partner,NonVerbal,0.5,0,2,1,0.5,-1,1,1,1,0,0,EN,,,,,,,,,1.0,0.0,-1,1,1,3720,0.5,0.5,0.4586738077719309,0.4218124400239558,0.3483559966569071,0.30423893516174866,0.3142566062555789,0.3279639892323725,0.33466017687286914,0.33726597696739946,0.45907513153371093
202506261142,1,Partner,NonVerbal,0.5,1,2,1,0.0,-1,-1,-1,0,0,0,EN,,,,,,,,,0.0,1.0,-1,1,1,3721,0.5,0.5,0.47869018541683406,0.3957254097577303,0.4409882908211838,0.38476688596501446,0.48923663982229926,0.4193470594626859,0.4201094243601436,0.44709727053341364,0.4925166525495835
202506261142,2,Partner,NonVerbal,0.5,1,2,1,1.0,-1,-1,-1,0,0,0,EN,,,,,,,,,0.0,1.0,-1,1,1,3722,0.5,0.5,0.45774240648387077,0.3649914744913379,0.29276674776699135,0.26729068906007614,0.2601182861282873,0.3246983581395388,0.28993661966338785,0.2789157953116204,0.24709209869449783
202506261142,3,Partner,NonVerbal,0.5,1,2,1,0.0,-1,1,1,1,1,1,EN,,,,,,,,,1.0,0.0,-1,0,1,3723,0.5,0.5,0.5214105238688634,0.6024073789131057,0.6824009427874769,0.7055076404153149,0.7109228422147155,0.7112633566959028,0.7041961318781637,0.6979691611662082,0.7997590320733136
202506261142,4,Partner,NonVerbal,0.5,1,2,1,1.0,-1,1,1,1,0,0,EN,,,,,,,,,1.0,0.0,-1,1,1,3724,0.5,0.5,0.48833904065533795,0.4638605972613133,0.3772624008538923,0.3297708943326985,0.3969741468396255,0.45284959098872357,0.4690049696024353,0.4724420080568017,0.48634124412823193
202506261142,5,Partner,NonVerbal,0.5,1,2,1,0.0,-1,1,1,1,1,1,EN,,,,,,,,,1.0,0.0,-1,0,1,3725,0.5,0.5,0.5004550448260198,0.5875574387966044,0.6807024033924453,0.737935296769321,0.7605968304859687,0.780827272839054,0.7984725713190162,0.7820521368106407,0.8031385572072379
202506261142,6,Partner,NonVerbal,0.5,1,2,1,1.0,-1,1,1,1,1,1,EN,,,,,,,,,1.0,0.0,-1,0,1,3726,0.5,0.5,0.5115704287095063,0.5368247608531761,0.6112534877627377,0.6554647546757788,0.6544787141070405,0.6506698544031855,0.645276024869591,0.6612012285444013,0.6451638420091558
202506261142,9,Partner,NonVerbal,0.5,1,2,1,0.0,-1,1,1,1,1,1,EN,,,,,,,,,1.0,0.0,-1,0,1,3727,0.5,0.5,0.5225181787982037,0.6015314400222019,0.6966712065310158,0.729284113725649,0.7296816331978974,0.7338534022739748,0.7633145456460948,0.799538608157055,0.7624507006875895
202506261142,10,Partner,NonVerbal,0.5,1,2,1,1.0,-1,1,1,1,1,1,EN,,,,,,,,,1.0,0.0,1,0,1,3728,0.5,0.5,0.5437098723129904,0.5832873712033803,0.6534410794369536,0.697069726671031,0.7024225344199735,0.7093534209643639,0.7175824721798022,0.7311196527494692,0.7409836327273421
202506261142,12,Partner,NonVerbal,0.5,1,2,1,1.0,-1,1,1,1,1,1,EN,,,,,,,,,1.0,0.0,-1,1,1,3729,0.5,0.5,0.5433980906185737,0.5874472031364456,0.6440185074985281,0.6777664294135454,0.683935823545922,0.6935769721602456,0.7034083089039253,0.7108629358909454,0.7160674733201597
202506261142,15,Partner,NonVerbal,0.5,1,2,1,0.0,-1,1,1,1,1,1,EN,,,,,,,,,1.0,0.0,-1,0,1,3730,0.5,0.5,0.5218072065626367,0.5421994393033447,0.6033107431710113,0.6411542592670797,0.6439145254420466,0.6515572468250566,0.6626675845846484,0.6727246537708914,0.6354353481621335
202506261142,16,Partner,NonVerbal,0.5,1,2,1,1.0,-1,1,1,1,1,1,EN,,,,,,,,,1.0,0.0,-1,1,1,3731,0.5,0.5,0.5435384811493459,0.6177927234537552,0.6944727642580023,0.7258473426542325,0.730045995796492,0.7365967267128856,0.7438302334174659,0.7521585440095079,0.7481931957058696
202506261142,17,Partner,NonVerbal,0.5,1,2,1,0.0,-1,1,1,1,0,0,EN,,,,,,,,,1.0,0.0,-1,1,1,3732,0.5,0.5,0.5001472122911613,0.49743105635441404,0.41709469623705075,0.3250936203796518,0.2769959188244748,0.2610325904769525,0.2634751101998631,0.2687963679752345,0.26794024345006673
202506261142,18,Partner,NonVerbal,0.5,1,2,1,1.0,-1,1,1,1,1,1,EN,,,,,,,,,1.0,0.0,1,1,1,3733,0.5,0.5,0.5391860133834463,0.5797103142456913,0.6527938768917556,0.6901535879399264,0.6952937080979469,0.7155259374633287,0.7356836575536108,0.7468655714395336,0.7550256164575722
202506261142,20,Partner,NonVerbal,0.5,1,2,1,1.0,-1,1,1,1,0,0,EN,,,,,,,,,1.0,0.0,-1,1,1,3734,0.5,0.5,0.45772590455345,0.4201709379548878,0.365367438601537,0.32904004270563286,0.3279059963060505,0.32883111408939686,0.32366082565203336,0.31477882704958854,0.30594742268959346
202506261142,21,Partner,NonVerbal,0.5,1,2,1,0.0,-1,1,1,1,1,1,EN,,,,,,,,,1.0,0.0,-1,0,1,3735,0.5,0.5,0.5220633215062552,0.5856357815859605,0.6580785384561849,0.6820505420610764,0.6877010817101893,0.702370582566131,0.660808096821775,0.6745922825358912,0.6699522873878904
202506261248,1,Partner,NonVerbal,0.5,1,2,1,0.0,-1,-1,-1,0,0,0,EN,,,,,,,,,0.0,1.0,-1,1,1,3736,0.5,0.5,0.47827683189579034,0.42436397006112053,0.3463151632145775,0.3140172107654003,0.310899218349208,0.3315312572480174,0.3049414858227574,0.2698302818732456,0.2352309786330465
202506261248,2,Partner,NonVerbal,0.5,1,2,1,0.0,-1,1,1,1,0,0,EN,,,,,,,,,1.0,0.0,-1,1,1,3737,0.5,0.5,0.4914295975095589,0.4601608994175249,0.3944327565178762,0.3484192028811968,0.3310126072837993,0.32198116653499365,0.28640729330750014,0.36572716624765195,0.2871575167273182
202506261248,3,Partner,NonVerbal,0.5,1,2,1,0.0,-1,1,1,1,1,1,EN,,,,,,,,,1.0,0.0,-1,0,1,3738,0.5,0.5,0.5219193212911293,0.6022156691521243,0.6939380996415171,0.7245116927906221,0.7259165602211701,0.7153408216115845,0.6974701242773934,0.6790172936138873,0.705079829964319
202506261248,4,Partner,NonVerbal,0.5,1,2,1,0.0,-1,1,1,1,1,1,EN,,,,,,,,,1.0,0.0,-1,0,1,3739,0.5,0.5,0.5003228031664955,0.5041311321875876,0.5427949939587873,0.5927742599206121,0.6136742561691726,0.6036018683079747,0.6168719808731334,0.6128772444257007,0.6606651458041125
202506261248,5,Partner,NonVerbal,0.5,1,2,1,0.0,-1,1,1,1,1,1,EN,,,,,,,,,1.0,0.0,-1,0,1,3740,0.5,0.5,0.511802822773328,0.5341625891111743,0.5983583509647454,0.6379426621434935,0.6469512305180002,0.6393513226391385,0.6535994688162707,0.6697504695569598,0.6690513374673508
202506261248,6,Partner,NonVerbal,0.5,1,2,1,0.0,-1,1,1,1,0,0,EN,,,,,,,,,1.0,0.0,-1,1,1,3741,0.5,0.5,0.47876016850812886,0.4458326070128337,0.3715412783759391,0.33580322094061893,0.33814106710319636,0.35791539438299375,0.3781984934156372,0.3687723944857163,0.4271201376213678
202506261248,7,Partner,NonVerbal,0.5,1,2,1,0.0,-1,1,1,1,1,1,EN,,,,,,,,,1.0,0.0,-1,0,1,3742,0.5,0.5,0.5056616734981771,0.5914767148417093,0.6812381929005219,0.7083055783988406,0.7102476784468609,0.7002922925877217,0.6983709422368598,0.6908580637286016,0.7181181204979079
202506261248,8,Partner,NonVerbal,0.5,1,2,1,0.0,-1,1,1,1,0,0,EN,,,,,,,,,1.0,0.0,-1,1,1,3743,0.5,0.5,0.4787894468872713,0.45974189356898204,0.3761403745051857,0.4123413204504853,0.3692442012018018,0.3725332339468598,0.4421025322889439,0.47270380779083093,0.4754151416771395
202506261248,9,Partner,NonVerbal,0.5,1,2,1,0.0,-1,1,1,1,1,1,EN,,,,,,,,,1.0,0.0,-1,0,1,3744,0.5,0.5,0.5003664492955391,0.5865269162325355,0.6699802668622058,0.7237633687670141,0.7365855433389255,0.7450078105845891,0.7484333625413959,0.757187979797558,0.7591376418937871
202506261412,1,Adversary,NonVerbal,0.5,0,2,1,0.5,-1,1,-1,0,1,1,EN,,,,,,,,,1.0,0.0,1,1,1,3745,0.5,0.5,0.5036510852484345,0.5079094625426963,0.5783132101088745,0.6438237785868707,0.6467803502591343,0.7098043681473866,0.5545050476710479,0.3752649684063387,0.5208904572757472
202506261412,2,Adversary,NonVerbal,0.5,0,2,1,0.5,-1,-1,1,1,1,1,EN,,,,,,,,,0.0,1.0,1,1,1,3746,0.5,0.5,0.5040028954036967,0.5083316334796807,0.6007952027337257,0.676128734190832,0.6961422072754011,0.687470341323716,0.6421951021878283,0.5781486411633908,0.5049270872089618
202506261412,3,Adversary,NonVerbal,0.5,0,2,1,0.5,-1,-1,1,1,1,1,EN,,,,,,,,,0.0,1.0,1,1,1,3747,0.5,0.5,0.5040529127494796,0.5878939867640297,0.6724723304243838,0.7080827068904052,0.7097036490207951,0.6737522300736667,0.6092275857693005,0.5282448565135788,0.4464419011766859
202506261434,1,Adversary,NonVerbal,0.5,0,2,1,0.5,-1,1,-1,0,0,0,EN,,,,,,,,,1.0,0.0,-1,1,1,3748,0.5,0.5,0.4965357381290442,0.49284686789725785,0.42418699115424185,0.38226466512147256,0.3278066136066781,0.3164722735113211,0.3129683501398672,0.4560923409659121,0.6232217813205634
202506261434,2,Adversary,NonVerbal,0.5,0,2,1,0.5,-1,-1,1,1,0,0,EN,,,,,,,,,0.0,1.0,-1,1,1,3749,0.5,0.5,0.49645667103723257,0.4931022095462025,0.4305993512912605,0.40053476010984906,0.35416191858119594,0.3710793745585732,0.42092919519300587,0.4912142113111131,0.5670783754562079
202506261434,3,Adversary,NonVerbal,0.5,0,2,1,0.5,-1,-1,1,1,0,0,EN,,,,,,,,,0.0,1.0,-1,1,1,3750,0.5,0.5,0.49652683042820855,0.42034615328315356,0.3421834432942137,0.33027815164426966,0.30947961207504615,0.3209258353009809,0.3685038218901266,0.39951539764707433,0.39244355439085415
202506261434,4,Adversary,NonVerbal,0.5,0,2,1,0.5,-1,-1,1,1,0,0,EN,,,,,,,,,0.0,1.0,-1,1,1,3751,0.5,0.5,0.4965327601723204,0.4207864630476667,0.32423254773947147,0.3153967432124104,0.3088243745041244,0.26458014771468236,0.24922392091597975,0.2686462387539172,0.3224583432638247
202506261434,7,Adversary,NonVerbal,0.5,0,2,1,0.5,-1,-1,1,1,1,1,EN,,,,,,,,,0.0,1.0,1,0,1,3752,0.5,0.5,0.5040716335711567,0.5883175073734997,0.6778951692526178,0.7153391294966811,0.7148178495683423,0.6757962691919821,0.6499279386984045,0.6245585154639949,0.6599224652627386
202506261459,1,Adversary,NonVerbal,0.5,0,2,1,1.0,-1,1,-1,0,0,0,EN,,,,,,,,,1.0,0.0,-1,1,1,3753,0.5,0.5,0.49004110657776534,0.4805903007331564,0.3948155604634161,0.35033434329551566,0.3791474605953664,0.436727282439811,0.5110284365676859,0.5455387240288955,0.546685645670452
202506261459,2,Adversary,NonVerbal,0.5,0,2,1,1.0,-1,-1,1,1,0,0,EN,,,,,,,,,0.0,1.0,-1,1,1,3754,0.5,0.5,0.4902576636353704,0.4075855383535191,0.3054322053990036,0.26159313489232894,0.26703485063699156,0.30249232975450246,0.3109725289341277,0.2997853075248313,0.3145905357908457
202506261459,3,Adversary,NonVerbal,0.5,0,2,1,1.0,-1,-1,1,1,1,1,EN,,,,,,,,,0.0,1.0,1,0,1,3755,0.5,0.5,0.5114081323789615,0.5226646289587978,0.5810081495522109,0.6024155000335167,0.6311125329968986,0.6597028716316825,0.7074992074124198,0.7290171107852448,0.7264984136432614
202506261459,5,Adversary,NonVerbal,0.5,0,2,1,1.0,-1,-1,1,1,1,1,EN,,,,,,,,,0.0,1.0,-1,1,1,3756,0.5,0.5,0.5114741723135854,0.5227105705510237,0.587777042004901,0.6091124407200987,0.671788054097897,0.530536679513797,0.36629190698992287,0.48803971595762746,0.513592272367572
202506261459,6,Adversary,NonVerbal,0.5,0,2,1,1.0,-1,-1,1,1,1,1,EN,,,,,,,,,0.0,1.0,1,0,1,3757,0.5,0.5,0.5114913971281593,0.5942654324986987,0.6837886662808388,0.6960082188919862,0.651766017074518,0.5814817858177007,0.49962732236014673,0.4638314693066441,0.5446546555162828
202506261459,7,Adversary,NonVerbal,0.5,0,2,1,1.0,-1,0,0,1,1,-1,EN,,,,,,,,,0.0,0.0,1,1,1,3758,0.5,0.5,0.5113969169646819,0.5226421684404183,0.5697545276449393,0.61877717489944,0.6330010531999672,0.6074385623738391,0.5547242106253234,0.4866347759658606,0.43461042454709237
202506261459,9,Adversary,NonVerbal,0.5,0,2,1,1.0,-1,-1,1,1,0,0,EN,,,,,,,,,0.0,1.0,-1,1,1,3759,0.5,0.5,0.4902548915195545,0.4815827069369093,0.4459007208383025,0.4309300336325473,0.32345352009274747,0.30469843483723785,0.2687453072426097,0.27593227639768275,0.2576242394600772
202506261459,10,Adversary,NonVerbal,0.5,0,2,1,1.0,-1,-1,1,1,0,0,EN,,,,,,,,,0.0,1.0,1,1,1,3760,0.5,0.5,0.4904009006397823,0.48163284828866415,0.40143306257469813,0.3447584013855935,0.3159891784418829,0.3368713506981293,0.3755687595483121,0.4121959471726207,0.41990344477017144
202506261523,1,Adversary,NonVerbal,0.5,0,2,1,0.0,-1,1,-1,0,1,1,EN,,,,,,,,,1.0,0.0,1,1,1,3761,0.5,0.5,0.5006638731001343,0.5014757065869063,0.5723021779947643,0.611715842298606,0.6331983070077962,0.6602837819851382,0.6846636551868557,0.5285683140159995,0.3611906926294939
202506261523,2,Adversary,NonVerbal,0.5,0,2,1,0.0,-1,-1,1,1,0,0,EN,,,,,,,,,0.0,1.0,-1,1,1,3762,0.5,0.5,0.49933726765735176,0.46103735028776216,0.35476588408694354,0.34963313120935435,0.3325284220422421,0.3280636338378461,0.3146112255017885,0.2735683963304537,0.26689990173681155
202506261523,3,Adversary,NonVerbal,0.5,0,2,1,0.0,-1,-1,1,1,0,0,EN,,,,,,,,,0.0,1.0,1,1,1,3763,0.5,0.5,0.4993456761072957,0.4612173950053836,0.33647398796626926,0.31970136371200475,0.31470576164479636,0.27953435597720827,0.2846941996282999,0.30869581279318115,0.3302015194446734
202506261523,4,Adversary,NonVerbal,0.5,0,2,1,0.0,-1,-1,1,1,0,0,EN,,,,,,,,,0.0,1.0,1,1,1,3764,0.5,0.5,0.4993672414709576,0.4987347639657104,0.43198902458877797,0.3827474864064692,0.40712254821734467,0.460786243165002,0.5299510679460353,0.5381260206012475,0.5416775858164081
202506261627,1,Adversary,NonVerbal,0.5,1,2,1,0.0,-1,-1,1,0,1,0,EN,,,,,,,,,0.0,1.0,-1,0,1,3765,0.5,0.5,0.5004170662208514,0.47622137598643405,0.41000866293790744,0.3657166703691143,0.38752548800973174,0.3864363884187182,0.4886574327362921,0.4658713637143428,0.45600174035298047
202506261646,1,Adversary,NonVerbal,0.5,1,2,1,1.0,-1,1,-1,0,1,1,EN,,,,,,,,,1.0,0.0,-1,0,1,3766,0.5,0.5,0.5058960031216291,0.5887527789528171,0.6913755583507346,0.7413740493283676,0.7388130537975706,0.7119277773457676,0.6998689317614345,0.6911400416948711,0.6893433505950297
202506261646,3,Adversary,NonVerbal,0.5,1,2,1,1.0,-1,-1,1,1,0,0,EN,,,,,,,,,0.0,1.0,-1,1,1,3767,0.5,0.5,0.4961083368485482,0.46634327897185407,0.37842244132506625,0.3223252682587065,0.29862580393356214,0.2856781179816233,0.2610100715293764,0.24360198875494118,0.28080971721106524
202507021339,1,Partner,Verbal,0.5,0,2,0,0.0,0,-1,-1,0,0,0,EN,,,,,,,,,,,-1,-1,1,3768,0.5,0.5,0.5,0.5,0.5,0.5,0.5,0.5,0.5,0.5,0.5
202507021339,2,Partner,Verbal,0.5,0,2,0,0.0,1,1,1,0,1,0,EN,,,,,,,,,,,1,0,1,3769,0.5,0.5,0.5,0.5,0.5,0.5,0.5,0.5,0.5,0.5,0.5
202507021339,3,Partner,Verbal,0.5,0,2,0,0.0,2,-1,-1,0,0,0,EN,,,,,,,,,,,1,-1,1,3770,0.5,0.5,0.5,0.5,0.5,0.5,0.5,0.5,0.5,0.5,0.5
202507021339,4,Adversary,Verbal,0.5,0,2,0,0.0,0,1,-1,0,0,0,EN,,,,,,,,,,,0,-1,1,3771,0.5,0.5,0.5,0.5,0.5,0.5,0.5,0.5,0.5,0.5,0.5
202507021339,6,Adversary,Verbal,0.5,0,2,0,0.0,2,-1,1,0,1,0,EN,,,,,,,,,,,0,0,1,3772,0.5,0.5,0.5,0.5,0.5,0.5,0.5,0.5,0.5,0.5,0.5
202507021339,7,Partner,Verbal,0.5,0,2,0,0.0,0,-1,-1,1,1,0,EN,,,,,,,,,,,0,-1,1,3773,0.5,0.5,0.5,0.5,0.5,0.5,0.5,0.5,0.5,0.5,0.5
202507021339,8,Partner,Verbal,0.5,0,2,0,0.0,1,1,1,1,1,1,EN,,,,,,,,,,,1,1,1,3774,0.5,0.5,0.5,0.5,0.5,0.5,0.5,0.5,0.5,0.5,0.5
202507021339,9,Partner,Verbal,0.5,0,2,0,0.0,2,1,1,1,0,0,EN,,,,,,,,,,,1,1,1,3775,0.5,0.5,0.5,0.5,0.5,0.5,0.5,0.5,0.5,0.5,0.5
202507021339,10,Adversary,Verbal,0.5,0,2,0,0.0,0,-1,1,1,0,0,EN,,,,,,,,,,,-1,1,1,3776,0.5,0.5,0.5,0.5,0.5,0.5,0.5,0.5,0.5,0.5,0.5
202507021339,11,Adversary,Verbal,0.5,0,2,0,0.0,1,0,0,1,1,-1,EN,,,,,,,,,,,1,-1,1,3777,0.5,0.5,0.5,0.5,0.5,0.5,0.5,0.5,0.5,0.5,0.5
202507021339,12,Adversary,Verbal,0.5,0,2,0,0.0,2,-1,1,1,0,0,EN,,,,,,,,,,,1,1,1,3778,0.5,0.5,0.5,0.5,0.5,0.5,0.5,0.5,0.5,0.5,0.5
202507021339,13,Partner,Verbal,0.5,0,2,0,0.0,0,-1,-1,1,0,1,EN,,,,,,,,,,,1,-1,1,3779,0.5,0.5,0.5,0.5,0.5,0.5,0.5,0.5,0.5,0.5,0.5
202507021339,14,Partner,Verbal,0.5,0,2,0,0.0,1,1,1,1,0,0,EN,,,,,,,,,,,0,1,1,3780,0.5,0.5,0.5,0.5,0.5,0.5,0.5,0.5,0.5,0.5,0.5
202507021508,1,Partner,Verbal,0.5,0,2,0,0.0,0,1,1,0,1,0,EN,,,,,,,,,,,1,-1,1,3781,0.5,0.5,0.5,0.5,0.5,0.5,0.5,0.5,0.5,0.5,0.5
202507021508,3,Partner,Verbal,0.5,0,2,0,0.0,2,-1,-1,0,0,0,EN,,,,,,,,,,,1,1,1,3782,0.5,0.5,0.5,0.5,0.5,0.5,0.5,0.5,0.5,0.5,0.5
202507021508,4,Adversary,Verbal,0.5,0,2,0,0.0,0,1,-1,0,0,0,EN,,,,,,,,,,,0,1,1,3783,0.5,0.5,0.5,0.5,0.5,0.5,0.5,0.5,0.5,0.5,0.5
202507021508,6,Adversary,Verbal,0.5,0,2,0,0.0,2,-1,1,0,1,0,EN,,,,,,,,,,,1,0,1,3784,0.5,0.5,0.5,0.5,0.5,0.5,0.5,0.5,0.75,0.75,0.75
202507021508,7,Partner,Verbal,0.5,0,2,0,0.0,0,-1,-1,1,1,0,EN,,,,,,,,,,,0,1,1,3785,0.5,0.5,0.5,0.5,0.5,0.5,0.5,0.5,0.5,0.5,0.5
202507021508,8,Partner,Verbal,0.5,0,2,0,0.0,1,1,1,1,0,0,EN,,,,,,,,,,,-1,-1,1,3786,0.5,0.5,0.5,0.5,0.5,0.5,0.5,0.5,0.5,0.5,0.5
202507021508,9,Partner,Verbal,0.5,0,2,0,0.0,2,1,1,1,0,0,EN,,,,,,,,,,,1,1,1,3787,0.5,0.5,0.5,0.5,0.5,0.5,0.5,0.5,0.5,0.5,0.5
202507021508,10,Adversary,Verbal,0.5,0,2,0,0.0,0,-1,1,1,0,0,EN,,,,,,,,,,,1,1,1,3788,0.5,0.5,0.5,0.5,0.5,0.5,0.5,0.5,0.5,0.5,0.5
202507021508,11,Adversary,Verbal,0.5,0,2,0,0.0,1,1,-1,1,1,0,EN,,,,,,,,,,,1,0,1,3789,0.5,0.5,0.5,0.5,0.5,0.5,0.5,0.5,0.5,0.5,0.5
202507021508,12,Adversary,Verbal,0.5,0,2,0,0.0,2,0,0,1,1,-1,EN,,,,,,,,,,,0,1,1,3790,0.5,0.5,0.5,0.5,0.5,0.5,0.5,0.5,0.5,0.5,0.5
202507021508,13,Partner,Verbal,0.5,0,2,0,0.0,0,-1,-1,1,1,0,EN,,,,,,,,,,,0,0,1,3791,0.5,0.5,0.5,0.5,0.5,0.5,0.5,0.5,0.5,0.5,0.5
202507021508,14,Partner,Verbal,0.5,0,2,0,0.0,1,1,1,1,0,0,EN,,,,,,,,,,,1,1,1,3792,0.5,0.5,0.5,0.5,0.5,0.5,0.5,0.5,0.5,0.5,0.5
202507021508,15,Partner,Verbal,0.5,0,2,0,0.0,2,1,1,1,1,1,EN,,,,,,,,,,,-1,0,1,3793,0.5,0.5,0.5,0.5,0.5,0.5,0.5,0.5,0.5,0.5,0.5
202507021508,16,Adversary,Verbal,0.5,0,2,0,0.0,0,-1,1,1,0,0,EN,,,,,,,,,,,1,1,1,3794,0.5,0.5,0.5,0.5,0.5,0.5,0.5,0.5,0.5,0.5,0.5
202507021508,17,Adversary,Verbal,0.5,0,2,0,0.0,1,0,0,1,0,-1,EN,,,,,,,,,,,1,1,1,3795,0.5,0.5,0.5,0.5,0.5,0.5,0.5,0.5,0.5,0.5,0.5
202507021508,18,Adversary,Verbal,0.5,0,2,0,0.0,2,1,-1,1,1,0,EN,,,,,,,,,,,0,0,1,3796,0.5,0.5,0.5,0.5,0.5,0.5,0.5,0.5,0.75,0.75,0.75
202507021508,19,Partner,Verbal,0.5,0,2,0,0.0,0,1,1,1,1,1,EN,,,,,,,,,,,0,1,1,3797,0.5,0.5,0.5,0.5,0.5,0.5,0.5,0.5,0.5,0.5,0.5
202507021508,20,Partner,Verbal,0.5,0,2,0,0.0,1,1,1,1,0,0,EN,,,,,,,,,,,1,1,1,3798,0.5,0.5,0.5,0.5,0.5,0.5,0.5,0.5,0.5,0.5,0.5
202507021508,21,Partner,Verbal,0.5,0,2,0,0.0,2,1,1,1,0,0,EN,,,,,,,,,,,1,-1,1,3799,0.5,0.5,0.5,0.5,0.5,0.5,0.5,0.5,0.5,0.5,0.5
202507021508,22,Adversary,Verbal,0.5,0,2,0,0.0,0,1,-1,1,1,0,EN,,,,,,,,,,,1,-1,1,3800,0.5,0.5,0.5,0.5,0.5,0.5,0.5,0.5,0.5,0.5,0.5
202507021508,23,Adversary,Verbal,0.5,0,2,0,0.0,1,1,-1,1,1,0,EN,,,,,,,,,,,-1,0,1,3801,0.5,0.5,0.5,0.5,0.5,0.5,0.5,0.5,0.5,0.5,0.5
202507021508,24,Adversary,Verbal,0.5,0,2,0,0.0,2,0,0,1,1,-1,EN,,,,,,,,,,,-1,1,1,3802,0.5,0.5,0.5,0.5,0.5,0.5,0.5,0.5,0.5,0.5,0.5
202507021508,25,Partner,Verbal,0.5,0,2,0,0.0,0,-1,-1,1,1,0,EN,,,,,,,,,,,1,0,1,3803,0.5,0.5,0.5,0.5,0.5,0.5,0.5,0.5,0.5,0.5,0.5
202507021508,26,Partner,Verbal,0.5,0,2,0,0.0,1,1,1,1,0,0,EN,,,,,,,,,,,1,1,1,3804,0.5,0.5,0.5,0.5,0.5,0.5,0.5,0.5,0.5,0.5,0.5
202507021508,27,Partner,Verbal,0.5,0,2,0,0.0,2,1,1,1,0,0,EN,,,,,,,,,,,1,1,1,3805,0.5,0.5,0.5,0.5,0.5,0.5,0.5,0.5,0.5,0.5,0.5
202507021508,28,Adversary,Verbal,0.5,0,2,0,0.0,0,1,-1,1,1,0,EN,,,,,,,,,,,0,0,1,3806,0.5,0.5,0.5,0.5,0.5,0.5,0.5,0.5,0.5,0.5,0.5
202507021508,30,Adversary,Verbal,0.5,0,2,0,0.0,2,-1,1,1,0,0,EN,,,,,,,,,,,1,1,1,3807,0.5,0.5,0.5,0.5,0.5,0.5,0.5,0.5,0.5,0.5,0.5
202507021508,31,Partner,Verbal,0.5,0,2,0,0.0,0,1,1,1,0,0,EN,,,,,,,,,,,1,-1,1,3808,0.5,0.5,0.5,0.5,0.5,0.5,0.5,0.5,0.5,0.5,0.5
202507021508,32,Partner,Verbal,0.5,0,2,0,0.0,1,1,1,1,0,0,EN,,,,,,,,,,,1,1,1,3809,0.5,0.5,0.5,0.5,0.5,0.5,0.5,0.5,0.5,0.5,0.5
202507021508,33,Partner,Verbal,0.5,0,2,0,0.0,2,1,1,1,1,1,EN,,,,,,,,,,,1,0,1,3810,0.5,0.5,0.5,0.5,0.5,0.5,0.5,0.5,0.5,0.5,0.5
202507021508,35,Adversary,Verbal,0.5,0,2,0,0.0,1,-1,1,1,0,0,EN,,,,,,,,,,,1,-1,1,3811,0.5,0.5,0.5,0.5,0.5,0.5,0.5,0.5,0.5,0.5,0.5
202507021508,36,Adversary,Verbal,0.5,0,2,0,0.0,2,-1,1,1,0,0,EN,,,,,,,,,,,1,1,1,3812,0.5,0.5,0.5,0.5,0.5,0.5,0.5,0.5,0.5,0.5,0.5
202507021508,37,Partner,Verbal,0.5,0,2,0,0.0,0,1,1,1,0,0,EN,,,,,,,,,,,1,1,1,3813,0.5,0.5,0.5,0.5,0.5,0.5,0.5,0.5,0.5,0.5,0.5
202507021508,38,Partner,Verbal,0.5,0,2,0,0.0,1,1,1,1,0,0,EN,,,,,,,,,,,1,1,1,3814,0.5,0.5,0.5,0.5,0.5,0.5,0.5,0.5,0.5,0.5,0.5
202507021508,39,Partner,Verbal,0.5,0,2,0,0.0,2,1,1,1,0,0,EN,,,,,,,,,,,1,1,1,3815,0.5,0.5,0.5,0.5,0.5,0.5,0.5,0.5,0.5,0.5,0.5
202507021508,40,Adversary,Verbal,0.5,0,2,0,0.0,0,-1,1,1,1,1,EN,,,,,,,,,,,0,0,1,3816,0.5,0.5,0.5,0.5,0.5,0.5,0.5,0.5,0.5,0.5,0.5
202507021508,41,Adversary,Verbal,0.5,0,2,0,0.0,1,-1,1,1,1,1,EN,,,,,,,,,,,0,0,1,3817,0.5,0.5,0.5,0.5,0.5,0.5,0.5,0.5,0.5,0.5,0.5
202507021508,42,Adversary,Verbal,0.5,0,2,0,0.0,2,0,0,1,0,-1,EN,,,,,,,,,,,1,-1,1,3818,0.5,0.5,0.5,0.5,0.5,0.5,0.5,0.5,0.5,0.5,0.5
202507021508,43,Partner,Verbal,0.5,0,2,0,0.0,0,1,1,1,1,1,EN,,,,,,,,,,,0,1,1,3819,0.5,0.5,0.5,0.5,0.5,0.5,0.5,0.5,0.5,0.5,0.5
202507021508,44,Partner,Verbal,0.5,0,2,0,0.0,1,1,1,1,1,1,EN,,,,,,,,,,,1,0,1,3820,0.5,0.5,0.5,0.5,0.5,0.5,0.5,0.5,0.5,0.5,0.5
202507021508,45,Partner,Verbal,0.5,0,2,0,0.0,2,-1,-1,1,1,0,EN,,,,,,,,,,,1,1,1,3821,0.5,0.5,0.5,0.5,0.5,0.5,0.5,0.5,0.5,0.5,0.5
202507021508,46,Adversary,Verbal,0.5,0,2,0,0.0,0,1,-1,1,1,0,EN,,,,,,,,,,,0,0,1,3822,0.5,0.5,0.5,0.5,0.5,0.5,0.5,0.5,0.5,0.5,0.5
202507021508,48,Adversary,Verbal,0.5,0,2,0,0.0,2,-1,1,1,0,0,EN,,,,,,,,,,,1,-1,1,3823,0.5,0.5,0.5,0.5,0.5,0.5,0.5,0.5,0.5,0.5,0.5
202507021508,49,Partner,Verbal,0.5,0,2,0,0.0,0,1,1,1,0,0,EN,,,,,,,,,,,0,-1,1,3824,0.5,0.5,0.5,0.5,0.5,0.5,0.5,0.5,0.5,0.5,0.5
202507021508,50,Partner,Verbal,0.5,0,2,0,0.0,1,-1,-1,1,1,0,EN,,,,,,,,,,,-1,1,1,3825,0.5,0.5,0.5,0.5,0.5,0.5,0.5,0.5,0.5,0.5,0.5
202507021508,51,Partner,Verbal,0.5,0,2,0,0.0,2,1,1,1,0,0,EN,,,,,,,,,,,0,1,1,3826,0.5,0.5,0.5,0.5,0.5,0.5,0.5,0.5,0.5,0.5,0.5
202507021508,52,Adversary,Verbal,0.5,0,2,0,0.0,0,0,0,1,0,-1,EN,,,,,,,,,,,0,1,1,3827,0.5,0.5,0.5,0.5,0.5,0.5,0.5,0.5,0.5,0.5,0.5
202507021508,53,Adversary,Verbal,0.5,0,2,0,0.0,1,-1,1,1,1,1,EN,,,,,,,,,,,0,0,1,3828,0.5,0.5,0.5,0.5,0.5,0.5,0.5,0.5,0.75,0.75,0.75
202507021508,54,Adversary,Verbal,0.5,0,2,0,0.0,2,-1,1,1,0,0,EN,,,,,,,,,,,1,1,1,3829,0.5,0.5,0.5,0.5,0.5,0.5,0.5,0.5,0.5,0.5,0.5
202507021508,55,Partner,Verbal,0.5,0,2,0,0.0,0,1,1,1,0,0,EN,,,,,,,,,,,1,1,1,3830,0.5,0.5,0.5,0.5,0.5,0.5,0.5,0.5,0.5,0.5,0.5
202507021508,56,Partner,Verbal,0.5,0,2,0,0.0,1,1,1,1,0,0,EN,,,,,,,,,,,-1,-1,1,3831,0.5,0.5,0.5,0.5,0.5,0.5,0.5,0.5,0.5,0.5,0.5
202507021508,57,Partner,Verbal,0.5,0,2,0,0.0,2,1,1,1,0,0,EN,,,,,,,,,,,-1,1,1,3832,0.5,0.5,0.5,0.5,0.5,0.5,0.5,0.5,0.5,0.5,0.5
202507021508,58,Adversary,Verbal,0.5,0,2,0,0.0,0,0,0,1,1,-1,EN,,,,,,,,,,,1,1,1,3833,0.5,0.5,0.5,0.5,0.5,0.5,0.5,0.5,0.5,0.5,0.5
202507021508,59,Adversary,Verbal,0.5,0,2,0,0.0,1,0,0,1,1,-1,EN,,,,,,,,,,,0,1,1,3834,0.5,0.5,0.5,0.5,0.5,0.5,0.5,0.5,0.5,0.5,0.5
202507021508,60,Adversary,Verbal,0.5,0,2,0,0.0,2,1,-1,1,1,0,EN,,,,,,,,,,,1,0,1,3835,0.5,0.5,0.5,0.5,0.5,0.5,0.5,0.5,0.5,0.5,0.5
202507021508,62,Partner,Verbal,0.5,0,2,0,0.0,1,1,1,1,0,0,EN,,,,,,,,,,,1,1,1,3836,0.5,0.5,0.5,0.5,0.5,0.5,0.5,0.5,0.5,0.5,0.5
202507021508,63,Partner,Verbal,0.5,0,2,0,0.0,2,-1,-1,1,1,0,EN,,,,,,,,,,,1,0,1,3837,0.5,0.5,0.5,0.5,0.5,0.5,0.5,0.5,0.5,0.5,0.5
202507021508,64,Adversary,Verbal,0.5,0,2,0,0.0,0,1,-1,1,0,1,EN,,,,,,,,,,,0,1,1,3838,0.5,0.5,0.5,0.5,0.5,0.5,0.5,0.5,0.5,0.5,0.5
202507021508,65,Adversary,Verbal,0.5,0,2,0,0.0,1,-1,1,1,1,1,EN,,,,,,,,,,,1,1,1,3839,0.5,0.5,0.5,0.5,0.5,0.5,0.5,0.5,0.5,0.5,0.5
202507021508,66,Adversary,Verbal,0.5,0,2,0,0.0,2,-1,1,1,0,0,EN,,,,,,,,,,,1,1,1,3840,0.5,0.5,0.5,0.5,0.5,0.5,0.5,0.5,0.5,0.5,0.5
202507021508,67,Partner,Verbal,0.5,0,2,0,0.0,0,-1,-1,1,1,0,EN,,,,,,,,,,,1,-1,1,3841,0.5,0.5,0.5,0.5,0.5,0.5,0.5,0.5,0.5,0.5,0.5
202507021508,68,Partner,Verbal,0.5,0,2,0,0.0,1,-1,-1,1,0,1,EN,,,,,,,,,,,1,1,1,3842,0.5,0.5,0.5,0.5,0.5,0.5,0.5,0.5,0.5,0.5,0.5
202507021508,69,Partner,Verbal,0.5,0,2,0,0.0,2,0,0,1,1,-1,EN,,,,,,,,,,,1,0,1,3843,0.5,0.5,0.5,0.5,0.5,0.5,0.5,0.5,0.5,0.5,0.5
202507021508,70,Adversary,Verbal,0.5,0,2,0,0.0,0,-1,1,1,0,0,EN,,,,,,,,,,,0,1,1,3844,0.5,0.5,0.5,0.5,0.5,0.5,0.5,0.5,0.5,0.5,0.5
202507021508,71,Adversary,Verbal,0.5,0,2,0,0.0,1,1,-1,1,1,0,EN,,,,,,,,,,,-1,0,1,3845,0.5,0.5,0.5,0.5,0.5,0.5,0.5,0.5,0.5,0.5,0.5
202507021508,72,Adversary,Verbal,0.5,0,2,0,0.0,2,1,-1,1,1,0,EN,,,,,,,,,,,1,-1,1,3846,0.5,0.5,0.5,0.5,0.5,0.5,0.5,0.5,0.5,0.5,0.5
202507021508,73,Partner,Verbal,0.5,0,2,0,0.0,0,1,1,1,0,0,EN,,,,,,,,,,,1,-1,1,3847,0.5,0.5,0.5,0.5,0.5,0.5,0.5,0.5,0.5,0.5,0.5
202507021508,74,Partner,Verbal,0.5,0,2,0,0.0,1,-1,-1,1,1,0,EN,,,,,,,,,,,0,1,1,3848,0.5,0.5,0.5,0.5,0.5,0.5,0.5,0.5,0.5,0.5,0.5
202507021508,75,Partner,Verbal,0.5,0,2,0,0.0,2,-1,-1,1,1,0,EN,,,,,,,,,,,1,1,1,3849,0.5,0.5,0.5,0.5,0.5,0.5,0.5,0.5,0.5,0.5,0.5
202507021508,76,Adversary,Verbal,0.5,0,2,0,0.0,0,1,-1,1,1,0,EN,,,,,,,,,,,0,1,1,3850,0.5,0.5,0.5,0.5,0.5,0.5,0.5,0.5,0.5,0.5,0.5
202507021508,77,Adversary,Verbal,0.5,0,2,0,0.0,1,0,0,1,1,-1,EN,,,,,,,,,,,1,1,1,3851,0.5,0.5,0.5,0.5,0.5,0.5,0.5,0.5,0.5,0.5,0.5
202507021508,78,Adversary,Verbal,0.5,0,2,0,0.0,2,1,-1,1,1,0,EN,,,,,,,,,,,1,1,1,3852,0.5,0.5,0.5,0.5,0.5,0.5,0.5,0.5,0.5,0.5,0.5
202507021508,79,Partner,Verbal,0.5,0,2,0,0.0,0,0,0,1,1,-1,EN,,,,,,,,,,,1,0,1,3853,0.5,0.5,0.5,0.5,0.5,0.5,0.5,0.5,0.5,0.5,0.5
202507021508,81,Partner,Verbal,0.5,0,2,0,0.0,2,0,0,1,1,-1,EN,,,,,,,,,,,0,1,1,3854,0.5,0.5,0.5,0.5,0.5,0.5,0.5,0.5,0.75,0.75,0.75
202507021508,82,Adversary,Verbal,0.5,0,2,0,0.0,0,1,-1,1,1,0,EN,,,,,,,,,,,1,1,1,3855,0.5,0.5,0.5,0.5,0.5,0.5,0.5,0.5,0.5,0.5,0.5
202507021508,83,Adversary,Verbal,0.5,0,2,0,0.0,1,1,-1,1,1,0,EN,,,,,,,,,,,1,1,1,3856,0.5,0.5,0.5,0.5,0.5,0.5,0.5,0.5,0.5,0.5,0.5
202507021508,84,Adversary,Verbal,0.5,0,2,0,0.0,2,1,-1,1,0,1,EN,,,,,,,,,,,0,1,1,3857,0.5,0.5,0.5,0.5,0.5,0.5,0.5,0.5,0.5,0.5,0.5
202507021508,86,Partner,Verbal,0.5,0,2,0,0.0,1,0,0,1,1,-1,EN,,,,,,,,,,,1,0,1,3858,0.5,0.5,0.5,0.5,0.5,0.5,0.5,0.5,0.5,0.5,0.5
202507021508,87,Partner,Verbal,0.5,0,2,0,0.0,2,1,1,1,0,0,EN,,,,,,,,,,,1,1,1,3859,0.5,0.5,0.5,0.5,0.5,0.5,0.5,0.5,0.5,0.5,0.5
202507021508,88,Adversary,Verbal,0.5,0,2,0,0.0,0,-1,1,1,0,0,EN,,,,,,,,,,,0,-1,1,3860,0.5,0.5,0.5,0.5,0.5,0.5,0.5,0.5,0.5,0.5,0.5
202507021508,89,Adversary,Verbal,0.5,0,2,0,0.0,1,1,-1,1,1,0,EN,,,,,,,,,,,1,0,1,3861,0.5,0.5,0.5,0.5,0.5,0.5,0.5,0.5,0.5,0.5,0.5
202507021508,90,Adversary,Verbal,0.5,0,2,0,0.0,2,0,0,1,1,-1,EN,,,,,,,,,,,0,0,1,3862,0.5,0.5,0.5,0.5,0.5,0.5,0.5,0.5,0.5,0.5,0.5
202507021508,91,Partner,Verbal,0.5,0,2,0,0.0,0,-1,-1,1,1,0,EN,,,,,,,,,,,0,1,1,3863,0.5,0.5,0.5,0.5,0.5,0.5,0.5,0.5,0.5,0.5,0.5
202507021508,92,Partner,Verbal,0.5,0,2,0,0.0,1,-1,-1,1,0,1,EN,,,,,,,,,,,1,1,1,3864,0.5,0.5,0.5,0.5,0.5,0.5,0.5,0.5,0.5,0.5,0.5
202507021508,93,Partner,Verbal,0.5,0,2,0,0.0,2,-1,-1,1,0,1,EN,,,,,,,,,,,1,1,1,3865,0.5,0.5,0.5,0.5,0.5,0.5,0.5,0.5,0.5,0.5,0.5
202507021508,94,Adversary,Verbal,0.5,0,2,0,0.0,0,-1,1,1,0,0,EN,,,,,,,,,,,1,1,1,3866,0.5,0.5,0.5,0.5,0.5,0.5,0.5,0.5,0.5,0.5,0.5
202507021508,95,Adversary,Verbal,0.5,0,2,0,0.0,1,0,0,1,1,-1,EN,,,,,,,,,,,1,0,1,3867,0.5,0.5,0.5,0.5,0.5,0.5,0.5,0.5,0.5,0.5,0.5
202507021508,96,Adversary,Verbal,0.5,0,2,0,0.0,2,-1,1,1,0,0,EN,,,,,,,,,,,1,1,1,3868,0.5,0.5,0.5,0.5,0.5,0.5,0.5,0.5,0.5,0.5,0.5
202507021508,97,Partner,Verbal,0.5,0,2,0,0.0,0,0,0,1,0,-1,EN,,,,,,,,,,,1,-1,1,3869,0.5,0.5,0.5,0.5,0.5,0.5,0.5,0.5,0.5,0.5,0.5
202507021508,98,Partner,Verbal,0.5,0,2,0,0.0,1,1,1,1,0,0,EN,,,,,,,,,,,0,1,1,3870,0.5,0.5,0.5,0.5,0.5,0.5,0.5,0.5,0.5,0.5,0.5
202507021508,99,Partner,Verbal,0.5,0,2,0,0.0,2,1,1,1,1,1,EN,,,,,,,,,,,1,0,1,3871,0.5,0.5,0.5,0.5,0.5,0.5,0.5,0.5,0.5,0.5,0.5
202507021508,100,Adversary,Verbal,0.5,0,2,0,0.0,0,-1,1,1,0,0,EN,,,,,,,,,,,1,1,1,3872,0.5,0.5,0.5,0.5,0.5,0.5,0.5,0.5,0.5,0.5,0.5
202507021508,101,Adversary,Verbal,0.5,0,2,0,0.0,1,1,-1,1,1,0,EN,,,,,,,,,,,0,0,1,3873,0.5,0.5,0.5,0.5,0.5,0.5,0.5,0.5,0.5,0.5,0.5
202507021508,102,Adversary,Verbal,0.5,0,2,0,0.0,2,-1,1,1,0,0,EN,,,,,,,,,,,0,1,1,3874,0.5,0.5,0.5,0.5,0.5,0.5,0.5,0.5,0.5,0.5,0.5
202507021508,104,Partner,Verbal,0.5,0,2,0,0.0,1,1,1,1,0,0,EN,,,,,,,,,,,0,1,1,3875,0.5,0.5,0.5,0.5,0.5,0.5,0.5,0.5,0.5,0.5,0.5
202507021508,105,Partner,Verbal,0.5,0,2,0,0.0,2,-1,-1,1,1,0,EN,,,,,,,,,,,1,0,1,3876,0.5,0.5,0.5,0.5,0.5,0.5,0.5,0.5,0.5,0.5,0.5
202507021508,106,Adversary,Verbal,0.5,0,2,0,0.0,0,-1,1,1,0,0,EN,,,,,,,,,,,1,1,1,3877,0.5,0.5,0.5,0.5,0.5,0.5,0.5,0.5,0.5,0.5,0.5
202507021508,107,Adversary,Verbal,0.5,0,2,0,0.0,1,-1,1,1,0,0,EN,,,,,,,,,,,1,1,1,3878,0.5,0.5,0.5,0.5,0.5,0.5,0.5,0.5,0.5,0.5,0.5
202507021508,108,Adversary,Verbal,0.5,0,2,0,0.0,2,1,-1,1,1,0,EN,,,,,,,,,,,1,0,1,3879,0.5,0.5,0.5,0.5,0.5,0.5,0.5,0.5,0.5,0.5,0.5
202507021508,110,Partner,Verbal,0.5,0,2,0,0.0,1,1,1,1,0,0,EN,,,,,,,,,,,1,1,1,3880,0.5,0.5,0.5,0.5,0.5,0.5,0.5,0.5,0.5,0.5,0.5
202507021508,111,Partner,Verbal,0.5,0,2,0,0.0,2,1,1,1,0,0,EN,,,,,,,,,,,1,-1,1,3881,0.5,0.5,0.5,0.5,0.5,0.5,0.5,0.5,0.5,0.5,0.5
202507021508,113,Adversary,Verbal,0.5,0,2,0,0.0,1,-1,1,1,1,1,EN,,,,,,,,,,,0,0,1,3882,0.5,0.5,0.5,0.5,0.5,0.5,0.5,0.5,0.75,0.75,0.75
202507021508,114,Adversary,Verbal,0.5,0,2,0,0.0,2,0,0,1,0,-1,EN,,,,,,,,,,,0,1,1,3883,0.5,0.5,0.5,0.5,0.5,0.5,0.5,0.5,0.5,0.5,0.5
202507021508,115,Partner,Verbal,0.5,0,2,0,0.0,0,1,1,1,1,1,EN,,,,,,,,,,,1,0,1,3884,0.5,0.5,0.5,0.5,0.5,0.5,0.5,0.5,0.5,0.5,0.5
202507021508,116,Partner,Verbal,0.5,0,2,0,0.0,1,1,1,1,0,0,EN,,,,,,,,,,,-1,-1,1,3885,0.5,0.5,0.5,0.5,0.5,0.5,0.5,0.5,0.5,0.5,0.5
202507021508,117,Partner,Verbal,0.5,0,2,0,0.0,2,-1,-1,1,1,0,EN,,,,,,,,,,,1,1,1,3886,0.5,0.5,0.5,0.5,0.5,0.5,0.5,0.5,0.5,0.5,0.5
202507021508,118,Adversary,Verbal,0.5,0,2,0,0.0,0,-1,1,1,1,1,EN,,,,,,,,,,,0,0,1,3887,0.5,0.5,0.5,0.5,0.5,0.5,0.5,0.5,0.5,0.5,0.5
202507021508,120,Adversary,Verbal,0.5,0,2,0,0.0,2,-1,1,1,1,1,EN,,,,,,,,,,,1,-1,1,3888,0.5,0.5,0.5,0.5,0.5,0.5,0.5,0.5,0.5,0.5,0.5
202507021508,121,Partner,Verbal,0.5,0,2,0,0.0,0,1,1,1,1,1,EN,,,,,,,,,,,1,0,1,3889,0.5,0.5,0.5,0.5,0.5,0.5,0.5,0.5,0.5,0.5,0.5
202507021508,122,Partner,Verbal,0.5,0,2,0,0.0,1,1,1,1,1,1,EN,,,,,,,,,,,1,1,1,3890,0.5,0.5,0.5,0.5,0.5,0.5,0.5,0.5,0.75,0.75,0.75
202507021508,123,Partner,Verbal,0.5,0,2,0,0.0,2,0,0,1,1,-1,EN,,,,,,,,,,,1,1,1,3891,0.5,0.5,0.5,0.5,0.5,0.5,0.5,0.5,0.5,0.5,0.5
202507021508,124,Adversary,Verbal,0.5,0,2,0,0.0,0,-1,1,1,1,1,EN,,,,,,,,,,,0,0,1,3892,0.5,0.5,0.5,0.5,0.5,0.5,0.5,0.5,0.5,0.5,0.5
202507021508,126,Adversary,Verbal,0.5,0,2,0,0.0,2,0,0,1,1,-1,EN,,,,,,,,,,,1,0,1,3893,0.5,0.5,0.5,0.5,0.5,0.5,0.5,0.5,0.5,0.5,0.5
202507021508,127,Partner,Verbal,0.5,0,2,0,0.0,0,-1,-1,1,0,1,EN,,,,,,,,,,,0,1,1,3894,0.5,0.5,0.5,0.5,0.5,0.5,0.5,0.5,0.5,0.5,0.5
202507021508,128,Partner,Verbal,0.5,0,2,0,0.0,1,0,0,1,1,-1,EN,,,,,,,,,,,1,1,1,3895,0.5,0.5,0.5,0.5,0.5,0.5,0.5,0.5,0.5,0.5,0.5
202507021508,129,Partner,Verbal,0.5,0,2,0,0.0,2,1,1,1,0,0,EN,,,,,,,,,,,1,1,1,3896,0.5,0.5,0.5,0.5,0.5,0.5,0.5,0.5,0.5,0.5,0.5
202507021508,130,Adversary,Verbal,0.5,0,2,0,0.0,0,0,0,1,0,-1,EN,,,,,,,,,,,1,-1,1,3897,0.5,0.5,0.5,0.5,0.5,0.5,0.5,0.5,0.5,0.5,0.5
202507021508,131,Adversary,Verbal,0.5,0,2,0,0.0,1,1,-1,1,1,0,EN,,,,,,,,,,,0,0,1,3898,0.5,0.5,0.5,0.5,0.5,0.5,0.5,0.5,0.5,0.5,0.5
202507021508,132,Adversary,Verbal,0.5,0,2,0,0.0,2,-1,1,1,0,0,EN,,,,,,,,,,,0,-1,1,3899,0.5,0.5,0.5,0.5,0.5,0.5,0.5,0.5,0.5,0.5,0.5
202507021508,133,Partner,Verbal,0.5,0,2,0,0.0,0,1,1,1,1,1,EN,,,,,,,,,,,0,0,1,3900,0.5,0.5,0.5,0.5,0.5,0.5,0.5,0.5,0.5,0.5,0.5
202507021508,134,Partner,Verbal,0.5,0,2,0,0.0,1,1,1,1,0,0,EN,,,,,,,,,,,1,1,1,3901,0.5,0.5,0.5,0.5,0.5,0.5,0.5,0.5,0.5,0.5,0.5
202507021508,135,Partner,Verbal,0.5,0,2,0,0.0,2,-1,-1,1,1,0,EN,,,,,,,,,,,1,0,1,3902,0.5,0.5,0.5,0.5,0.5,0.5,0.5,0.5,0.5,0.5,0.5
202507021508,136,Adversary,Verbal,0.5,0,2,0,0.0,0,1,-1,1,0,1,EN,,,,,,,,,,,0,-1,1,3903,0.5,0.5,0.5,0.5,0.5,0.5,0.5,0.5,0.5,0.5,0.5
202507021508,137,Adversary,Verbal,0.5,0,2,0,0.0,1,-1,1,1,0,0,EN,,,,,,,,,,,1,1,1,3904,0.5,0.5,0.5,0.5,0.5,0.5,0.5,0.5,0.5,0.5,0.5
202507021508,138,Adversary,Verbal,0.5,0,2,0,0.0,2,1,-1,1,1,0,EN,,,,,,,,,,,0,1,1,3905,0.5,0.5,0.5,0.5,0.5,0.5,0.5,0.5,0.5,0.5,0.5
202507021508,139,Partner,Verbal,0.5,0,2,0,0.0,0,-1,-1,1,1,0,EN,,,,,,,,,,,0,1,1,3906,0.5,0.5,0.5,0.5,0.5,0.5,0.5,0.5,0.5,0.5,0.5
202507021508,140,Partner,Verbal,0.5,0,2,0,0.0,1,-1,-1,1,0,1,EN,,,,,,,,,,,1,1,1,3907,0.5,0.5,0.5,0.5,0.5,0.5,0.5,0.5,0.5,0.5,0.5
202507021508,141,Partner,Verbal,0.5,0,2,0,0.0,2,-1,-1,1,0,1,EN,,,,,,,,,,,0,-1,1,3908,0.5,0.5,0.5,0.5,0.5,0.5,0.5,0.5,0.5,0.5,0.5
202507021508,143,Adversary,Verbal,0.5,0,2,0,0.0,1,-1,1,1,0,0,EN,,,,,,,,,,,1,1,1,3909,0.5,0.5,0.5,0.5,0.5,0.5,0.5,0.5,0.5,0.5,0.5
202507021508,144,Adversary,Verbal,0.5,0,2,0,0.0,2,-1,1,1,0,0,EN,,,,,,,,,,,1,1,1,3910,0.5,0.5,0.5,0.5,0.5,0.5,0.5,0.5,0.5,0.5,0.5
202507021508,145,Partner,Verbal,0.5,0,2,0,0.0,0,-1,-1,1,0,1,EN,,,,,,,,,,,1,1,1,3911,0.5,0.5,0.5,0.5,0.5,0.5,0.5,0.5,0.5,0.5,0.5
202507021508,146,Partner,Verbal,0.5,0,2,0,0.0,1,0,0,1,0,-1,EN,,,,,,,,,,,1,1,1,3912,0.5,0.5,0.5,0.5,0.5,0.5,0.5,0.5,0.5,0.5,0.5
202507021508,147,Partner,Verbal,0.5,0,2,0,0.0,2,1,1,1,0,0,EN,,,,,,,,,,,1,1,1,3913,0.5,0.5,0.5,0.5,0.5,0.5,0.5,0.5,0.5,0.5,0.5
202507021508,149,Adversary,Verbal,0.5,0,2,0,0.0,1,1,-1,1,0,1,EN,,,,,,,,,,,0,1,1,3914,0.5,0.5,0.5,0.5,0.5,0.5,0.5,0.5,0.5,0.5,0.5
202507021508,150,Adversary,Verbal,0.5,0,2,0,0.0,2,0,0,1,0,-1,EN,,,,,,,,,,,0,1,1,3915,0.5,0.5,0.5,0.5,0.5,0.5,0.5,0.5,0.5,0.5,0.5
202507021508,151,Partner,Verbal,0.5,0,2,0,0.0,0,-1,-1,1,0,1,EN,,,,,,,,,,,1,-1,1,3916,0.5,0.5,0.5,0.5,0.5,0.5,0.5,0.5,0.5,0.5,0.5
202507021508,152,Partner,Verbal,0.5,0,2,0,0.0,1,1,1,1,0,0,EN,,,,,,,,,,,1,1,1,3917,0.5,0.5,0.5,0.5,0.5,0.5,0.5,0.5,0.5,0.5,0.5
202507021508,153,Partner,Verbal,0.5,0,2,0,0.0,2,1,1,1,1,1,EN,,,,,,,,,,,1,1,1,3918,0.5,0.5,0.5,0.5,0.5,0.5,0.5,0.5,0.5,0.5,0.5
202507021508,154,Adversary,Verbal,0.5,0,2,0,0.0,0,0,0,1,1,-1,EN,,,,,,,,,,,0,0,1,3919,0.5,0.5,0.5,0.5,0.5,0.5,0.5,0.5,0.5,0.5,0.5
202507021508,155,Adversary,Verbal,0.5,0,2,0,0.0,1,-1,1,1,0,0,EN,,,,,,,,,,,-1,1,1,3920,0.5,0.5,0.5,0.5,0.5,0.5,0.5,0.5,0.5,0.5,0.5
202507030834,1,Partner,Verbal,0.5,1,2,0,0.0,2,-1,-1,0,0,0,EN,,,,,,,,,,,-1,1,1,3921,0.5,0.5,0.5,0.5,0.5,0.5,0.5,0.5,0.5,0.5,0.5
202507030834,2,Adversary,Verbal,0.5,1,2,0,0.0,2,-1,1,0,1,0,EN,,,,,,,,,,,1,1,1,3922,0.5,0.5,0.5,0.5,0.5,0.5,0.5,0.5,0.5,0.5,0.5
202507030834,3,Partner,Verbal,0.5,1,2,0,0.0,2,-1,-1,1,1,0,EN,,,,,,,,,,,1,1,1,3923,0.5,0.5,0.5,0.5,0.5,0.5,0.5,0.5,0.5,0.5,0.5
202507030834,4,Adversary,Verbal,0.5,1,2,0,0.0,2,-1,1,1,0,0,EN,,,,,,,,,,,0,-1,1,3924,0.5,0.5,0.5,0.5,0.5,0.5,0.5,0.5,0.5,0.5,0.5
202507030834,5,Partner,Verbal,0.5,1,2,0,0.0,2,1,1,1,0,0,EN,,,,,,,,,,,1,1,1,3925,0.5,0.5,0.5,0.5,0.5,0.5,0.5,0.5,0.5,0.5,0.5
202507030834,6,Adversary,Verbal,0.5,1,2,0,0.0,2,0,0,1,1,-1,EN,,,,,,,,,,,1,-1,1,3926,0.5,0.5,0.5,0.5,0.5,0.5,0.5,0.5,0.5,0.5,0.5
202507030834,7,Partner,Verbal,0.5,1,2,0,0.0,2,-1,-1,1,1,0,EN,,,,,,,,,,,-1,0,1,3927,0.5,0.5,0.5,0.5,0.5,0.5,0.5,0.5,0.5,0.5,0.5
202507030834,8,Adversary,Verbal,0.5,1,2,0,0.0,2,0,0,1,1,-1,EN,,,,,,,,,,,1,1,1,3928,0.5,0.5,0.5,0.5,0.5,0.5,0.5,0.5,0.75,0.75,0.75
202507030834,9,Partner,Verbal,0.5,1,2,0,0.0,2,1,1,1,1,1,EN,,,,,,,,,,,0,0,1,3929,0.5,0.5,0.5,0.5,0.5,0.5,0.5,0.5,0.5,0.5,0.5
202507030834,10,Adversary,Verbal,0.5,1,2,0,0.0,2,-1,1,1,0,0,EN,,,,,,,,,,,1,-1,1,3930,0.5,0.5,0.5,0.5,0.5,0.5,0.5,0.5,0.5,0.5,0.5
202507030834,11,Partner,Verbal,0.5,1,2,0,0.0,2,0,0,1,1,-1,EN,,,,,,,,,,,1,-1,1,3931,0.5,0.5,0.5,0.5,0.5,0.5,0.5,0.5,0.5,0.5,0.5
202507030834,12,Adversary,Verbal,0.5,1,2,0,0.0,2,-1,1,1,0,0,EN,,,,,,,,,,,1,1,1,3932,0.5,0.5,0.5,0.5,0.5,0.5,0.5,0.5,0.5,0.5,0.5
202507030834,13,Partner,Verbal,0.5,1,2,0,0.0,2,1,1,1,0,0,EN,,,,,,,,,,,1,-1,1,3933,0.5,0.5,0.5,0.5,0.5,0.5,0.5,0.5,0.5,0.5,0.5
202507030834,14,Adversary,Verbal,0.5,1,2,0,0.0,2,1,-1,1,0,1,EN,,,,,,,,,,,1,1,1,3934,0.5,0.5,0.5,0.5,0.5,0.5,0.5,0.5,0.5,0.5,0.5
202507030834,15,Partner,Verbal,0.5,1,2,0,0.0,2,1,1,1,0,0,EN,,,,,,,,,,,1,-1,1,3935,0.5,0.5,0.5,0.5,0.5,0.5,0.5,0.5,0.5,0.5,0.5
202507030834,17,Partner,Verbal,0.5,1,2,0,0.0,2,1,1,1,0,0,EN,,,,,,,,,,,1,1,1,3936,0.5,0.5,0.5,0.5,0.5,0.5,0.5,0.5,0.5,0.5,0.5
202507030834,18,Adversary,Verbal,0.5,1,2,0,0.0,2,0,0,1,1,-1,EN,,,,,,,,,,,0,0,1,3937,0.5,0.5,0.5,0.5,0.5,0.5,0.5,0.5,0.75,0.75,0.75
202507030834,19,Partner,Verbal,0.5,1,2,0,0.0,2,1,1,1,0,0,EN,,,,,,,,,,,-1,1,1,3938,0.5,0.5,0.5,0.5,0.5,0.5,0.5,0.5,0.5,0.5,0.5
202507030834,20,Adversary,Verbal,0.5,1,2,0,0.0,2,-1,1,1,0,0,EN,,,,,,,,,,,1,1,1,3939,0.5,0.5,0.5,0.5,0.5,0.5,0.5,0.5,0.5,0.5,0.5
202507030834,21,Partner,Verbal,0.5,1,2,0,0.0,2,0,0,1,0,-1,EN,,,,,,,,,,,1,1,1,3940,0.5,0.5,0.5,0.5,0.5,0.5,0.5,0.5,0.5,0.5,0.5
202507030834,22,Adversary,Verbal,0.5,1,2,0,0.0,2,-1,1,1,0,0,EN,,,,,,,,,,,-1,1,1,3941,0.5,0.5,0.5,0.5,0.5,0.5,0.5,0.5,0.5,0.5,0.5
202507030834,23,Partner,Verbal,0.5,1,2,0,0.0,2,-1,-1,1,1,0,EN,,,,,,,,,,,1,1,1,3942,0.5,0.5,0.5,0.5,0.5,0.5,0.5,0.5,0.5,0.5,0.5
202507030834,24,Adversary,Verbal,0.5,1,2,0,0.0,2,1,-1,1,1,0,EN,,,,,,,,,,,0,0,1,3943,0.5,0.5,0.5,0.5,0.5,0.5,0.5,0.5,0.5,0.5,0.5
202507030834,25,Partner,Verbal,0.5,1,2,0,0.0,2,0,0,1,1,-1,EN,,,,,,,,,,,1,1,1,3944,0.5,0.5,0.5,0.5,0.5,0.5,0.5,0.5,0.5,0.5,0.5
202507031140,1,Partner,NonVerbal,0.5,0,2,1,0.0,-1,-1,-1,0,1,1,EN,,,,,,,,,,,0,0,1,3945,0.5,0.5,0.517995495201433,0.5365062293376864,0.6226712512179824,0.6739526012696229,0.6756212895402127,0.6807619406859091,0.6923381495984153,0.7034548587657157,0.7154290286149622
202507031140,2,Partner,NonVerbal,0.5,0,2,1,0.0,-1,1,1,1,0,0,EN,,,,,,,,,,,-1,1,1,3946,0.5,0.5,0.4797113943407943,0.3969888991514869,0.3232110489997418,0.30669471429638223,0.2842143719879475,0.26612583933921047,0.3430845072672687,0.3892930913999143,0.3882438736082464
202507031146,1,Partner,NonVerbal,0.5,0,2,1,0.5,-1,-1,-1,0,0,0,EN,,,,,,,,,,,0,1,1,3947,0.5,0.5,0.45588771528046357,0.4088505526739129,0.3499715630045861,0.3148627424006426,0.3123918337571856,0.3009129284361903,0.28626298972426883,0.28143568120506285,0.3054590607596286
202507031423,1,Partner,Verbal,0.5,1,2,0,0.0,2,0,0,0,1,-1,EN,,,,,,,,,,,1,0,1,3948,0.5,0.5,0.5,0.5,0.5,0.5,0.5,0.5,0.5,0.5,0.5
202507031423,2,Adversary,Verbal,0.5,1,2,0,0.0,2,1,-1,0,0,0,EN,,,,,,,,,,,-1,1,1,3949,0.5,0.5,0.5,0.5,0.5,0.5,0.5,0.5,0.5,0.5,0.5
202507031423,3,Partner,Verbal,0.5,1,2,0,0.0,2,0,0,1,1,-1,EN,,,,,,,,,,,1,1,1,3950,0.5,0.5,0.5,0.5,0.5,0.5,0.5,0.5,0.5,0.5,0.5
202507031423,4,Adversary,Verbal,0.5,1,2,0,0.0,2,-1,1,1,0,0,EN,,,,,,,,,,,1,-1,1,3951,0.5,0.5,0.5,0.5,0.5,0.5,0.5,0.5,0.5,0.5,0.5
202507031423,6,Adversary,Verbal,0.5,1,2,0,0.0,2,-1,1,1,1,1,EN,,,,,,,,,,,-1,0,1,3952,0.5,0.5,0.5,0.5,0.5,0.5,0.5,0.5,0.5,0.5,0.5
202507031423,7,Partner,Verbal,0.5,1,2,0,0.0,2,1,1,1,1,1,EN,,,,,,,,,,,-1,1,1,3953,0.5,0.5,0.5,0.5,0.5,0.5,0.5,0.5,0.5,0.5,0.5
202507031423,8,Adversary,Verbal,0.5,1,2,0,0.0,2,0,0,1,1,-1,EN,,,,,,,,,,,-1,-1,1,3954,0.5,0.5,0.5,0.5,0.5,0.5,0.5,0.5,0.5,0.5,0.5
202507031423,9,Partner,Verbal,0.5,1,2,0,0.0,2,0,0,1,0,-1,EN,,,,,,,,,,,1,1,1,3955,0.5,0.5,0.5,0.5,0.5,0.5,0.5,0.5,0.5,0.5,0.5
202507031423,10,Adversary,Verbal,0.5,1,2,0,0.0,2,1,-1,1,1,0,EN,,,,,,,,,,,-1,-1,1,3956,0.5,0.5,0.5,0.5,0.5,0.5,0.5,0.5,0.5,0.5,0.5
202507031423,11,Partner,Verbal,0.5,1,2,0,0.0,2,1,1,1,1,1,EN,,,,,,,,,,,1,0,1,3957,0.5,0.5,0.5,0.5,0.5,0.5,0.5,0.5,0.5,0.5,0.5
202507031423,13,Partner,Verbal,0.5,1,2,0,0.0,2,0,0,1,1,-1,EN,,,,,,,,,,,-1,0,1,3958,0.5,0.5,0.5,0.5,0.5,0.5,0.5,0.5,0.5,0.5,0.5
202507031423,15,Partner,Verbal,0.5,1,2,0,0.0,2,1,1,1,0,0,EN,,,,,,,,,,,-1,1,1,3959,0.5,0.5,0.5,0.5,0.5,0.5,0.5,0.5,0.5,0.5,0.5
202507031423,16,Adversary,Verbal,0.5,1,2,0,0.0,2,-1,1,1,0,0,EN,,,,,,,,,,,-1,-1,1,3960,0.5,0.5,0.5,0.5,0.5,0.5,0.5,0.5,0.5,0.5,0.5
202507031423,17,Partner,Verbal,0.5,1,2,0,0.0,2,-1,-1,1,1,0,EN,,,,,,,,,,,-1,-1,1,3961,0.5,0.5,0.5,0.5,0.5,0.5,0.5,0.5,0.5,0.5,0.5
202507031423,19,Partner,Verbal,0.5,1,2,0,0.0,2,1,1,1,0,0,EN,,,,,,,,,,,-1,-1,1,3962,0.5,0.5,0.5,0.5,0.5,0.5,0.5,0.5,0.5,0.5,0.5
202507031423,20,Adversary,Verbal,0.5,1,2,0,0.0,2,1,-1,1,1,0,EN,,,,,,,,,,,-1,0,1,3963,0.5,0.5,0.5,0.5,0.5,0.5,0.5,0.5,0.5,0.5,0.5
202507031423,21,Partner,Verbal,0.5,1,2,0,0.0,2,0,0,1,1,-1,EN,,,,,,,,,,,-1,1,1,3964,0.5,0.5,0.5,0.5,0.5,0.5,0.5,0.5,0.5,0.5,0.5
202507031423,23,Partner,Verbal,0.5,1,2,0,0.0,2,-1,-1,1,1,0,EN,,,,,,,,,,,-1,-1,1,3965,0.5,0.5,0.5,0.5,0.5,0.5,0.5,0.5,0.75,0.75,0.75
202507031423,24,Adversary,Verbal,0.5,1,2,0,0.0,2,1,-1,1,1,0,EN,,,,,,,,,,,-1,1,1,3966,0.5,0.5,0.5,0.5,0.5,0.5,0.5,0.5,0.5,0.5,0.5
202507031423,25,Partner,Verbal,0.5,1,2,0,0.0,2,1,1,1,0,0,EN,,,,,,,,,,,0,-1,1,3967,0.5,0.5,0.5,0.5,0.5,0.5,0.5,0.5,0.5,0.5,0.5
202507031423,26,Adversary,Verbal,0.5,1,2,0,0.0,2,1,-1,1,1,0,EN,,,,,,,,,,,1,0,1,3968,0.5,0.5,0.5,0.5,0.5,0.5,0.5,0.5,0.5,0.5,0.5
202507031423,28,Adversary,Verbal,0.5,1,2,0,0.0,2,-1,1,1,0,0,EN,,,,,,,,,,,-1,-1,1,3969,0.5,0.5,0.5,0.5,0.5,0.5,0.5,0.5,0.5,0.5,0.5
202507031423,29,Partner,Verbal,0.5,1,2,0,0.0,2,1,1,1,0,0,EN,,,,,,,,,,,-1,-1,1,3970,0.5,0.5,0.5,0.5,0.5,0.5,0.5,0.5,0.5,0.5,0.5
202507031423,30,Adversary,Verbal,0.5,1,2,0,0.0,2,0,0,1,0,-1,EN,,,,,,,,,,,-1,1,1,3971,0.5,0.5,0.5,0.5,0.5,0.5,0.5,0.5,0.5,0.5,0.5
202507031423,31,Partner,Verbal,0.5,1,2,0,0.0,2,0,0,1,1,-1,EN,,,,,,,,,,,1,-1,1,3972,0.5,0.5,0.5,0.5,0.5,0.5,0.5,0.5,0.5,0.5,0.5
202507031423,32,Adversary,Verbal,0.5,1,2,0,0.0,2,0,0,1,1,-1,EN,,,,,,,,,,,-1,0,1,3973,0.5,0.5,0.5,0.5,0.5,0.5,0.5,0.5,0.75,0.75,0.75
202507031423,34,Adversary,Verbal,0.5,1,2,0,0.0,2,1,-1,1,1,0,EN,,,,,,,,,,,1,1,1,3974,0.5,0.5,0.5,0.5,0.5,0.5,0.5,0.5,0.5,0.5,0.5
202507031847,1,Adversary,Verbal,0.5,0,2,0,0.0,1,1,-1,0,0,0,EN,,,,,,,,,,,-1,1,1,3975,0.5,0.5,0.5,0.5,0.5,0.5,0.5,0.5,0.5,0.5,0.5
202507031847,3,Adversary,Verbal,0.5,0,2,0,0.0,1,1,-1,1,1,0,EN,,,,,,,,,,,-1,0,1,3976,0.5,0.5,0.5,0.5,0.5,0.5,0.5,0.5,0.5,0.5,0.5
202507031847,5,Adversary,Verbal,0.5,0,2,0,0.0,1,1,-1,1,0,1,EN,,,,,,,,,,,1,1,1,3977,0.5,0.5,0.5,0.5,0.5,0.5,0.5,0.5,0.5,0.5,0.5
202507031847,6,Adversary,Verbal,0.5,0,2,0,0.0,1,1,-1,1,0,1,EN,,,,,,,,,,,-1,1,1,3978,0.5,0.5,0.5,0.5,0.5,0.5,0.5,0.5,0.5,0.5,0.5
202507031847,7,Adversary,Verbal,0.5,0,2,0,0.0,1,0,0,1,1,-1,EN,,,,,,,,,,,-1,0,1,3979,0.5,0.5,0.5,0.5,0.5,0.5,0.5,0.5,0.75,0.75,0.75
202507031847,9,Adversary,Verbal,0.5,0,2,0,0.0,1,1,-1,1,0,1,EN,,,,,,,,,,,-1,1,1,3980,0.5,0.5,0.5,0.5,0.5,0.5,0.5,0.5,0.5,0.5,0.5
202507031847,10,Adversary,Verbal,0.5,0,2,0,0.0,1,1,-1,1,1,0,EN,,,,,,,,,,,-1,1,1,3981,0.5,0.5,0.5,0.5,0.5,0.5,0.5,0.5,0.75,0.75,0.75
202507031847,11,Adversary,Verbal,0.5,0,2,0,0.0,1,0,0,1,1,-1,EN,,,,,,,,,,,-1,0,1,3982,0.5,0.5,0.5,0.5,0.5,0.5,0.5,0.5,0.5,0.5,0.5
202507031847,12,Adversary,Verbal,0.5,0,2,0,0.0,1,1,-1,1,1,0,EN,,,,,,,,,,,-1,1,1,3983,0.5,0.5,0.5,0.5,0.5,0.5,0.5,0.5,0.5,0.5,0.5
202507032040,1,Partner,Verbal,0.5,0,2,0,0.0,0,0,0,0,1,-1,EN,,,,,,,,,,,-1,-1,1,3984,0.5,0.5,0.5,0.5,0.5,0.5,0.5,0.5,0.5,0.5,0.5
202507032040,3,Partner,Verbal,0.5,0,2,0,0.0,0,1,1,1,0,0,EN,,,,,,,,,,,-1,-1,1,3985,0.5,0.5,0.5,0.5,0.5,0.5,0.5,0.5,0.5,0.5,0.5
202507032040,4,Partner,Verbal,0.5,0,2,0,0.0,1,-1,-1,1,1,0,EN,,,,,,,,,,,-1,1,1,3986,0.5,0.5,0.5,0.5,0.5,0.5,0.5,0.5,0.5,0.5,0.5
202507032040,5,Partner,Verbal,0.5,0,2,0,0.0,0,1,1,1,0,0,EN,,,,,,,,,,,-1,1,1,3987,0.5,0.5,0.5,0.5,0.5,0.5,0.5,0.5,0.5,0.5,0.5
202507032040,6,Partner,Verbal,0.5,0,2,0,0.0,1,1,1,1,0,0,EN,,,,,,,,,,,1,1,1,3988,0.5,0.5,0.5,0.5,0.5,0.5,0.5,0.5,0.5,0.5,0.5
202507032040,7,Partner,Verbal,0.5,0,2,0,0.0,0,1,1,1,0,0,EN,,,,,,,,,,,-1,-1,1,3989,0.5,0.5,0.5,0.5,0.5,0.5,0.5,0.5,0.5,0.5,0.5
202507032040,8,Partner,Verbal,0.5,0,2,0,0.0,1,1,1,1,0,0,EN,,,,,,,,,,,1,-1,1,3990,0.5,0.5,0.5,0.5,0.5,0.5,0.5,0.5,0.5,0.5,0.5
202507032140,1,Adversary,Verbal,0.5,0,2,0,0.0,0,1,-1,0,0,0,EN,,,,,,,,,,,-1,1,1,3991,0.5,0.5,0.5,0.5,0.5,0.5,0.5,0.5,0.5,0.5,0.5
202507032140,2,Adversary,Verbal,0.5,1,2,0,0.0,2,1,-1,0,0,0,EN,,,,,,,,,,,-1,1,1,3992,0.5,0.5,0.5,0.5,0.5,0.5,0.5,0.5,0.5,0.5,0.5
202507032140,4,Adversary,Verbal,0.5,1,2,0,0.0,2,-1,1,1,0,0,EN,,,,,,,,,,,1,1,1,3993,0.5,0.5,0.5,0.5,0.5,0.5,0.5,0.5,0.5,0.5,0.5
202507032140,5,Adversary,Verbal,0.5,0,2,0,0.0,0,-1,1,1,0,0,EN,,,,,,,,,,,-1,1,1,3994,0.5,0.5,0.5,0.5,0.5,0.5,0.5,0.5,0.5,0.5,0.5
202507032140,6,Adversary,Verbal,0.5,1,2,0,0.0,2,-1,1,1,0,0,EN,,,,,,,,,,,-1,-1,1,3995,0.5,0.5,0.5,0.5,0.5,0.5,0.5,0.5,0.5,0.5,0.5
202507032140,7,Adversary,Verbal,0.5,0,2,0,0.0,0,-1,1,1,0,0,EN,,,,,,,,,,,-1,1,1,3996,0.5,0.5,0.5,0.5,0.5,0.5,0.5,0.5,0.5,0.5,0.5
202507032140,9,Adversary,Verbal,0.5,0,2,0,0.0,0,-1,1,1,1,1,EN,,,,,,,,,,,-1,0,1,3997,0.5,0.5,0.5,0.5,0.5,0.5,0.5,0.5,0.5,0.5,0.5
202507032237,2,Adversary,Verbal,0.5,0,2,0,0.0,0,1,-1,1,1,0,EN,,,,,,,,,,,-1,-1,1,3998,0.5,0.5,0.5,0.5,0.5,0.5,0.5,0.5,0.5,0.5,0.5
202507032248,1,Partner,Verbal,0.5,0,2,0,0.0,1,1,1,0,1,0,EN,,,,,,,,,,,-1,-1,1,3999,0.5,0.5,0.5,0.5,0.5,0.5,0.5,0.5,0.5,0.5,0.5
